0.447730530649234E-02
-0.203849000105907E-01
-0.299609715996555E-01
0.197683995613429E-02
0.216158006410534E-01
0.727961474447650E-02
0.867395540537659E-02
0.126840954385871E-01
0.533970770039928E-02
0.451708112404297E-02
-0.139253075614920E-02
-0.101248207690342E-03
0.148059346830843E-02
-0.423726219664564E-01
-0.801291919544079E-02
0.383468849365186E-02
0.451874433574741E-02
-0.264664886619944E-01
0.797815305514220E-02
0.137179215261835E-02
0.563227790587677E-02
0.365069559288273E-02
-0.641536102166091E-02
0.119940577618522E-01
0.422180646071557E-03
-0.119756667107703E-01
0.147004441074142E-01
0.316580565409719E-02
-0.441456225578599E-02
0.466785144922238E-02
-0.187148106768199E-01
0.130758171991054E-01
-0.985487397043641E-03
-0.155087993785706E-01
-0.624859361343398E-02
0.291412506281532E-01
0.322717742342700E-01
0.598587035073771E-02
-0.532838543956964E-02
-0.205240731302752E-02
0.153151592570864E-01
0.715922940151713E-03
-0.130148076833338E-01
-0.403104512473103E-01
0.217797206918101E-01
-0.122974052008032E-02
0.152292635949029E-01
-0.511811489488013E-02
-0.283185598654328E-01
0.226036080894180E-01
0.174563638116220E-01
0.349697970353521E-01
-0.454464445707707E-02
0.628626210865435E-02
0.331083118135312E-01
0.934642676198917E-02
0.218623554233649E-01
0.856795750764938E-02
0.490126926891577E-01
0.339428420719811E-01
0.166160464358793E-01
-0.496373321143320E-03
0.226789853461646E-01
0.102471883110349E-02
0.226488625141957E-01
0.735207542262815E-02
0.333966228099921E-02
-0.101408399515857E-02
-0.160240703998292E-01
-0.223666736250947E-01
-0.104257528703852E-01
0.777788698241842E-02
0.105740995366350E-01
0.280656993173676E-02
0.133972554453855E-01
-0.218622589641948E-02
-0.466449002361076E-03
-0.618011763830077E-02
-0.163849779805167E-01
0.215484226756671E-01
0.168718284392314E-01
-0.350758359385926E-01
0.231071090094603E-01
-0.193267032732651E-01
-0.619938174694238E-03
0.108174716748349E-01
-0.155091132324137E-01
-0.240629815971778E-01
-0.460853859636338E-02
0.694336323942591E-02
0.128099433338141E-02
0.380723066761551E-03
-0.110125357532186E-01
0.174505818481969E-01
-0.792883716614977E-02
-0.227366394554807E-01
-0.102236690901483E-01
0.672693396989114E-02
0.265704652799528E-01
-0.176054543672108E-01
0.112319761648774E-01
0.239316589230487E-03
-0.651288518405168E-01
0.486773567279545E-01
-0.343300078030737E-01
0.100393021237166E-01
-0.131459158972441E-01
-0.102508563059497E-01
-0.190678479515137E-02
-0.106799056133100E-02
-0.154229139408027E-01
-0.955823984321178E-02
0.419839737044134E-01
-0.567590698336952E-03
0.460035087849272E-02
-0.691037174673423E-02
0.969604741523338E-02
-0.658645245887876E-03
-0.351324424175623E-02
0.107365535306053E-01
0.474922157250047E-03
0.418267804119355E-01
0.324690773773209E-02
0.425268365628860E-02
-0.992673539141002E-02
0.833352619629490E-02
-0.146272956605015E-01
0.335107092704326E-02
-0.842800273162358E-02
0.177692877030432E-01
-0.276606726433909E-01
-0.398318384586717E-01
-0.345008435340296E-01
-0.361551714269234E-01
0.321801072248137E-02
0.863993603912309E-02
0.411598646286079E-01
0.292196773511036E-01
0.684510477177863E-02
-0.298079467685999E-01
-0.935947634283218E-02
-0.522217301469676E-02
-0.291172286873238E-01
0.298327040146283E-01
0.215684531612112E-01
-0.173200483762783E-03
0.561902023062386E-02
-0.262173469164449E-02
-0.149000062404512E-01
0.109960822105926E-01
