4.515645980834960938e+00 8.628969788551330566e-01 8.742865324020385742e-01 8.643667101860046387e-01 8.828103542327880859e-01 

4.490518569946289062e+00 8.692530393600463867e-01 8.803068399429321289e-01 8.722447156906127930e-01 8.876476287841796875e-01 

4.482304096221923828e+00 8.712637424468994141e-01 8.818562626838684082e-01 8.762338161468505859e-01 8.883404135704040527e-01 

4.482364177703857422e+00 8.712055683135986328e-01 8.823087215423583984e-01 8.761484622955322266e-01 8.879864215850830078e-01 

4.472682952880859375e+00 8.736317753791809082e-01 8.849277496337890625e-01 8.786501288414001465e-01 8.901118040084838867e-01 

4.466246128082275391e+00 8.752518296241760254e-01 8.866297602653503418e-01 8.803176879882812500e-01 8.915542364120483398e-01 

4.461654186248779297e+00 8.764095306396484375e-01 8.878219723701477051e-01 8.815209269523620605e-01 8.925942778587341309e-01 

4.459567070007324219e+00 8.769441843032836914e-01 8.883477449417114258e-01 8.821050524711608887e-01 8.930564522743225098e-01 

4.502612590789794922e+00 8.890876173973083496e-01 8.623903989791870117e-01 8.666238188743591309e-01 8.792940378189086914e-01 

4.478324890136718750e+00 8.934856653213500977e-01 8.700342178344726562e-01 8.727954626083374023e-01 8.853356242179870605e-01 

4.470137596130371094e+00 8.946754336357116699e-01 8.732978701591491699e-01 8.745520114898681641e-01 8.873362541198730469e-01 

4.471585750579833984e+00 8.932474851608276367e-01 8.735911250114440918e-01 8.744507431983947754e-01 8.871366977691650391e-01 

4.461551189422607422e+00 8.949573040008544922e-01 8.766086697578430176e-01 8.772507309913635254e-01 8.896337747573852539e-01 

4.457309722900390625e+00 8.956810832023620605e-01 8.779007196426391602e-01 8.784351348876953125e-01 8.906989097595214844e-01 

4.450851917266845703e+00 8.969510197639465332e-01 8.797268271446228027e-01 8.801952004432678223e-01 8.922749757766723633e-01 

4.449382781982421875e+00 8.972113132476806641e-01 8.801805377006530762e-01 8.805965781211853027e-01 8.926415443420410156e-01 

4.528190135955810547e+00 8.634191751480102539e-01 8.411204218864440918e-01 9.035072922706604004e-01 8.637734055519104004e-01 

4.500229835510253906e+00 8.708301782608032227e-01 8.503913283348083496e-01 9.073376655578613281e-01 8.711594939231872559e-01 

4.491872787475585938e+00 8.731322288513183594e-01 8.546494841575622559e-01 9.070780873298645020e-01 8.732686042785644531e-01 

4.480179309844970703e+00 8.765672445297241211e-01 8.592454791069030762e-01 9.076100587844848633e-01 8.763992190361022949e-01 

4.478480815887451172e+00 8.771308064460754395e-01 8.600890040397644043e-01 9.074309468269348145e-01 8.768827319145202637e-01 

4.468198299407958984e+00 8.798803091049194336e-01 8.633848428726196289e-01 9.089789986610412598e-01 8.795554637908935547e-01 

4.466987609863281250e+00 8.802283406257629395e-01 8.638085722923278809e-01 9.090857505798339844e-01 8.798997402191162109e-01 

4.460846900939941406e+00 8.818652629852294922e-01 8.656589984893798828e-01 9.100931286811828613e-01 8.815439939498901367e-01 

4.489789009094238281e+00 8.664332032203674316e-01 8.847770094871520996e-01 8.545211553573608398e-01 9.044877290725708008e-01 

4.464909076690673828e+00 8.736411929130554199e-01 8.904910683631896973e-01 8.623847365379333496e-01 9.085376858711242676e-01 

4.457138061523437500e+00 8.761167526245117188e-01 8.920112252235412598e-01 8.653671145439147949e-01 9.093658924102783203e-01 

4.452675819396972656e+00 8.778831362724304199e-01 8.927688002586364746e-01 8.678449988365173340e-01 9.088240861892700195e-01 

4.447360038757324219e+00 8.795269727706909180e-01 8.939187526702880859e-01 8.698362112045288086e-01 9.093638062477111816e-01 

4.438435554504394531e+00 8.820546269416809082e-01 8.959614634513854980e-01 8.727111816406250000e-01 9.108383655548095703e-01 

4.436676025390625000e+00 8.825837373733520508e-01 8.963592648506164551e-01 8.733148574829101562e-01 9.110680818557739258e-01 

4.432044982910156250e+00 8.838822841644287109e-01 8.974416851997375488e-01 8.747453093528747559e-01 9.118861556053161621e-01 

4.519643783569335938e+00 8.537353873252868652e-01 8.992062211036682129e-01 8.164644241333007812e-01 9.109604358673095703e-01 

4.495402812957763672e+00 8.608632087707519531e-01 9.031135439872741699e-01 8.264765739440917969e-01 9.141252040863037109e-01 

4.484903335571289062e+00 8.650544285774230957e-01 9.040303826332092285e-01 8.310720920562744141e-01 9.149348139762878418e-01 

4.489444255828857422e+00 8.636359572410583496e-01 9.022032618522644043e-01 8.320357203483581543e-01 9.126891493797302246e-01 

4.478683471679687500e+00 8.659126162528991699e-01 9.042829871177673340e-01 8.369568586349487305e-01 9.141666889190673828e-01 

4.477652549743652344e+00 8.659804463386535645e-01 9.044124484062194824e-01 8.378016948699951172e-01 9.141605496406555176e-01 

4.468435287475585938e+00 8.682159185409545898e-01 9.063504934310913086e-01 8.412780165672302246e-01 9.157180786132812500e-01 

4.467687129974365234e+00 8.683734536170959473e-01 9.064821600914001465e-01 8.416786193847656250e-01 9.157879352569580078e-01 

4.499078750610351562e+00 8.769074082374572754e-01 8.570508360862731934e-01 8.850761055946350098e-01 8.818923234939575195e-01 

4.474226474761962891e+00 8.827812671661376953e-01 8.648956418037414551e-01 8.907639384269714355e-01 8.872974514961242676e-01 

4.466349124908447266e+00 8.842270374298095703e-01 8.679833412170410156e-01 8.930607438087463379e-01 8.883806467056274414e-01 

4.464385509490966797e+00 8.849472403526306152e-01 8.693681359291076660e-01 8.925125002861022949e-01 8.888055682182312012e-01 

4.456707954406738281e+00 8.869405388832092285e-01 8.718361258506774902e-01 8.938611149787902832e-01 8.906582593917846680e-01 

4.448581695556640625e+00 8.890095353126525879e-01 8.742765784263610840e-01 8.954918384552001953e-01 8.926399946212768555e-01 

4.445896148681640625e+00 8.896920084953308105e-01 8.751084804534912109e-01 8.960182666778564453e-01 8.932893872261047363e-01 

4.442668437957763672e+00 8.905025720596313477e-01 8.760654330253601074e-01 8.967133164405822754e-01 8.940761685371398926e-01 

4.529169559478759766e+00 8.673024773597717285e-01 8.547644019126892090e-01 8.905945420265197754e-01 8.581777811050415039e-01 

4.501346111297607422e+00 8.745188117027282715e-01 8.626946806907653809e-01 8.955832719802856445e-01 8.658215999603271484e-01 

4.493352413177490234e+00 8.765702843666076660e-01 8.654896020889282227e-01 8.960099816322326660e-01 8.685815930366516113e-01 

4.481581687927246094e+00 8.794165849685668945e-01 8.691868185997009277e-01 8.974648118019104004e-01 8.723506331443786621e-01 

4.479805946350097656e+00 8.798442482948303223e-01 8.698205947875976562e-01 8.975360393524169922e-01 8.730040788650512695e-01 

4.469401359558105469e+00 8.824178576469421387e-01 8.727589845657348633e-01 8.994905352592468262e-01 8.759320974349975586e-01 

4.468215942382812500e+00 8.827297687530517578e-01 8.731184601783752441e-01 8.996715545654296875e-01 8.762754797935485840e-01 

4.462038516998291016e+00 8.842987418174743652e-01 8.748369216918945312e-01 9.008867740631103516e-01 8.779464960098266602e-01 

4.511661529541015625e+00 8.695608973503112793e-01 8.733833432197570801e-01 8.721604943275451660e-01 8.732404708862304688e-01 

4.485061168670654297e+00 8.766522407531738281e-01 8.797582387924194336e-01 8.786305189132690430e-01 8.798619508743286133e-01 

4.477648735046386719e+00 8.789006471633911133e-01 8.813813924789428711e-01 8.803492188453674316e-01 8.817219138145446777e-01 

4.466993808746337891e+00 8.815793991088867188e-01 8.840824365615844727e-01 8.831587433815002441e-01 8.841871023178100586e-01 

4.465053558349609375e+00 8.820756673812866211e-01 8.845757842063903809e-01 8.836804032325744629e-01 8.846234083175659180e-01 

4.454775810241699219e+00 8.846629858016967773e-01 8.871505856513977051e-01 8.863003253936767578e-01 8.871108889579772949e-01 

4.453737258911132812e+00 8.849391341209411621e-01 8.874069452285766602e-01 8.865624666213989258e-01 8.873646855354309082e-01 

4.447633743286132812e+00 8.864894509315490723e-01 8.889247179031372070e-01 8.881008028984069824e-01 8.888559937477111816e-01 

4.550671577453613281e+00 8.421815037727355957e-01 8.685455322265625000e-01 8.831328153610229492e-01 8.554810285568237305e-01 

4.521237850189208984e+00 8.513994216918945312e-01 8.751080632209777832e-01 8.886076807975769043e-01 8.635925054550170898e-01 

4.512792110443115234e+00 8.555020093917846680e-01 8.764145374298095703e-01 8.890050649642944336e-01 8.662910461425781250e-01 

4.499453544616699219e+00 8.600745201110839844e-01 8.794319033622741699e-01 8.910172581672668457e-01 8.700246810913085938e-01 

4.496792316436767578e+00 8.610718846321105957e-01 8.800135254859924316e-01 8.913385868072509766e-01 8.708072900772094727e-01 

4.487113475799560547e+00 8.640015125274658203e-01 8.822997808456420898e-01 8.932046890258789062e-01 8.733813166618347168e-01 

4.484448432922363281e+00 8.648064136505126953e-01 8.829364776611328125e-01 8.937174081802368164e-01 8.741129636764526367e-01 

4.479320526123046875e+00 8.662037849426269531e-01 8.841972351074218750e-01 8.947978615760803223e-01 8.754886388778686523e-01 

4.499954700469970703e+00 8.703703284263610840e-01 8.688527345657348633e-01 8.810466527938842773e-01 8.797900676727294922e-01 

4.474292755126953125e+00 8.772972226142883301e-01 8.756281733512878418e-01 8.869403004646301270e-01 8.858068585395812988e-01 

4.467069625854492188e+00 8.795280456542968750e-01 8.776835799217224121e-01 8.883649706840515137e-01 8.873549103736877441e-01 

4.458554744720458984e+00 8.818644285202026367e-01 8.802739977836608887e-01 8.901690244674682617e-01 8.891367912292480469e-01 

4.455635070800781250e+00 8.826689124107360840e-01 8.811540007591247559e-01 8.907936215400695801e-01 8.897560834884643555e-01 

4.445801258087158203e+00 8.852264881134033203e-01 8.838149309158325195e-01 8.930984735488891602e-01 8.920577764511108398e-01 

4.444586753845214844e+00 8.855574131011962891e-01 8.841542005538940430e-01 8.933724164962768555e-01 8.923333883285522461e-01 

4.439100742340087891e+00 8.869845867156982422e-01 8.856185674667358398e-01 8.946658372879028320e-01 8.936288356781005859e-01 

4.514910697937011719e+00 8.697587251663208008e-01 8.754312992095947266e-01 8.597932457923889160e-01 8.801139593124389648e-01 

4.488410472869873047e+00 8.762208819389343262e-01 8.817710280418395996e-01 8.673971891403198242e-01 8.861587643623352051e-01 

4.480662822723388672e+00 8.779267072677612305e-01 8.834400773048400879e-01 8.700807094573974609e-01 8.878898620605468750e-01 

4.471117973327636719e+00 8.807282447814941406e-01 8.855833411216735840e-01 8.732746243476867676e-01 8.892968893051147461e-01 

4.468725204467773438e+00 8.814432024955749512e-01 8.861144781112670898e-01 8.741160631179809570e-01 8.896094560623168945e-01 

4.458537101745605469e+00 8.841753602027893066e-01 8.885239362716674805e-01 8.770067691802978516e-01 8.917549252510070801e-01 

4.457446098327636719e+00 8.844715356826782227e-01 8.887802958488464355e-01 8.773447871208190918e-01 8.919636011123657227e-01 

4.451648235321044922e+00 8.860075473785400391e-01 8.901592493057250977e-01 8.789618611335754395e-01 8.932247161865234375e-01 

4.566180706024169922e+00 8.665234446525573730e-01 8.715089559555053711e-01 8.448426723480224609e-01 8.509562015533447266e-01 

4.537039756774902344e+00 8.731575012207031250e-01 8.766883015632629395e-01 8.531160354614257812e-01 8.599723577499389648e-01 

4.527711868286132812e+00 8.748466968536376953e-01 8.772172927856445312e-01 8.566579222679138184e-01 8.635680675506591797e-01 

4.516682624816894531e+00 8.767655491828918457e-01 8.784096240997314453e-01 8.610728979110717773e-01 8.670697212219238281e-01 

4.514898777008056641e+00 8.769940733909606934e-01 8.784235119819641113e-01 8.619466423988342285e-01 8.677473068237304688e-01 

4.504032611846923828e+00 8.793945312500000000e-01 8.805344700813293457e-01 8.653276562690734863e-01 8.707131743431091309e-01 

4.502960681915283203e+00 8.796263933181762695e-01 8.806815147399902344e-01 8.656656146049499512e-01 8.710763454437255859e-01 

4.496328353881835938e+00 8.811710476875305176e-01 8.820140957832336426e-01 8.675873875617980957e-01 8.729075193405151367e-01 

4.580143451690673828e+00 8.247909545898437500e-01 8.875953555107116699e-01 8.690870404243469238e-01 8.383938670158386230e-01 

4.549483299255371094e+00 8.356495499610900879e-01 8.932203650474548340e-01 8.745675683021545410e-01 8.470256328582763672e-01 

4.540283679962158203e+00 8.410456776618957520e-01 8.940694332122802734e-01 8.748165369033813477e-01 8.497887253761291504e-01 

4.527420043945312500e+00 8.464735746383666992e-01 8.954225182533264160e-01 8.768463134765625000e-01 8.538401126861572266e-01 

4.525276184082031250e+00 8.475747108459472656e-01 8.955072760581970215e-01 8.770813941955566406e-01 8.545768260955810547e-01 

4.515000343322753906e+00 8.510599732398986816e-01 8.972408175468444824e-01 8.791128993034362793e-01 8.575830459594726562e-01 

4.512990474700927734e+00 8.517458438873291016e-01 8.975675106048583984e-01 8.794920444488525391e-01 8.582182526588439941e-01 

4.507206439971923828e+00 8.534453511238098145e-01 8.986621499061584473e-01 8.806958794593811035e-01 8.599905967712402344e-01 

4.512159824371337891e+00 8.635616898536682129e-01 8.476709723472595215e-01 9.122612476348876953e-01 8.643575906753540039e-01 

4.486177444458007812e+00 8.705541491508483887e-01 8.563582301139831543e-01 9.151806831359863281e-01 8.716946840286254883e-01 

4.476817607879638672e+00 8.728124499320983887e-01 8.599922060966491699e-01 9.161975383758544922e-01 8.741745948791503906e-01 

4.472707748413085938e+00 8.741646409034729004e-01 8.627277612686157227e-01 9.142673015594482422e-01 8.761342763900756836e-01 

4.467608928680419922e+00 8.756848573684692383e-01 8.648492097854614258e-01 9.139927625656127930e-01 8.778678774833679199e-01 

4.458539009094238281e+00 8.782079219818115234e-01 8.678604364395141602e-01 9.149008393287658691e-01 8.804922103881835938e-01 

4.456834793090820312e+00 8.787179589271545410e-01 8.684986233711242676e-01 9.149199724197387695e-01 8.810327053070068359e-01 

4.452042102813720703e+00 8.800602555274963379e-01 8.700070977210998535e-01 9.155092835426330566e-01 8.823811411857604980e-01 

4.516361713409423828e+00 8.795095086097717285e-01 8.720003962516784668e-01 8.678792119026184082e-01 8.642576932907104492e-01 

4.490786075592041016e+00 8.858089447021484375e-01 8.777925968170166016e-01 8.739313483238220215e-01 8.716520667076110840e-01 

4.482798576354980469e+00 8.881509304046630859e-01 8.789559602737426758e-01 8.756299614906311035e-01 8.744646310806274414e-01 

4.478834152221679688e+00 8.885828852653503418e-01 8.804233670234680176e-01 8.763070702552795410e-01 8.758513331413269043e-01 

4.472283840179443359e+00 8.899233341217041016e-01 8.823211193084716797e-01 8.777842521667480469e-01 8.776918649673461914e-01 

4.463217258453369141e+00 8.919175863265991211e-01 8.848276138305664062e-01 8.799182772636413574e-01 8.801190853118896484e-01 

4.461153030395507812e+00 8.923663496971130371e-01 8.853953480720520020e-01 8.803930878639221191e-01 8.806958198547363281e-01 

4.456803798675537109e+00 8.933528661727905273e-01 8.865633010864257812e-01 8.814275264739990234e-01 8.818548321723937988e-01 

4.515342712402343750e+00 8.778643608093261719e-01 8.660917878150939941e-01 8.752927780151367188e-01 8.654175996780395508e-01 

4.488586425781250000e+00 8.837419152259826660e-01 8.736146092414855957e-01 8.816451430320739746e-01 8.723751306533813477e-01 

4.481109142303466797e+00 8.849424123764038086e-01 8.762305378913879395e-01 8.832724690437316895e-01 8.744471073150634766e-01 

4.470454692840576172e+00 8.872832059860229492e-01 8.790724277496337891e-01 8.858088254928588867e-01 8.773821592330932617e-01 

4.468511581420898438e+00 8.876796364784240723e-01 8.796148300170898438e-01 8.862631320953369141e-01 8.779389858245849609e-01 

4.458179473876953125e+00 8.901088833808898926e-01 8.822938203811645508e-01 8.887687921524047852e-01 8.806495666503906250e-01 

4.457130432128906250e+00 8.903372287750244141e-01 8.825908899307250977e-01 8.890179395675659180e-01 8.809312582015991211e-01 

4.451007366180419922e+00 8.917760252952575684e-01 8.841941952705383301e-01 8.905019760131835938e-01 8.825270533561706543e-01 

4.569834232330322266e+00 8.891745209693908691e-01 8.651192188262939453e-01 8.509875535964965820e-01 8.248932361602783203e-01 

4.540722370147705078e+00 8.939900994300842285e-01 8.708592653274536133e-01 8.585709333419799805e-01 8.358287811279296875e-01 

4.531569480895996094e+00 8.942764401435852051e-01 8.721625208854675293e-01 8.609360456466674805e-01 8.410568237304687500e-01 

4.520915031433105469e+00 8.959836959838867188e-01 8.733090162277221680e-01 8.641933202743530273e-01 8.455991744995117188e-01 

4.518979549407958984e+00 8.962173461914062500e-01 8.733612298965454102e-01 8.648353815078735352e-01 8.466136455535888672e-01 

4.508041858673095703e+00 8.983983993530273438e-01 8.755248785018920898e-01 8.678365349769592285e-01 8.502004146575927734e-01 

4.506924629211425781e+00 8.985727429389953613e-01 8.756821155548095703e-01 8.681603074073791504e-01 8.506662845611572266e-01 

4.500617027282714844e+00 8.998287320137023926e-01 8.769571185111999512e-01 8.698880076408386230e-01 8.527173399925231934e-01 

4.566090583801269531e+00 8.700181245803833008e-01 8.460817337036132812e-01 8.739489316940307617e-01 8.438688516616821289e-01 

4.536502838134765625e+00 8.773521184921264648e-01 8.535393476486206055e-01 8.803195953369140625e-01 8.522652387619018555e-01 

4.527420043945312500e+00 8.798024654388427734e-01 8.555639386177062988e-01 8.815298676490783691e-01 8.556860685348510742e-01 

4.515081405639648438e+00 8.815816640853881836e-01 8.588647246360778809e-01 8.842383027076721191e-01 8.602356910705566406e-01 

4.513282775878906250e+00 8.817129731178283691e-01 8.593740463256835938e-01 8.846094012260437012e-01 8.610361218452453613e-01 

4.502573966979980469e+00 8.839082717895507812e-01 8.621106743812561035e-01 8.870815038681030273e-01 8.643292784690856934e-01 

4.501261234283447266e+00 8.841832876205444336e-01 8.624604940414428711e-01 8.873882889747619629e-01 8.647230863571166992e-01 

4.494866371154785156e+00 8.856271505355834961e-01 8.640959858894348145e-01 8.889080882072448730e-01 8.665184974670410156e-01 

4.521386623382568359e+00 8.626416921615600586e-01 8.593977689743041992e-01 8.721776008605957031e-01 8.844076395034790039e-01 

4.495199203491210938e+00 8.702292442321777344e-01 8.664826154708862305e-01 8.781806230545043945e-01 8.898772597312927246e-01 

4.487236022949218750e+00 8.733337521553039551e-01 8.688216805458068848e-01 8.795843124389648438e-01 8.910248279571533203e-01 

4.480700492858886719e+00 8.747956752777099609e-01 8.705251812934875488e-01 8.817941546440124512e-01 8.921846151351928711e-01 

4.475986003875732422e+00 8.759373426437377930e-01 8.717454671859741211e-01 8.831953406333923340e-01 8.931404352188110352e-01 

4.466315746307373047e+00 8.783498406410217285e-01 8.742274045944213867e-01 8.858411312103271484e-01 8.952671289443969727e-01 

4.464677333831787109e+00 8.787773847579956055e-01 8.746582269668579102e-01 8.862847089767456055e-01 8.956083059310913086e-01 

4.459756851196289062e+00 8.800310492515563965e-01 8.759254813194274902e-01 8.875908255577087402e-01 8.966972231864929199e-01 

4.552976131439208984e+00 8.825196027755737305e-01 8.295156955718994141e-01 8.496822118759155273e-01 8.853164911270141602e-01 

4.524945735931396484e+00 8.876604437828063965e-01 8.401207327842712402e-01 8.575809001922607422e-01 8.896554708480834961e-01 

4.514300823211669922e+00 8.884000778198242188e-01 8.451265692710876465e-01 8.606545925140380859e-01 8.915159106254577637e-01 

4.507062911987304688e+00 8.893899917602539062e-01 8.487087488174438477e-01 8.644194006919860840e-01 8.904182910919189453e-01 

4.503681182861328125e+00 8.899838924407958984e-01 8.502952456474304199e-01 8.660513758659362793e-01 8.899970054626464844e-01 

4.493578433990478516e+00 8.920703530311584473e-01 8.536314368247985840e-01 8.695059418678283691e-01 8.912152051925659180e-01 

4.492277145385742188e+00 8.923233151435852051e-01 8.542012572288513184e-01 8.699937462806701660e-01 8.912054300308227539e-01 

4.486592292785644531e+00 8.935167789459228516e-01 8.560651540756225586e-01 8.718411922454833984e-01 8.919872641563415527e-01 

4.508183956146240234e+00 8.337058424949645996e-01 8.386483788490295410e-01 9.358851313591003418e-01 8.835871219635009766e-01 

4.484161376953125000e+00 8.432888984680175781e-01 8.469399809837341309e-01 9.365125298500061035e-01 8.890634775161743164e-01 

4.473731994628906250e+00 8.477990627288818359e-01 8.503898382186889648e-01 9.368990063667297363e-01 8.911821842193603516e-01 

4.475920200347900391e+00 8.485631346702575684e-01 8.504968285560607910e-01 9.351565241813659668e-01 8.898713588714599609e-01 

4.466345787048339844e+00 8.531236648559570312e-01 8.545537590980529785e-01 9.336560964584350586e-01 8.923221230506896973e-01 

4.465484619140625000e+00 8.540512919425964355e-01 8.552848100662231445e-01 9.325282573699951172e-01 8.926634788513183594e-01 

4.457079410552978516e+00 8.571916222572326660e-01 8.582664728164672852e-01 9.327640533447265625e-01 8.946980237960815430e-01 

4.456490993499755859e+00 8.575855493545532227e-01 8.586068153381347656e-01 9.324305057525634766e-01 8.948907852172851562e-01 

4.497913360595703125e+00 8.563050627708435059e-01 8.522371649742126465e-01 8.926254510879516602e-01 9.009236097335815430e-01 

4.473509311676025391e+00 8.636437654495239258e-01 8.606121540069580078e-01 8.973451852798461914e-01 9.048513174057006836e-01 

4.464805603027343750e+00 8.661686182022094727e-01 8.642954826354980469e-01 8.982354402542114258e-01 9.064909219741821289e-01 

4.466039657592773438e+00 8.670148849487304688e-01 8.649253845214843750e-01 8.976086974143981934e-01 9.044226408004760742e-01 

4.456435203552246094e+00 8.703688383102416992e-01 8.681377172470092773e-01 8.996446728706359863e-01 9.054167270660400391e-01 

4.451433181762695312e+00 8.720751404762268066e-01 8.697956800460815430e-01 9.007216095924377441e-01 9.060037732124328613e-01 

4.445868015289306641e+00 8.738378882408142090e-01 8.715135455131530762e-01 9.019402861595153809e-01 9.068402051925659180e-01 

4.444184303283691406e+00 8.743737936019897461e-01 8.720886707305908203e-01 9.023069143295288086e-01 9.070611000061035156e-01 

4.530861854553222656e+00 8.714415431022644043e-01 8.592792749404907227e-01 8.491160869598388672e-01 8.893137574195861816e-01 

4.502680301666259766e+00 8.781329393386840820e-01 8.670791387557983398e-01 8.577778339385986328e-01 8.942846059799194336e-01 

4.494653224945068359e+00 8.797180652618408203e-01 8.696951270103454590e-01 8.614053726196289062e-01 8.945316672325134277e-01 

4.482307434082031250e+00 8.825793266296386719e-01 8.732736110687255859e-01 8.656210303306579590e-01 8.962199687957763672e-01 

4.480397224426269531e+00 8.830068111419677734e-01 8.738790154457092285e-01 8.663827776908874512e-01 8.963463306427001953e-01 

4.470149993896484375e+00 8.854627609252929688e-01 8.766530156135559082e-01 8.694300651550292969e-01 8.983047008514404297e-01 

4.468659400939941406e+00 8.858260512351989746e-01 8.770785927772521973e-01 8.698936700820922852e-01 8.985556960105895996e-01 

4.462679862976074219e+00 8.872920274734497070e-01 8.786934018135070801e-01 8.715833425521850586e-01 8.997579813003540039e-01 

4.494102478027343750e+00 8.362516760826110840e-01 9.052973985671997070e-01 8.876079320907592773e-01 8.767503499984741211e-01 

4.469433784484863281e+00 8.448722362518310547e-01 9.087408781051635742e-01 8.932029604911804199e-01 8.836959004402160645e-01 

4.460592269897460938e+00 8.487581014633178711e-01 9.089271426200866699e-01 8.948990702629089355e-01 8.868260979652404785e-01 

4.460110664367675781e+00 8.509541153907775879e-01 9.077358245849609375e-01 8.946297764778137207e-01 8.865853548049926758e-01 

4.451759815216064453e+00 8.545499444007873535e-01 9.088234901428222656e-01 8.963519334793090820e-01 8.885201215744018555e-01 

4.444156169891357422e+00 8.574693202972412109e-01 9.100385308265686035e-01 8.979923725128173828e-01 8.903412818908691406e-01 

4.441191673278808594e+00 8.586049675941467285e-01 9.104901552200317383e-01 8.986384868621826172e-01 8.910746574401855469e-01 

4.438533782958984375e+00 8.594880104064941406e-01 9.109492897987365723e-01 8.992614150047302246e-01 8.917853236198425293e-01 

4.504864215850830078e+00 8.785993456840515137e-01 8.536935448646545410e-01 8.849467635154724121e-01 8.779053688049316406e-01 

4.479049205780029297e+00 8.848835229873657227e-01 8.616692423820495605e-01 8.903313875198364258e-01 8.840308785438537598e-01 

4.471432685852050781e+00 8.868020772933959961e-01 8.648056387901306152e-01 8.913074135780334473e-01 8.856550455093383789e-01 

4.463445663452148438e+00 8.882538080215454102e-01 8.681629300117492676e-01 8.927715420722961426e-01 8.873653411865234375e-01 

4.460308074951171875e+00 8.888610005378723145e-01 8.694097995758056641e-01 8.933735489845275879e-01 8.880537748336791992e-01 

4.450529575347900391e+00 8.910869359970092773e-01 8.724514842033386230e-01 8.955817222595214844e-01 8.903501033782958984e-01 

4.449257850646972656e+00 8.913719058036804199e-01 8.728820085525512695e-01 8.958480358123779297e-01 8.906450867652893066e-01 

4.444036960601806641e+00 8.925922513008117676e-01 8.744466900825500488e-01 8.970414996147155762e-01 8.918844461441040039e-01 

4.495799541473388672e+00 8.628475666046142578e-01 8.909631371498107910e-01 8.683162927627563477e-01 8.820849657058715820e-01 

4.471096515655517578e+00 8.699689507484436035e-01 8.959404826164245605e-01 8.751762509346008301e-01 8.877822756767272949e-01 

4.463196277618408203e+00 8.723666667938232422e-01 8.974795341491699219e-01 8.774805665016174316e-01 8.894783258438110352e-01 

4.461741447448730469e+00 8.736847043037414551e-01 8.967843651771545410e-01 8.783612847328186035e-01 8.894468545913696289e-01 

4.453848838806152344e+00 8.762329816818237305e-01 8.981184959411621094e-01 8.806174397468566895e-01 8.911861181259155273e-01 

4.445930480957031250e+00 8.786146044731140137e-01 8.996545672416687012e-01 8.827901482582092285e-01 8.930083513259887695e-01 

4.443118095397949219e+00 8.794709444046020508e-01 9.001851081848144531e-01 8.835739493370056152e-01 8.936555385589599609e-01 

4.440100669860839844e+00 8.803393244743347168e-01 9.008093476295471191e-01 8.843989372253417969e-01 8.943771123886108398e-01 

4.572158813476562500e+00 8.502828478813171387e-01 8.867100477218627930e-01 8.691717386245727539e-01 8.216866254806518555e-01 

4.541672229766845703e+00 8.581173419952392578e-01 8.925114274024963379e-01 8.747503161430358887e-01 8.329160213470458984e-01 

4.532201766967773438e+00 8.604586720466613770e-01 8.933331370353698730e-01 8.754118680953979492e-01 8.385946154594421387e-01 

4.519882678985595703e+00 8.641536831855773926e-01 8.951090574264526367e-01 8.767023682594299316e-01 8.441532850265502930e-01 

4.517979621887207031e+00 8.647884726524353027e-01 8.952875137329101562e-01 8.766977190971374512e-01 8.452601432800292969e-01 

4.507662773132324219e+00 8.676244020462036133e-01 8.972173333168029785e-01 8.786469101905822754e-01 8.488499522209167480e-01 

4.505886077880859375e+00 8.681526184082031250e-01 8.975511193275451660e-01 8.789573907852172852e-01 8.494724035263061523e-01 

4.499861717224121094e+00 8.698730468750000000e-01 8.988038897514343262e-01 8.802499175071716309e-01 8.512312769889831543e-01 

4.511377811431884766e+00 9.110409021377563477e-01 8.519943952560424805e-01 8.383504152297973633e-01 8.872467279434204102e-01 

4.487656116485595703e+00 9.135491847991943359e-01 8.592248558998107910e-01 8.473562598228454590e-01 8.921873569488525391e-01 

4.477378368377685547e+00 9.144912958145141602e-01 8.623368740081787109e-01 8.513692617416381836e-01 8.944180011749267578e-01 

4.481976509094238281e+00 9.115746021270751953e-01 8.617178201675415039e-01 8.521482944488525391e-01 8.925899267196655273e-01 

4.471365451812744141e+00 9.124928116798400879e-01 8.650434613227844238e-01 8.565059304237365723e-01 8.945960998535156250e-01 

4.470160961151123047e+00 9.122869968414306641e-01 8.655285835266113281e-01 8.572928905487060547e-01 8.947416543960571289e-01 

4.461174488067626953e+00 9.136967658996582031e-01 8.681364655494689941e-01 8.603832721710205078e-01 8.966118097305297852e-01 

4.460410594940185547e+00 9.137029051780700684e-01 8.684089183807373047e-01 8.607394099235534668e-01 8.967483639717102051e-01 

4.502223968505859375e+00 8.664014935493469238e-01 8.529965877532958984e-01 9.139211773872375488e-01 8.644685745239257812e-01 

4.478602886199951172e+00 8.724293708801269531e-01 8.609253764152526855e-01 9.170191884040832520e-01 8.710009455680847168e-01 

4.469017028808593750e+00 8.748424649238586426e-01 8.643831014633178711e-01 9.188677668571472168e-01 8.728866577148437500e-01 

4.472441196441650391e+00 8.735257983207702637e-01 8.642685413360595703e-01 9.168239831924438477e-01 8.729457855224609375e-01 

4.462280750274658203e+00 8.763574957847595215e-01 8.679685592651367188e-01 9.168475270271301270e-01 8.765485882759094238e-01 

4.461233615875244141e+00 8.767005205154418945e-01 8.685938119888305664e-01 9.163412451744079590e-01 8.771419525146484375e-01 

4.452444076538085938e+00 8.790753483772277832e-01 8.713307380676269531e-01 9.173547029495239258e-01 8.797960281372070312e-01 

4.451756000518798828e+00 8.792922496795654297e-01 8.716434240341186523e-01 9.172600507736206055e-01 8.800556659698486328e-01 

4.542891979217529297e+00 8.931648731231689453e-01 8.462911248207092285e-01 8.560025691986083984e-01 8.616559505462646484e-01 

4.514838695526123047e+00 8.970586061477661133e-01 8.542817831039428711e-01 8.639765381813049316e-01 8.698078393936157227e-01 

4.506091594696044922e+00 8.971292972564697266e-01 8.570437431335449219e-01 8.669711947441101074e-01 8.727657198905944824e-01 

4.495408058166503906e+00 8.972991704940795898e-01 8.607379198074340820e-01 8.707056045532226562e-01 8.758494853973388672e-01 

4.493597984313964844e+00 8.970665335655212402e-01 8.614509701728820801e-01 8.714554905891418457e-01 8.764383792877197266e-01 

4.483018875122070312e+00 8.986752629280090332e-01 8.646097779273986816e-01 8.744709491729736328e-01 8.792245388031005859e-01 

4.481981277465820312e+00 8.987290263175964355e-01 8.649552464485168457e-01 8.747958540916442871e-01 8.795471787452697754e-01 

4.475574016571044922e+00 8.997591733932495117e-01 8.668596744537353516e-01 8.765549659729003906e-01 8.812607526779174805e-01 

4.518138408660888672e+00 8.765454292297363281e-01 8.648361563682556152e-01 8.737149238586425781e-01 8.667753934860229492e-01 

4.491048336029052734e+00 8.827428817749023438e-01 8.721562623977661133e-01 8.803875446319580078e-01 8.736331462860107422e-01 

4.483522415161132812e+00 8.841431736946105957e-01 8.744948506355285645e-01 8.822076320648193359e-01 8.756338357925415039e-01 

4.472352027893066406e+00 8.865640759468078613e-01 8.776163458824157715e-01 8.846808075904846191e-01 8.787873983383178711e-01 

4.470475196838378906e+00 8.869390487670898438e-01 8.781744241714477539e-01 8.850735425949096680e-01 8.793460726737976074e-01 

4.460120201110839844e+00 8.893538117408752441e-01 8.809122443199157715e-01 8.875246047973632812e-01 8.820902109146118164e-01 

4.459048748016357422e+00 8.895935416221618652e-01 8.812114596366882324e-01 8.877801299095153809e-01 8.823766708374023438e-01 

4.452925682067871094e+00 8.910314440727233887e-01 8.828230500221252441e-01 8.892523050308227539e-01 8.839734792709350586e-01 

4.530161857604980469e+00 8.618469238281250000e-01 8.711500167846679688e-01 8.611173629760742188e-01 8.757323026657104492e-01 

4.502565383911132812e+00 8.693473339080810547e-01 8.776356577873229980e-01 8.689169287681579590e-01 8.814995288848876953e-01 

4.494808197021484375e+00 8.718096017837524414e-01 8.792442083358764648e-01 8.716813921928405762e-01 8.824569582939147949e-01 

4.483456134796142578e+00 8.749721050262451172e-01 8.815281391143798828e-01 8.750320076942443848e-01 8.850116729736328125e-01 

4.481564998626708984e+00 8.755365610122680664e-01 8.818589448928833008e-01 8.756487965583801270e-01 8.853994011878967285e-01 

4.471058845520019531e+00 8.782935738563537598e-01 8.842632770538330078e-01 8.784806132316589355e-01 8.879051804542541504e-01 

4.469960689544677734e+00 8.785981535911560059e-01 8.845073580741882324e-01 8.787999153137207031e-01 8.881442546844482422e-01 

4.463728904724121094e+00 8.802260160446166992e-01 8.859654068946838379e-01 8.804637193679809570e-01 8.896229267120361328e-01 

4.567254066467285156e+00 8.726410865783691406e-01 8.755116462707519531e-01 8.625395894050598145e-01 8.220620155334472656e-01 

4.538151741027832031e+00 8.790708780288696289e-01 8.809923529624938965e-01 8.690343499183654785e-01 8.327248096466064453e-01 

4.527345180511474609e+00 8.805150985717773438e-01 8.829231858253479004e-01 8.711648583412170410e-01 8.380416631698608398e-01 

4.518950462341308594e+00 8.831682205200195312e-01 8.828203082084655762e-01 8.720793724060058594e-01 8.429813981056213379e-01 

4.516816616058349609e+00 8.838813900947570801e-01 8.826524615287780762e-01 8.722651004791259766e-01 8.443909883499145508e-01 

4.506168842315673828e+00 8.864887952804565430e-01 8.845328688621520996e-01 8.746306896209716797e-01 8.481781482696533203e-01 

4.505113601684570312e+00 8.867692947387695312e-01 8.846336007118225098e-01 8.748398423194885254e-01 8.486526012420654297e-01 

4.499174118041992188e+00 8.881928324699401855e-01 8.857753276824951172e-01 8.762311339378356934e-01 8.506309986114501953e-01 

4.500020980834960938e+00 8.745377659797668457e-01 8.874151706695556641e-01 8.607474565505981445e-01 8.772904872894287109e-01 

4.474584102630615234e+00 8.805745244026184082e-01 8.928974270820617676e-01 8.680811524391174316e-01 8.838229179382324219e-01 

4.467145442962646484e+00 8.820033073425292969e-01 8.942380547523498535e-01 8.705892562866210938e-01 8.860259056091308594e-01 

4.460061550140380859e+00 8.841195702552795410e-01 8.952609896659851074e-01 8.731179833412170410e-01 8.874393701553344727e-01 

4.456167697906494141e+00 8.852148056030273438e-01 8.959478139877319336e-01 8.743842244148254395e-01 8.882896900177001953e-01 

4.446563243865966797e+00 8.877497911453247070e-01 8.979972600936889648e-01 8.771352171897888184e-01 8.905557990074157715e-01 

4.445166587829589844e+00 8.881164193153381348e-01 8.982728123664855957e-01 8.775595426559448242e-01 8.908880949020385742e-01 

4.439900398254394531e+00 8.894823789596557617e-01 8.994211554527282715e-01 8.790407180786132812e-01 8.921544551849365234e-01 

4.567291736602783203e+00 8.684297800064086914e-01 8.715419769287109375e-01 8.569685816764831543e-01 8.357775211334228516e-01 

4.539138793945312500e+00 8.745996356010437012e-01 8.776487708091735840e-01 8.637321591377258301e-01 8.448504209518432617e-01 

4.529320716857910156e+00 8.758379220962524414e-01 8.793507218360900879e-01 8.665884137153625488e-01 8.488884568214416504e-01 

4.521432876586914062e+00 8.782643079757690430e-01 8.804660439491271973e-01 8.670936226844787598e-01 8.527414798736572266e-01 

4.517700195312500000e+00 8.793779611587524414e-01 8.810839056968688965e-01 8.674950003623962402e-01 8.543481230735778809e-01 

4.507296562194824219e+00 8.822685480117797852e-01 8.831915259361267090e-01 8.695652484893798828e-01 8.576780557632446289e-01 

4.505887985229492188e+00 8.826764822006225586e-01 8.834612369537353516e-01 8.698039650917053223e-01 8.581748604774475098e-01 

4.500012397766113281e+00 8.843109607696533203e-01 8.846875429153442383e-01 8.710407614707946777e-01 8.599525094032287598e-01 

4.508837699890136719e+00 8.846941590309143066e-01 8.669632077217102051e-01 8.634304404258728027e-01 8.760852813720703125e-01 

4.482656955718994141e+00 8.906805515289306641e-01 8.737193942070007324e-01 8.709211945533752441e-01 8.819919824600219727e-01 

4.475179672241210938e+00 8.923719525337219238e-01 8.756686449050903320e-01 8.735371232032775879e-01 8.832437992095947266e-01 

4.465908050537109375e+00 8.938681483268737793e-01 8.783228397369384766e-01 8.763703107833862305e-01 8.855333924293518066e-01 

4.463372707366943359e+00 8.942580223083496094e-01 8.790564537048339844e-01 8.771673440933227539e-01 8.861522674560546875e-01 

4.453277111053466797e+00 8.964167237281799316e-01 8.817346096038818359e-01 8.799289464950561523e-01 8.886448740959167480e-01 

4.452164173126220703e+00 8.966391682624816895e-01 8.820380568504333496e-01 8.802601099014282227e-01 8.889075517654418945e-01 

4.446520328521728516e+00 8.978790044784545898e-01 8.835211396217346191e-01 8.817954659461975098e-01 8.902882337570190430e-01 

4.480844497680664062e+00 8.859167098999023438e-01 8.707286119461059570e-01 8.901588916778564453e-01 8.723542690277099609e-01 

4.457295417785644531e+00 8.911739587783813477e-01 8.773273825645446777e-01 8.956566452980041504e-01 8.785218596458435059e-01 

4.449753761291503906e+00 8.925374150276184082e-01 8.795385956764221191e-01 8.979477882385253906e-01 8.802214264869689941e-01 

4.450633525848388672e+00 8.920850753784179688e-01 8.798213601112365723e-01 8.969285488128662109e-01 8.805435895919799805e-01 

4.441067695617675781e+00 8.942571282386779785e-01 8.825768828392028809e-01 8.987761735916137695e-01 8.833268880844116211e-01 

4.436161994934082031e+00 8.953856825828552246e-01 8.839851617813110352e-01 8.997578024864196777e-01 8.847405910491943359e-01 

4.430628776550292969e+00 8.966720104217529297e-01 8.855056166648864746e-01 9.009244441986083984e-01 8.862714767456054688e-01 

4.428968429565429688e+00 8.970600962638854980e-01 8.859763145446777344e-01 9.012839198112487793e-01 8.867291212081909180e-01 

4.567524909973144531e+00 8.562651872634887695e-01 8.476734757423400879e-01 8.718273043632507324e-01 8.567199110984802246e-01 

4.537535667419433594e+00 8.634752631187438965e-01 8.571746945381164551e-01 8.777686357498168945e-01 8.639920949935913086e-01 

4.528750896453857422e+00 8.659663796424865723e-01 8.608354330062866211e-01 8.786562085151672363e-01 8.657926321029663086e-01 

4.515041828155517578e+00 8.699927926063537598e-01 8.646973967552185059e-01 8.814209699630737305e-01 8.688473701477050781e-01 

4.512314319610595703e+00 8.708097934722900391e-01 8.655251264572143555e-01 8.819297552108764648e-01 8.694383502006530762e-01 

4.502402782440185547e+00 8.735288381576538086e-01 8.682059049606323242e-01 8.840938210487365723e-01 8.717705011367797852e-01 

4.499706745147705078e+00 8.742239475250244141e-01 8.689957857131958008e-01 8.846726417541503906e-01 8.724218606948852539e-01 

4.494397163391113281e+00 8.755136132240295410e-01 8.705200552940368652e-01 8.858486413955688477e-01 8.737300634384155273e-01 

4.509353160858154297e+00 8.709883093833923340e-01 8.730273246765136719e-01 8.727581501007080078e-01 8.738834857940673828e-01 

4.482995986938476562e+00 8.779928088188171387e-01 8.793791532516479492e-01 8.791915178298950195e-01 8.804050683975219727e-01 

4.475591659545898438e+00 8.802509307861328125e-01 8.810166716575622559e-01 8.809124827384948730e-01 8.822306394577026367e-01 

4.465361118316650391e+00 8.827919363975524902e-01 8.836080431938171387e-01 8.835887908935546875e-01 8.846515417098999023e-01 

4.463356971740722656e+00 8.832955360412597656e-01 8.841159343719482422e-01 8.841202259063720703e-01 8.851180672645568848e-01 

4.453177928924560547e+00 8.858428597450256348e-01 8.866713643074035645e-01 8.867056369781494141e-01 8.876024484634399414e-01 

4.452130794525146484e+00 8.861183524131774902e-01 8.869305849075317383e-01 8.869696855545043945e-01 8.878581523895263672e-01 

4.446311473846435547e+00 8.875880241394042969e-01 8.883835077285766602e-01 8.884356021881103516e-01 8.892848491668701172e-01 

4.499346733093261719e+00 8.724685907363891602e-01 8.759748935699462891e-01 8.763158917427062988e-01 8.759032487869262695e-01 

4.473764419555664062e+00 8.791647553443908691e-01 8.821476101875305176e-01 8.824622035026550293e-01 8.824254274368286133e-01 

4.466594696044921875e+00 8.812311887741088867e-01 8.837251067161560059e-01 8.840187788009643555e-01 8.844316005706787109e-01 

4.458202838897705078e+00 8.834317922592163086e-01 8.858613371849060059e-01 8.861292600631713867e-01 8.863749504089355469e-01 

4.455183506011962891e+00 8.842258453369140625e-01 8.866276741027832031e-01 8.868857026100158691e-01 8.870848417282104492e-01 

4.445388317108154297e+00 8.867231607437133789e-01 8.890842795372009277e-01 8.893305063247680664e-01 8.894718289375305176e-01 

4.444143772125244141e+00 8.870497941970825195e-01 8.893932700157165527e-01 8.896374106407165527e-01 8.897794485092163086e-01 

4.438772201538085938e+00 8.884209394454956055e-01 8.907348513603210449e-01 8.909724950790405273e-01 8.911004066467285156e-01 

4.535456180572509766e+00 8.797192573547363281e-01 8.700747489929199219e-01 8.538159728050231934e-01 8.609417676925659180e-01 

4.508370399475097656e+00 8.853432536125183105e-01 8.778216242790222168e-01 8.611717820167541504e-01 8.672598600387573242e-01 

4.499426364898681641e+00 8.862608075141906738e-01 8.815856575965881348e-01 8.639153838157653809e-01 8.688128590583801270e-01 

4.491279125213623047e+00 8.881340622901916504e-01 8.826664090156555176e-01 8.674429059028625488e-01 8.704776167869567871e-01 

4.487901210784912109e+00 8.889111876487731934e-01 8.832172155380249023e-01 8.687891364097595215e-01 8.711881637573242188e-01 

4.477763175964355469e+00 8.912932872772216797e-01 8.854678273200988770e-01 8.719277381896972656e-01 8.735481500625610352e-01 

4.476444244384765625e+00 8.915964961051940918e-01 8.857667446136474609e-01 8.723518252372741699e-01 8.738461136817932129e-01 

4.471116542816162109e+00 8.928530216217041016e-01 8.870179057121276855e-01 8.739179372787475586e-01 8.750964403152465820e-01 

4.501797199249267578e+00 8.801544904708862305e-01 8.756642937660217285e-01 8.854798674583435059e-01 8.569120764732360840e-01 

4.476102828979492188e+00 8.864958286285400391e-01 8.818060755729675293e-01 8.908687233924865723e-01 8.646991252899169922e-01 

4.468636989593505859e+00 8.884524106979370117e-01 8.833084106445312500e-01 8.919737339019775391e-01 8.676294088363647461e-01 

4.460584640502929688e+00 8.900521993637084961e-01 8.853116631507873535e-01 8.932314515113830566e-01 8.708200454711914062e-01 

4.457467555999755859e+00 8.906977176666259766e-01 8.860879540443420410e-01 8.937541246414184570e-01 8.719986677169799805e-01 

4.447710990905761719e+00 8.929470777511596680e-01 8.885263800621032715e-01 8.958560824394226074e-01 8.749600648880004883e-01 

4.446448802947998047e+00 8.932387232780456543e-01 8.888418674468994141e-01 8.961028456687927246e-01 8.753767609596252441e-01 

4.441199779510498047e+00 8.944730758666992188e-01 8.901551961898803711e-01 8.972536921501159668e-01 8.769217729568481445e-01 

4.495836734771728516e+00 8.759934306144714355e-01 8.827261924743652344e-01 8.813366889953613281e-01 8.641122579574584961e-01 

4.470766544342041016e+00 8.819501399993896484e-01 8.883827924728393555e-01 8.875554800033569336e-01 8.713142275810241699e-01 

4.463415622711181641e+00 8.833609819412231445e-01 8.898299336433410645e-01 8.896136283874511719e-01 8.737827539443969727e-01 

4.457966804504394531e+00 8.849201798439025879e-01 8.907226324081420898e-01 8.905609846115112305e-01 8.758276700973510742e-01 

4.452878475189208984e+00 8.862748146057128906e-01 8.917837738990783691e-01 8.916544318199157715e-01 8.774129152297973633e-01 

4.443705081939697266e+00 8.886469006538391113e-01 8.938629627227783203e-01 8.937653303146362305e-01 8.800202012062072754e-01 

4.441989898681640625e+00 8.890882730484008789e-01 8.942382335662841797e-01 8.941578269004821777e-01 8.805305361747741699e-01 

4.436995506286621094e+00 8.903644084930419922e-01 8.953869342803955078e-01 8.953300118446350098e-01 8.819214105606079102e-01 

4.508135318756103516e+00 8.545389771461486816e-01 8.622272610664367676e-01 8.742915987968444824e-01 9.008134007453918457e-01 

4.483989715576171875e+00 8.618426322937011719e-01 8.686783313751220703e-01 8.809495568275451660e-01 9.045100212097167969e-01 

4.474928855895996094e+00 8.645889759063720703e-01 8.704580664634704590e-01 8.850696086883544922e-01 9.049516916275024414e-01 

4.477682113647460938e+00 8.646279573440551758e-01 8.706392049789428711e-01 8.836992383003234863e-01 9.033591747283935547e-01 

4.466897487640380859e+00 8.681039810180664062e-01 8.741503953933715820e-01 8.854417204856872559e-01 9.054069519042968750e-01 

4.465022087097167969e+00 8.688359260559082031e-01 8.748784065246582031e-01 8.855791091918945312e-01 9.056984782218933105e-01 

4.456454277038574219e+00 8.713201284408569336e-01 8.773711919784545898e-01 8.873571157455444336e-01 9.074969887733459473e-01 

4.455579280853271484e+00 8.716275095939636230e-01 8.776458501815795898e-01 8.875045776367187500e-01 9.076502919197082520e-01 

4.527899742126464844e+00 8.669489026069641113e-01 8.771201968193054199e-01 8.258023858070373535e-01 9.022362828254699707e-01 

4.502912044525146484e+00 8.731740713119506836e-01 8.825700283050537109e-01 8.361759781837463379e-01 9.051358699798583984e-01 

4.492836475372314453e+00 8.751952648162841797e-01 8.836116790771484375e-01 8.415530323982238770e-01 9.068000316619873047e-01 

4.495009422302246094e+00 8.745658993721008301e-01 8.831856250762939453e-01 8.422391414642333984e-01 9.050079584121704102e-01 

4.484624385833740234e+00 8.776540756225585938e-01 8.863918185234069824e-01 8.467878103256225586e-01 9.045410156250000000e-01 

4.483119487762451172e+00 8.782229423522949219e-01 8.869753479957580566e-01 8.477971553802490234e-01 9.038995504379272461e-01 

4.474406242370605469e+00 8.805752992630004883e-01 8.894057273864746094e-01 8.509027361869812012e-01 9.047081470489501953e-01 

4.473620891571044922e+00 8.808335065841674805e-01 8.896546959877014160e-01 8.513477444648742676e-01 9.045504927635192871e-01 

4.517917156219482422e+00 8.473030924797058105e-01 8.392292261123657227e-01 9.190479516983032227e-01 8.765069246292114258e-01 

4.494501113891601562e+00 8.542611598968505859e-01 8.484801650047302246e-01 9.209489226341247559e-01 8.817799091339111328e-01 

4.484432697296142578e+00 8.561841249465942383e-01 8.538917303085327148e-01 9.212832450866699219e-01 8.842004537582397461e-01 

4.489058971405029297e+00 8.564676642417907715e-01 8.535246849060058594e-01 9.184173941612243652e-01 8.825347423553466797e-01 

4.478240013122558594e+00 8.605236411094665527e-01 8.572630286216735840e-01 9.192461967468261719e-01 8.847295045852661133e-01 

4.477458000183105469e+00 8.610506653785705566e-01 8.577075600624084473e-01 9.189729094505310059e-01 8.848189115524291992e-01 

4.468120574951171875e+00 8.640880584716796875e-01 8.606370687484741211e-01 9.203141927719116211e-01 8.868409395217895508e-01 

4.467260360717773438e+00 8.644095659255981445e-01 8.610001206398010254e-01 9.203236103057861328e-01 8.870087862014770508e-01 

4.524033069610595703e+00 8.401607275009155273e-01 8.751280307769775391e-01 8.870680928230285645e-01 8.736182451248168945e-01 

4.496870517730712891e+00 8.496142625808715820e-01 8.810046911239624023e-01 8.928116559982299805e-01 8.796527385711669922e-01 

4.488729476928710938e+00 8.539421558380126953e-01 8.820816278457641602e-01 8.943878412246704102e-01 8.808596134185791016e-01 

4.478370189666748047e+00 8.582646846771240234e-01 8.844606876373291016e-01 8.955603241920471191e-01 8.833445310592651367e-01 

4.476461887359619141e+00 8.592191934585571289e-01 8.848768472671508789e-01 8.956578373908996582e-01 8.837921619415283203e-01 

4.466092586517333984e+00 8.625766634941101074e-01 8.873654603958129883e-01 8.976511359214782715e-01 8.863124847412109375e-01 

4.465065002441406250e+00 8.629707098007202148e-01 8.876004219055175781e-01 8.978162407875061035e-01 8.865543603897094727e-01 

4.459013938903808594e+00 8.648613095283508301e-01 8.890562057495117188e-01 8.990445733070373535e-01 8.880254030227661133e-01 

4.510472774505615234e+00 8.526784777641296387e-01 8.816290497779846191e-01 8.799489736557006836e-01 8.752756714820861816e-01 

4.485713005065917969e+00 8.609355688095092773e-01 8.867005109786987305e-01 8.853151202201843262e-01 8.813010454177856445e-01 

4.477396011352539062e+00 8.645800948143005371e-01 8.875143527984619141e-01 8.864914178848266602e-01 8.840177059173583984e-01 

4.478195667266845703e+00 8.652232289314270020e-01 8.872844576835632324e-01 8.863338828086853027e-01 8.829770088195800781e-01 

4.468254089355468750e+00 8.683750629425048828e-01 8.897216916084289551e-01 8.887027502059936523e-01 8.849486112594604492e-01 

4.463045120239257812e+00 8.700162172317504883e-01 8.909984827041625977e-01 8.899488449096679688e-01 8.860195875167846680e-01 

4.457353591918945312e+00 8.717048168182373047e-01 8.924031853675842285e-01 8.912969827651977539e-01 8.872484564781188965e-01 

4.455576419830322266e+00 8.722696304321289062e-01 8.928238153457641602e-01 8.917077183723449707e-01 8.876382708549499512e-01 

4.528139114379882812e+00 8.511065244674682617e-01 8.863853216171264648e-01 8.425015807151794434e-01 8.918744921684265137e-01 

4.502002716064453125e+00 8.597003817558288574e-01 8.914173841476440430e-01 8.505258560180664062e-01 8.963251113891601562e-01 

4.493302345275878906e+00 8.634571433067321777e-01 8.927553296089172363e-01 8.534144163131713867e-01 8.970695734024047852e-01 

4.490796566009521484e+00 8.648219704627990723e-01 8.924116492271423340e-01 8.553078770637512207e-01 8.966827392578125000e-01 

4.483470916748046875e+00 8.671339750289916992e-01 8.936131596565246582e-01 8.579467535018920898e-01 8.978393077850341797e-01 

4.474731922149658203e+00 8.697230815887451172e-01 8.952754735946655273e-01 8.608122467994689941e-01 8.994602560997009277e-01 

4.472288131713867188e+00 8.704887032508850098e-01 8.957095146179199219e-01 8.616405725479125977e-01 8.998768329620361328e-01 

4.468501567840576172e+00 8.716248869895935059e-01 8.964645266532897949e-01 8.628287911415100098e-01 9.006098508834838867e-01 

4.518039226531982422e+00 8.512600660324096680e-01 9.135870933532714844e-01 8.467904925346374512e-01 8.703325986862182617e-01 

4.490990638732910156e+00 8.598579168319702148e-01 9.165585637092590332e-01 8.552196621894836426e-01 8.773363828659057617e-01 

4.482391357421875000e+00 8.631924390792846680e-01 9.162697196006774902e-01 8.587644696235656738e-01 8.793825507164001465e-01 

4.472332477569580078e+00 8.668704032897949219e-01 9.158400297164916992e-01 8.629187941551208496e-01 8.820392489433288574e-01 

4.470591068267822266e+00 8.676286935806274414e-01 9.154683947563171387e-01 8.637903332710266113e-01 8.825296163558959961e-01 

4.460350036621093750e+00 8.707132935523986816e-01 9.167636036872863770e-01 8.670668601989746094e-01 8.851068019866943359e-01 

4.459379196166992188e+00 8.710703253746032715e-01 9.167619347572326660e-01 8.674196600914001465e-01 8.853781223297119141e-01 

4.453273773193359375e+00 8.729054331779479980e-01 9.175997376441955566e-01 8.692912459373474121e-01 8.869363069534301758e-01 

