0.200000 56
   0.000000000000E+00 0.0 0.0 0.0 0.0 0.0 0.0 0.0 0.0 0.0 0.0 0.0 0.0 0.0 0.0 0.0 0.0 0.0 0.0 0.0
   0.000000000000E+00   0.000000000000E+00   0.000000000000E+00   0.000000000000E+00   0.000000000000E+00   0.000000000000E+00   0.000000000000E+00   0.000000000000E+00   0.000000000000E+00   0.000000000000E+00   0.000000000000E+00   0.000000000000E+00   0.000000000000E+00   0.000000000000E+00   0.000000000000E+00   0.000000000000E+00   0.000000000000E+00   0.000000000000E+00   0.000000000000E+00   0.000000000000E+00
   0.000000000000E+00   0.000000000000E+00   0.000000000000E+00   0.000000000000E+00   0.000000000000E+00  -6.603985111866E-01  -9.298880925708E-01   0.000000000000E+00  -3.499807172517E-01  -8.069953887120E-01   0.000000000000E+00   0.000000000000E+00   0.000000000000E+00   0.000000000000E+00   0.000000000000E+00   8.330563323773E-01   9.399274633598E-01   0.000000000000E+00  -1.114407867354E-01   9.172128016178E-01
   0.000000000000E+00   0.000000000000E+00   0.000000000000E+00   0.000000000000E+00   0.000000000000E+00  -3.547111903298E-01  -7.870283414415E-01   0.000000000000E+00  -2.074074389416E-01  -5.041867737103E-01   0.000000000000E+00   0.000000000000E+00   0.000000000000E+00   0.000000000000E+00   0.000000000000E+00   6.607443440268E-01   8.766731577744E-01   0.000000000000E+00  -1.865513044760E-01   8.574593514877E-01
   0.000000000000E+00   0.000000000000E+00   0.000000000000E+00   0.000000000000E+00   0.000000000000E+00  -1.152445918341E-01  -6.467718549556E-01   0.000000000000E+00  -3.309376711663E-02  -4.079436446032E-01   0.000000000000E+00   0.000000000000E+00   0.000000000000E+00   0.000000000000E+00   0.000000000000E+00   4.623035984795E-01   7.981684596691E-01   0.000000000000E+00  -2.642737042115E-01   8.001977116770E-01
   0.000000000000E+00   0.000000000000E+00   0.000000000000E+00   0.000000000000E+00   0.000000000000E+00   4.354956087694E-02  -5.228902148982E-01   0.000000000000E+00   1.098238100950E-01  -3.943425969063E-01   0.000000000000E+00   0.000000000000E+00   0.000000000000E+00   0.000000000000E+00   0.000000000000E+00   2.610888011267E-01   7.107529555826E-01   0.000000000000E+00  -3.342502710697E-01   7.447375133608E-01
   0.000000000000E+00   0.000000000000E+00   0.000000000000E+00   0.000000000000E+00   0.000000000000E+00   1.352396575656E-01  -4.196206014230E-01   0.000000000000E+00   2.054226393822E-01  -3.988207821004E-01   0.000000000000E+00   0.000000000000E+00   0.000000000000E+00   0.000000000000E+00   0.000000000000E+00   7.501041164098E-02   6.199938369020E-01   0.000000000000E+00  -3.890559621996E-01   6.885927003521E-01
   0.000000000000E+00   0.000000000000E+00   0.000000000000E+00   0.000000000000E+00   0.000000000000E+00   1.800691992150E-01  -3.362905098565E-01   0.000000000000E+00   2.586624076050E-01  -3.965567599698E-01   0.000000000000E+00   0.000000000000E+00   0.000000000000E+00   0.000000000000E+00   0.000000000000E+00  -8.387848296427E-02   5.304156217611E-01   0.000000000000E+00  -4.247821118353E-01   6.301276512436E-01
   0.000000000000E+00   0.000000000000E+00   0.000000000000E+00   0.000000000000E+00   0.000000000000E+00   1.961946328270E-01  -2.701289483608E-01   0.000000000000E+00   2.805497801769E-01  -3.819835728730E-01   0.000000000000E+00   0.000000000000E+00   0.000000000000E+00   0.000000000000E+00   0.000000000000E+00  -2.089361457886E-01   4.454417799690E-01   0.000000000000E+00  -4.405190511644E-01   5.690419954062E-01
   0.000000000000E+00   0.000000000000E+00   0.000000000000E+00   0.000000000000E+00   0.000000000000E+00   1.970765071641E-01  -2.178225838540E-01   0.000000000000E+00   2.818323380302E-01  -3.570331164614E-01   0.000000000000E+00   0.000000000000E+00   0.000000000000E+00   0.000000000000E+00   0.000000000000E+00  -2.981010154297E-01   3.674490124079E-01   0.000000000000E+00  -4.375961586903E-01   5.060994889568E-01
   0.000000000000E+00   0.000000000000E+00   0.000000000000E+00   0.000000000000E+00   0.000000000000E+00   1.911533263191E-01  -1.762907923613E-01   0.000000000000E+00   2.707186267630E-01  -3.254747223796E-01   0.000000000000E+00   0.000000000000E+00   0.000000000000E+00   0.000000000000E+00   0.000000000000E+00  -3.528856909294E-01   2.978820118987E-01   0.000000000000E+00  -4.188427655685E-01   4.427131576520E-01
   0.000000000000E+00   0.000000000000E+00   0.000000000000E+00   0.000000000000E+00   0.000000000000E+00   1.828559850388E-01  -1.429960796024E-01   0.000000000000E+00   2.526845795162E-01  -2.907131851952E-01   0.000000000000E+00   0.000000000000E+00   0.000000000000E+00   0.000000000000E+00   0.000000000000E+00  -3.773137177444E-01   2.374004516341E-01   0.000000000000E+00  -3.879230884114E-01   3.805689724780E-01
   0.000000000000E+00   0.000000000000E+00   0.000000000000E+00   0.000000000000E+00   0.000000000000E+00   1.739733722703E-01  -1.159949240593E-01   0.000000000000E+00   2.310916113180E-01  -2.552395386380E-01   0.000000000000E+00   0.000000000000E+00   0.000000000000E+00   0.000000000000E+00   0.000000000000E+00  -3.768959301875E-01   1.860400755191E-01   0.000000000000E+00  -3.487666483562E-01   3.213263513150E-01
   0.000000000000E+00   0.000000000000E+00   0.000000000000E+00   0.000000000000E+00   0.000000000000E+00   1.648386839227E-01  -9.386513544801E-02   0.000000000000E+00   2.079169037266E-01  -2.207029389627E-01   0.000000000000E+00   0.000000000000E+00   0.000000000000E+00   0.000000000000E+00   0.000000000000E+00  -3.577315364629E-01   1.433738692619E-01   0.000000000000E+00  -3.051191755106E-01   2.664033686606E-01
   0.000000000000E+00   0.000000000000E+00   0.000000000000E+00   0.000000000000E+00   0.000000000000E+00   1.551809334812E-01  -7.559097167120E-02   0.000000000000E+00   1.843358862210E-01  -1.881363560467E-01   0.000000000000E+00   0.000000000000E+00   0.000000000000E+00   0.000000000000E+00   0.000000000000E+00  -3.257948649419E-01   1.086620022718E-01   0.000000000000E+00  -2.602313908564E-01   2.168477181024E-01
   0.000000000000E+00   0.000000000000E+00   0.000000000000E+00   0.000000000000E+00   0.000000000000E+00   1.446471162096E-01  -6.044876867273E-02   0.000000000000E+00   1.611045029936E-01  -1.581614443560E-01   0.000000000000E+00   0.000000000000E+00   0.000000000000E+00   0.000000000000E+00   0.000000000000E+00  -2.864348703781E-01   8.098230436601E-02   0.000000000000E+00  -2.166851644034E-01   1.732866845411E-01
   0.000000000000E+00   0.000000000000E+00   0.000000000000E+00   0.000000000000E+00   0.000000000000E+00   1.330577999669E-01  -4.791177770124E-02   0.000000000000E+00   1.387689714960E-01  -1.311283486644E-01   0.000000000000E+00   0.000000000000E+00   0.000000000000E+00   0.000000000000E+00   0.000000000000E+00  -2.440817107460E-01   5.933652099185E-02   0.000000000000E+00  -1.763389618413E-01   1.359411013720E-01
   0.000000000000E+00   0.000000000000E+00   0.000000000000E+00   0.000000000000E+00   0.000000000000E+00   1.204781489787E-01  -3.757957377868E-02   0.000000000000E+00   1.177567206444E-01  -1.071983487470E-01   0.000000000000E+00   0.000000000000E+00   0.000000000000E+00   0.000000000000E+00   0.000000000000E+00  -2.021307582393E-01   4.273092189819E-02   0.000000000000E+00  -1.403636385589E-01   1.046833164202E-01
   0.000000000000E+00   0.000000000000E+00   0.000000000000E+00   0.000000000000E+00   0.000000000000E+00   1.071844426249E-01  -2.913034821276E-02   0.000000000000E+00   9.840211847616E-02  -8.639139172575E-02   0.000000000000E+00   0.000000000000E+00   0.000000000000E+00   0.000000000000E+00   0.000000000000E+00  -1.629618085449E-01   3.023251966554E-02   0.000000000000E+00  -1.093365840291E-01   7.911877586963E-02
   0.000000000000E+00   0.000000000000E+00   0.000000000000E+00   0.000000000000E+00   0.000000000000E+00   9.358630479506E-02  -2.229134194405E-02   0.000000000000E+00   8.094577792267E-02  -6.861681077174E-02   0.000000000000E+00   0.000000000000E+00   0.000000000000E+00   0.000000000000E+00   0.000000000000E+00  -1.280486217725E-01   2.100395523633E-02   0.000000000000E+00  -8.336508168430E-02   5.867392260680E-02
   0.000000000000E+00   0.000000000000E+00   0.000000000000E+00   0.000000000000E+00   0.000000000000E+00   8.014133485511E-02  -1.682232139031E-02   0.000000000000E+00   6.552930474163E-02  -5.369765588191E-02   0.000000000000E+00   0.000000000000E+00   0.000000000000E+00   0.000000000000E+00   0.000000000000E+00  -9.811820212834E-02   1.432104305779E-02   0.000000000000E+00  -6.221588769169E-02   4.267792849213E-02
   0.000000000000E+00   0.000000000000E+00   0.000000000000E+00   0.000000000000E+00   0.000000000000E+00   6.728177234045E-02  -1.250754844048E-02   0.000000000000E+00   5.219531148486E-02  -4.139308969647E-02   0.000000000000E+00   0.000000000000E+00   0.000000000000E+00   0.000000000000E+00   0.000000000000E+00  -7.332722980709E-02   9.577199024797E-03   0.000000000000E+00  -4.543518930674E-02   3.043081562473E-02
   0.000000000000E+00   0.000000000000E+00   0.000000000000E+00   0.000000000000E+00   0.000000000000E+00   5.536258751682E-02  -9.152771593435E-03   0.000000000000E+00   4.089572749474E-02  -3.142017878193E-02   0.000000000000E+00   0.000000000000E+00   0.000000000000E+00   0.000000000000E+00   0.000000000000E+00  -5.343227276817E-02   6.278711301386E-03   0.000000000000E+00  -3.244977264987E-02   2.125481987464E-02
   0.000000000000E+00   0.000000000000E+00   0.000000000000E+00   0.000000000000E+00   0.000000000000E+00   4.463403802822E-02  -6.584677019808E-03   0.000000000000E+00   3.150787795500E-02  -2.347487847894E-02   0.000000000000E+00   0.000000000000E+00   0.000000000000E+00   0.000000000000E+00   0.000000000000E+00  -3.793913922990E-02   4.034259129247E-03   0.000000000000E+00  -2.264561893365E-02   1.452900144173E-02
   0.000000000000E+00   0.000000000000E+00   0.000000000000E+00   0.000000000000E+00   0.000000000000E+00   3.523716452527E-02  -4.651084876527E-03   0.000000000000E+00   2.385595350672E-02  -1.725130953018E-02   0.000000000000E+00   0.000000000000E+00   0.000000000000E+00   0.000000000000E+00   0.000000000000E+00  -2.622404244890E-02   2.541401464144E-03   0.000000000000E+00  -1.542400106956E-02   9.709080795616E-03
   0.000000000000E+00   0.000000000000E+00   0.000000000000E+00   0.000000000000E+00   0.000000000000E+00   2.721650656545E-02  -3.220854572738E-03   0.000000000000E+00   1.773419827004E-02  -1.245794717334E-02   0.000000000000E+00   0.000000000000E+00   0.000000000000E+00   0.000000000000E+00   0.000000000000E+00  -1.762476227376E-02   1.572063006928E-03   0.000000000000E+00  -1.023755182873E-02   6.335453220923E-03
   0.000000000000E+00   0.000000000000E+00   0.000000000000E+00   0.000000000000E+00   0.000000000000E+00   2.054119787301E-02  -2.183086721266E-03   0.000000000000E+00   1.292751806653E-02  -8.829176402857E-03   0.000000000000E+00   0.000000000000E+00   0.000000000000E+00   0.000000000000E+00   0.000000000000E+00  -1.150370832757E-02   9.584141412198E-04   0.000000000000E+00  -6.609979045616E-03   4.032572909599E-03
   0.000000000000E+00   0.000000000000E+00   0.000000000000E+00   0.000000000000E+00   0.000000000000E+00   1.512590862758E-02  -1.445686438330E-03   0.000000000000E+00   9.226248731883E-03  -6.131405151873E-03   0.000000000000E+00   0.000000000000E+00   0.000000000000E+00   0.000000000000E+00   0.000000000000E+00  -7.286947014436E-03   5.800126678288E-04   0.000000000000E+00  -4.143431371909E-03   2.502660780612E-03
   0.000000000000E+00   0.000000000000E+00   0.000000000000E+00   0.000000000000E+00   0.000000000000E+00   1.084842266412E-02  -9.335548711308E-04   0.000000000000E+00   6.435048377642E-03  -4.164688031058E-03   0.000000000000E+00   0.000000000000E+00   0.000000000000E+00   0.000000000000E+00   0.000000000000E+00  -4.484183259058E-03   3.526624731242E-04   0.000000000000E+00  -2.517275690170E-03   1.516199995437E-03
   0.000000000000E+00   0.000000000000E+00   0.000000000000E+00   0.000000000000E+00   0.000000000000E+00   7.562340638503E-03  -5.866445036380E-04   0.000000000000E+00   4.376673608650E-03  -2.761035888845E-03   0.000000000000E+00   0.000000000000E+00   0.000000000000E+00   0.000000000000E+00   0.000000000000E+00  -2.694743390535E-03   2.191436385005E-04   0.000000000000E+00  -1.481489488619E-03   9.011031467546E-04
   0.000000000000E+00   0.000000000000E+00   0.000000000000E+00   0.000000000000E+00   0.000000000000E+00   5.110880124368E-03  -3.579944534515E-04   0.000000000000E+00   2.894960357516E-03  -1.782257372051E-03   0.000000000000E+00   0.000000000000E+00   0.000000000000E+00   0.000000000000E+00   0.000000000000E+00  -1.604111418156E-03   1.417661923686E-04   0.000000000000E+00  -8.471887525813E-04   5.318724554907E-04
   0.000000000000E+00   0.000000000000E+00   0.000000000000E+00   0.000000000000E+00   0.000000000000E+00   3.339384737084E-03  -2.117790060365E-04   0.000000000000E+00   1.856570331076E-03  -1.117312347309E-03   0.000000000000E+00   0.000000000000E+00   0.000000000000E+00   0.000000000000E+00   0.000000000000E+00  -9.747909601390E-04   9.657730284979E-05   0.000000000000E+00  -4.761319051794E-04   3.195888905383E-04
   0.000000000000E+00   0.000000000000E+00   0.000000000000E+00   0.000000000000E+00   0.000000000000E+00   2.100912307657E-03  -1.213779265379E-04   0.000000000000E+00   1.149147388775E-03  -6.780874765916E-04   0.000000000000E+00   0.000000000000E+00   0.000000000000E+00   0.000000000000E+00   0.000000000000E+00  -6.343942292082E-04   6.898994482643E-05   0.000000000000E+00  -2.704377373916E-04   2.031827808291E-04
   0.000000000000E+00   0.000000000000E+00   0.000000000000E+00   0.000000000000E+00   0.000000000000E+00   1.265762064277E-03  -6.756573870805E-05   0.000000000000E+00   6.819724196617E-04  -3.969314197310E-04   0.000000000000E+00   0.000000000000E+00   0.000000000000E+00   0.000000000000E+00   0.000000000000E+00  -4.630271139642E-04   5.058221299976E-05   0.000000000000E+00  -1.632647558759E-04   1.421589413364E-04
   0.000000000000E+00   0.000000000000E+00   0.000000000000E+00   0.000000000000E+00   0.000000000000E+00   7.268787176711E-04  -3.688599383199E-05   0.000000000000E+00   3.850861815042E-04  -2.238060808093E-04   0.000000000000E+00   0.000000000000E+00   0.000000000000E+00   0.000000000000E+00   0.000000000000E+00  -3.813196404918E-04   3.682553265820E-05   0.000000000000E+00  -1.108282202197E-04   1.107620204833E-04
   0.000000000000E+00   0.000000000000E+00   0.000000000000E+00   0.000000000000E+00   0.000000000000E+00   3.953279330991E-04  -2.020717065184E-05   0.000000000000E+00   2.040422536345E-04  -1.216192046190E-04   0.000000000000E+00   0.000000000000E+00   0.000000000000E+00   0.000000000000E+00   0.000000000000E+00  -3.398760312782E-04   2.552529915440E-05   0.000000000000E+00  -8.587000998509E-05   9.345513459273E-05
   0.000000000000E+00   0.000000000000E+00   0.000000000000E+00   0.000000000000E+00   0.000000000000E+00   2.044902756480E-04  -1.157283044154E-05   0.000000000000E+00   9.985873416403E-05  -6.470970567372E-05   0.000000000000E+00   0.000000000000E+00   0.000000000000E+00   0.000000000000E+00   0.000000000000E+00  -3.104913621034E-04   1.579033968628E-05   0.000000000000E+00  -7.252763198128E-05   8.152815049320E-05
   0.000000000000E+00   0.000000000000E+00   0.000000000000E+00   0.000000000000E+00   0.000000000000E+00   1.032778877758E-04  -7.257756365969E-06   0.000000000000E+00   4.396061292948E-05  -3.509236373172E-05   0.000000000000E+00   0.000000000000E+00   0.000000000000E+00   0.000000000000E+00   0.000000000000E+00  -2.791880626481E-04   7.382157676631E-06   0.000000000000E+00  -6.245171376643E-05   7.063411738330E-05
   0.000000000000E+00   0.000000000000E+00   0.000000000000E+00   0.000000000000E+00   0.000000000000E+00   5.618762360138E-05  -5.055661309575E-06   0.000000000000E+00   1.712315490750E-05  -2.109953029528E-05   0.000000000000E+00   0.000000000000E+00   0.000000000000E+00   0.000000000000E+00   0.000000000000E+00  -2.409421024653E-04   3.275227102555E-07   0.000000000000E+00  -5.197660693129E-05   5.905921468928E-05
   0.000000000000E+00   0.000000000000E+00   0.000000000000E+00   0.000000000000E+00   0.000000000000E+00   3.871953934816E-05  -3.752735712528E-06   0.000000000000E+00   6.443415009302E-06  -1.524306076045E-05   0.000000000000E+00   0.000000000000E+00   0.000000000000E+00   0.000000000000E+00   0.000000000000E+00  -1.958700453695E-04  -5.293390013144E-06   0.000000000000E+00  -4.013931396146E-05   4.655238645562E-05
   0.000000000000E+00   0.000000000000E+00   0.000000000000E+00   0.000000000000E+00   0.000000000000E+00   3.520148148680E-05  -2.752078466352E-06   0.000000000000E+00   3.823901270378E-06  -1.304568693400E-05   0.000000000000E+00   0.000000000000E+00   0.000000000000E+00   0.000000000000E+00   0.000000000000E+00  -1.466100620833E-04  -9.447247935642E-06   0.000000000000E+00  -2.735434930251E-05   3.356789767080E-05
   0.000000000000E+00   0.000000000000E+00   0.000000000000E+00   0.000000000000E+00   0.000000000000E+00   3.631477463269E-05  -1.816166722176E-06   0.000000000000E+00   4.478218457220E-06  -1.202365099154E-05   0.000000000000E+00   0.000000000000E+00   0.000000000000E+00   0.000000000000E+00   0.000000000000E+00  -9.663181413032E-05  -1.218110806733E-05   0.000000000000E+00  -1.457627608444E-05   2.080230923343E-05
   0.000000000000E+00   0.000000000000E+00   0.000000000000E+00   0.000000000000E+00   0.000000000000E+00   3.709695582596E-05  -8.951346642260E-07   0.000000000000E+00   5.814017814546E-06  -1.095600906567E-05   0.000000000000E+00   0.000000000000E+00   0.000000000000E+00   0.000000000000E+00   0.000000000000E+00  -4.923554480697E-05  -1.361957675643E-05   0.000000000000E+00  -2.810493487453E-06   8.933787083488E-06
   0.000000000000E+00   0.000000000000E+00   0.000000000000E+00   0.000000000000E+00   0.000000000000E+00   3.544107361461E-05  -2.554263943366E-08   0.000000000000E+00   6.642549321730E-06  -9.387687994367E-06   0.000000000000E+00   0.000000000000E+00   0.000000000000E+00   0.000000000000E+00   0.000000000000E+00  -7.037715143784E-06  -1.394510004689E-05   0.000000000000E+00   7.138165291710E-06  -1.505333726833E-06
   0.000000000000E+00   0.000000000000E+00   0.000000000000E+00   0.000000000000E+00   0.000000000000E+00   3.096186560523E-05   7.345014798572E-07   0.000000000000E+00   6.600134744568E-06  -7.285029796227E-06   0.000000000000E+00   0.000000000000E+00   0.000000000000E+00   0.000000000000E+00   0.000000000000E+00   2.821913130189E-05  -1.337320571278E-05   0.000000000000E+00   1.476299117215E-05  -1.017279674945E-05
   0.000000000000E+00   0.000000000000E+00   0.000000000000E+00   0.000000000000E+00   0.000000000000E+00   2.418971052059E-05   1.334631015152E-06   0.000000000000E+00   5.759362784671E-06  -4.814863523496E-06   0.000000000000E+00   0.000000000000E+00   0.000000000000E+00   0.000000000000E+00   0.000000000000E+00   5.565606833398E-05  -1.212924420523E-05   0.000000000000E+00   1.986042967469E-05  -1.691249021289E-05
   0.000000000000E+00   0.000000000000E+00   0.000000000000E+00   0.000000000000E+00   0.000000000000E+00   1.604635820942E-05   1.744995902662E-06   0.000000000000E+00   4.389933952355E-06  -2.213072705348E-06   0.000000000000E+00   0.000000000000E+00   0.000000000000E+00   0.000000000000E+00   0.000000000000E+00   7.513699482020E-05  -1.042972388160E-05   0.000000000000E+00   2.248547897406E-05  -2.172584426361E-05
   0.000000000000E+00   0.000000000000E+00   0.000000000000E+00   0.000000000000E+00   0.000000000000E+00   7.519344219112E-06   1.957999091674E-06   0.000000000000E+00   2.816828279552E-06   2.901413550905E-07   0.000000000000E+00   0.000000000000E+00   0.000000000000E+00   0.000000000000E+00   0.000000000000E+00   8.709932870151E-05  -8.469203656528E-06   0.000000000000E+00   2.288600698738E-05  -2.473360152115E-05
   0.000000000000E+00   0.000000000000E+00   0.000000000000E+00   0.000000000000E+00   0.000000000000E+00  -5.668061014764E-07   1.988256023715E-06   0.000000000000E+00   1.296785485568E-06   2.519536055762E-06   0.000000000000E+00   0.000000000000E+00   0.000000000000E+00   0.000000000000E+00   0.000000000000E+00   9.237622985887E-05  -6.412493159995E-06   0.000000000000E+00   2.143381457203E-05  -2.613697559570E-05
   0.000000000000E+00   0.000000000000E+00   0.000000000000E+00   0.000000000000E+00   0.000000000000E+00  -7.580541907057E-06   1.862231207826E-06   0.000000000000E+00   3.679535254053E-08   4.351130106445E-06   0.000000000000E+00   0.000000000000E+00   0.000000000000E+00   0.000000000000E+00   0.000000000000E+00   9.203399715369E-05  -4.391310201038E-06   0.000000000000E+00   1.856257683394E-05  -2.618308222727E-05
   0.000000000000E+00   0.000000000000E+00   0.000000000000E+00   0.000000000000E+00   0.000000000000E+00  -1.313237645941E-05   1.615294428362E-06   0.000000000000E+00  -8.524535512618E-07   5.723964487326E-06   0.000000000000E+00   0.000000000000E+00   0.000000000000E+00   0.000000000000E+00   0.000000000000E+00   8.723661866401E-05  -2.504332262490E-06   0.000000000000E+00   1.471751810150E-05  -2.513681955017E-05
   0.000000000000E+00   0.000000000000E+00   0.000000000000E+00   0.000000000000E+00   0.000000000000E+00  -1.705334755958E-05   1.285064970325E-06   0.000000000000E+00  -1.324175318840E-06   6.622136954029E-06   0.000000000000E+00   0.000000000000E+00   0.000000000000E+00   0.000000000000E+00   0.000000000000E+00   7.914160644366E-05  -8.195930869161E-07   0.000000000000E+00   1.031825182682E-05  -2.325969502364E-05
   0.000000000000E+00   0.000000000000E+00   0.000000000000E+00   0.000000000000E+00   0.000000000000E+00  -1.933915667218E-05   9.079644354207E-07   0.000000000000E+00  -1.393232334643E-06   7.068929740634E-06   0.000000000000E+00   0.000000000000E+00   0.000000000000E+00   0.000000000000E+00   0.000000000000E+00   6.882633369072E-05   6.216913777452E-07   0.000000000000E+00   5.734155246125E-06  -2.079513645801E-05
   0.000000000000E+00   0.000000000000E+00   0.000000000000E+00   0.000000000000E+00   0.000000000000E+00  -2.012634350385E-05   5.162102423036E-07   0.000000000000E+00  -1.115428206550E-06   7.113442738514E-06   0.000000000000E+00   0.000000000000E+00   0.000000000000E+00   0.000000000000E+00   0.000000000000E+00   5.724132896855E-05   1.800601522718E-06   0.000000000000E+00   1.270548910808E-06  -1.795934688801E-05
   0.000000000000E+00   0.000000000000E+00   0.000000000000E+00   0.000000000000E+00   0.000000000000E+00  -1.963125735046E-05   1.367205118053E-07   0.000000000000E+00  -5.750871547021E-07   6.821807251376E-06   0.000000000000E+00   0.000000000000E+00   0.000000000000E+00   0.000000000000E+00   0.000000000000E+00   4.518571750894E-05   2.715843007313E-06   0.000000000000E+00  -2.836501472016E-06  -1.493659386317E-05
   0.000000000000E+00   0.000000000000E+00   0.000000000000E+00   0.000000000000E+00   0.000000000000E+00  -1.810705023385E-05  -2.100376799280E-07   0.000000000000E+00   1.452251760191E-07   6.263102203545E-06   0.000000000000E+00   0.000000000000E+00   0.000000000000E+00   0.000000000000E+00   0.000000000000E+00   3.329971921317E-05   3.379301391927E-06   0.000000000000E+00  -6.418986299411E-06  -1.187783934693E-05
   0.000000000000E+00   0.000000000000E+00   0.000000000000E+00   0.000000000000E+00   0.000000000000E+00  -1.582903401066E-05  -5.104509514668E-07   0.000000000000E+00   9.541097506834E-07   5.509622503277E-06   0.000000000000E+00   0.000000000000E+00   0.000000000000E+00   0.000000000000E+00   0.000000000000E+00   2.206942935257E-05   3.812055452469E-06   0.000000000000E+00  -9.371386883252E-06  -8.901732047841E-06


Spline
12 0.0553585
112.9353346817185 2.801373701455403 -0.1119994835253462
0.035 0.0375    0.204206 -35.71077211012958 2016.504000000031 24177.93762071238
0.0375 0.04    0.12791 -25.17491577974109 2197.838532155373 -120889.6881035729
0.04 0.0425    0.07682029999999999 -16.45240477090621 1291.165871378576 -57585.58520643491
0.0425 0.045    0.0428593 -11.07630513663398 859.2739823303137 16659.22892930921
0.045 0.04533    0.0207993 -6.467574682557872 984.2181993001326 -2167173.572075024
0.04533 0.045334    0.0186943 -6.526006277016704 -1161.283637054166 353213222.4907721
0.045334 0.046259    0.0186682 -6.518342311433599 3077.275032831984 -1324559.571220061
0.046259 0.047184    0.0142234 -4.225362350069925 -598.3777773036936 561811.1110751317
0.047184 0.0493131    0.0102476 -3.890262342340788 960.6480559297889 -100763.5210502349
0.0493131 0.0503195    0.00534702 -1.169934109375229 317.0412179256228 -143026.9144497911
0.0503195 0.0513259    0.00434492 -0.9663840979460291 -114.7856421811885 10348.58893883691
0.0513259 0.0553585    0.00326664 -1.165980214261954 -83.5411824570522 -5782.515169399558 27636944.82683195 -3877959552.095367

This SPLINE is just a DUMMY-SPLINE!!!!!!!!!!!!!!!

