0.200000 46
   0.000000000000E+00 0.0 0.0 0.0 0.0 0.0 0.0 0.0 0.0 0.0 0.0 0.0 0.0 0.0 0.0 0.0 0.0 0.0 0.0 0.0
   0.000000000000E+00   0.000000000000E+00   0.000000000000E+00   0.000000000000E+00   0.000000000000E+00   0.000000000000E+00   0.000000000000E+00   0.000000000000E+00   0.000000000000E+00   0.000000000000E+00   0.000000000000E+00   0.000000000000E+00   0.000000000000E+00   0.000000000000E+00   0.000000000000E+00   0.000000000000E+00   0.000000000000E+00   0.000000000000E+00   0.000000000000E+00   0.000000000000E+00
   0.000000000000E+00   0.000000000000E+00   0.000000000000E+00   0.000000000000E+00   0.000000000000E+00  -7.289826151163E-01  -9.990652026694E-01   0.000000000000E+00  -3.135391022302E-01  -8.896840016939E-01   0.000000000000E+00   0.000000000000E+00   0.000000000000E+00   0.000000000000E+00   0.000000000000E+00   7.781548551427E-01   8.750358382234E-01   0.000000000000E+00  -7.506394777921E-02   8.791701679476E-01
   0.000000000000E+00   0.000000000000E+00   0.000000000000E+00   0.000000000000E+00   0.000000000000E+00  -4.152174223700E-01  -8.549076728248E-01   0.000000000000E+00  -1.592552680943E-01  -5.857413643307E-01   0.000000000000E+00   0.000000000000E+00   0.000000000000E+00   0.000000000000E+00   0.000000000000E+00   6.226510372157E-01   8.177843574668E-01   0.000000000000E+00  -1.336397177543E-01   8.235748916747E-01
   0.000000000000E+00   0.000000000000E+00   0.000000000000E+00   0.000000000000E+00   0.000000000000E+00  -1.606339482737E-01  -7.110561155015E-01   0.000000000000E+00   2.310785012976E-02  -4.833557852163E-01   0.000000000000E+00   0.000000000000E+00   0.000000000000E+00   0.000000000000E+00   0.000000000000E+00   4.445706162137E-01   7.469723949224E-01   0.000000000000E+00  -1.970618610190E-01   7.713029105879E-01
   0.000000000000E+00   0.000000000000E+00   0.000000000000E+00   0.000000000000E+00   0.000000000000E+00   1.746113866939E-02  -5.815172099172E-01   0.000000000000E+00   1.701997429572E-01  -4.618675135963E-01   0.000000000000E+00   0.000000000000E+00   0.000000000000E+00   0.000000000000E+00   0.000000000000E+00   2.650867273937E-01   6.684174618422E-01   0.000000000000E+00  -2.557284998581E-01   7.215856999410E-01
   0.000000000000E+00   0.000000000000E+00   0.000000000000E+00   0.000000000000E+00   0.000000000000E+00   1.290043980836E-01  -4.711681761321E-01   0.000000000000E+00   2.662012458601E-01  -4.581412453970E-01   0.000000000000E+00   0.000000000000E+00   0.000000000000E+00   0.000000000000E+00   0.000000000000E+00   1.000786256819E-01   5.871585286806E-01   0.000000000000E+00  -3.028215929286E-01   6.717459724387E-01
   0.000000000000E+00   0.000000000000E+00   0.000000000000E+00   0.000000000000E+00   0.000000000000E+00   1.911294123137E-01  -3.800993558584E-01   0.000000000000E+00   3.164866271510E-01  -4.478123097278E-01   0.000000000000E+00   0.000000000000E+00   0.000000000000E+00   0.000000000000E+00   0.000000000000E+00  -4.015696875665E-02   5.072228041562E-01   0.000000000000E+00  -3.347433195693E-01   6.197836503007E-01
   0.000000000000E+00   0.000000000000E+00   0.000000000000E+00   0.000000000000E+00   0.000000000000E+00   2.199439394685E-01  -3.062471125286E-01   0.000000000000E+00   3.326559595028E-01  -4.254865256437E-01   0.000000000000E+00   0.000000000000E+00   0.000000000000E+00   0.000000000000E+00   0.000000000000E+00  -1.504533086623E-01   4.315830606094E-01   0.000000000000E+00  -3.505452584216E-01   5.650293758366E-01
   0.000000000000E+00   0.000000000000E+00   0.000000000000E+00   0.000000000000E+00   0.000000000000E+00   2.280579841431E-01  -2.468515538859E-01   0.000000000000E+00   3.261864146136E-01  -3.932360708107E-01   0.000000000000E+00   0.000000000000E+00   0.000000000000E+00   0.000000000000E+00   0.000000000000E+00  -2.298865713614E-01   3.622194647403E-01   0.000000000000E+00  -3.512286654289E-01   5.079975365945E-01
   0.000000000000E+00   0.000000000000E+00   0.000000000000E+00   0.000000000000E+00   0.000000000000E+00   2.241445597980E-01  -1.991924399042E-01   0.000000000000E+00   3.061249769632E-01  -3.549986989536E-01   0.000000000000E+00   0.000000000000E+00   0.000000000000E+00   0.000000000000E+00   0.000000000000E+00  -2.806307148351E-01   3.002475336953E-01   0.000000000000E+00  -3.390930979470E-01   4.499750431809E-01
   0.000000000000E+00   0.000000000000E+00   0.000000000000E+00   0.000000000000E+00   0.000000000000E+00   2.136437895610E-01  -1.609021614942E-01   0.000000000000E+00   2.788197132476E-01  -3.143567298413E-01   0.000000000000E+00   0.000000000000E+00   0.000000000000E+00   0.000000000000E+00   0.000000000000E+00  -3.067644189007E-01   2.460842163245E-01   0.000000000000E+00  -3.171390425677E-01   3.925858592672E-01
   0.000000000000E+00   0.000000000000E+00   0.000000000000E+00   0.000000000000E+00   0.000000000000E+00   1.997478460383E-01  -1.300476040609E-01   0.000000000000E+00   2.484355136701E-01  -2.739475761462E-01   0.000000000000E+00   0.000000000000E+00   0.000000000000E+00   0.000000000000E+00   0.000000000000E+00  -3.132217773662E-01   1.996254657377E-01   0.000000000000E+00  -2.885499629200E-01   3.374367011194E-01
   0.000000000000E+00   0.000000000000E+00   0.000000000000E+00   0.000000000000E+00   0.000000000000E+00   1.842474990235E-01  -1.051021344521E-01   0.000000000000E+00   2.175917268925E-01  -2.355008583302E-01   0.000000000000E+00   0.000000000000E+00   0.000000000000E+00   0.000000000000E+00   0.000000000000E+00  -3.049992166428E-01   1.604131391251E-01   0.000000000000E+00  -2.562958450773E-01   2.858805726444E-01
   0.000000000000E+00   0.000000000000E+00   0.000000000000E+00   0.000000000000E+00   0.000000000000E+00   1.681417611112E-01  -8.487705412409E-02   0.000000000000E+00   1.878864572119E-01  -2.000466222856E-01   0.000000000000E+00   0.000000000000E+00   0.000000000000E+00   0.000000000000E+00   0.000000000000E+00  -2.866438823226E-01   1.277768972318E-01   0.000000000000E+00  -2.228816892722E-01   2.388958197880E-01
   0.000000000000E+00   0.000000000000E+00   0.000000000000E+00   0.000000000000E+00   0.000000000000E+00   1.520238539902E-01  -6.844757104483E-02   0.000000000000E+00   1.602617975029E-01  -1.681215187583E-01   0.000000000000E+00   0.000000000000E+00   0.000000000000E+00   0.000000000000E+00   0.000000000000E+00  -2.619880106227E-01   1.009449472224E-01   0.000000000000E+00  -1.902336205532E-01   1.970579291162E-01
   0.000000000000E+00   0.000000000000E+00   0.000000000000E+00   0.000000000000E+00   0.000000000000E+00   1.362876851258E-01  -5.508861605030E-02   0.000000000000E+00   1.352324302907E-01  -1.399244721482E-01   0.000000000000E+00   0.000000000000E+00   0.000000000000E+00   0.000000000000E+00   0.000000000000E+00  -2.340662450582E-01   7.912378840048E-02   0.000000000000E+00  -1.596928077811E-01   1.605741343852E-01
   0.000000000000E+00   0.000000000000E+00   0.000000000000E+00   0.000000000000E+00   0.000000000000E+00   1.212148121782E-01  -4.422521281932E-02   0.000000000000E+00   1.130220096426E-01  -1.154240171176E-01   0.000000000000E+00   0.000000000000E+00   0.000000000000E+00   0.000000000000E+00   0.000000000000E+00  -2.051502758891E-01   6.155092327565E-02   0.000000000000E+00  -1.320791959010E-01   1.293524417947E-01
   0.000000000000E+00   0.000000000000E+00   0.000000000000E+00   0.000000000000E+00   0.000000000000E+00   1.070039883200E-01  -3.539642579055E-02   0.000000000000E+00   9.365075304086E-02  -9.443453401983E-02   0.000000000000E+00   0.000000000000E+00   0.000000000000E+00   0.000000000000E+00   0.000000000000E+00  -1.768462075843E-01   4.752611383038E-02   0.000000000000E+00  -1.077900899393E-01   1.030827199828E-01
   0.000000000000E+00   0.000000000000E+00   0.000000000000E+00   0.000000000000E+00   0.000000000000E+00   9.378380778238E-02  -2.822963610858E-02   0.000000000000E+00   7.700015301315E-02  -7.667404590179E-02   0.000000000000E+00   0.000000000000E+00   0.000000000000E+00   0.000000000000E+00   0.000000000000E+00  -1.502156733554E-01   3.642688135336E-02   0.000000000000E+00  -8.690728784344E-02   8.131480465784E-02
   0.000000000000E+00   0.000000000000E+00   0.000000000000E+00   0.000000000000E+00   0.000000000000E+00   8.162378900333E-02  -2.242189530276E-02   0.000000000000E+00   6.286410261615E-02  -6.180878715619E-02   0.000000000000E+00   0.000000000000E+00   0.000000000000E+00   0.000000000000E+00   0.000000000000E+00  -1.258964912805E-01   2.771323808932E-02   0.000000000000E+00  -6.929618530644E-02   6.352517537937E-02
   0.000000000000E+00   0.000000000000E+00   0.000000000000E+00   0.000000000000E+00   0.000000000000E+00   7.054650164631E-02  -1.772599919952E-02   0.000000000000E+00   5.098869925609E-02  -4.948643935380E-02   0.000000000000E+00   0.000000000000E+00   0.000000000000E+00   0.000000000000E+00   0.000000000000E+00  -1.042101743200E-01   2.092560217565E-02   0.000000000000E+00  -5.468850132297E-02   4.916879737672E-02
   0.000000000000E+00   0.000000000000E+00   0.000000000000E+00   0.000000000000E+00   0.000000000000E+00   6.053976135120E-02  -1.393975389363E-02   0.000000000000E+00   4.110177877492E-02  -3.935960808234E-02   0.000000000000E+00   0.000000000000E+00   0.000000000000E+00   0.000000000000E+00   0.000000000000E+00  -8.525139194326E-02   1.567879664831E-02   0.000000000000E+00  -4.274609575537E-02   3.771604542349E-02
   0.000000000000E+00   0.000000000000E+00   0.000000000000E+00   0.000000000000E+00   0.000000000000E+00   5.156772328549E-02  -1.089749732937E-02   0.000000000000E+00   3.293361238127E-02  -3.110127093524E-02   0.000000000000E+00   0.000000000000E+00   0.000000000000E+00   0.000000000000E+00   0.000000000000E+00  -6.895906347230E-02   1.165412777230E-02   0.000000000000E+00  -3.310686550785E-02   2.867649207227E-02
   0.000000000000E+00   0.000000000000E+00   0.000000000000E+00   0.000000000000E+00   0.000000000000E+00   4.358018951732E-02  -8.463275256374E-03   0.000000000000E+00   2.623044120320E-02  -2.441400736849E-02   0.000000000000E+00   0.000000000000E+00   0.000000000000E+00   0.000000000000E+00   0.000000000000E+00  -5.517102308900E-02   8.590832629563E-03   0.000000000000E+00  -2.541543882083E-02   2.161214010728E-02
   0.000000000000E+00   0.000000000000E+00   0.000000000000E+00   0.000000000000E+00   0.000000000000E+00   3.651971759824E-02  -6.525303668810E-03   0.000000000000E+00   2.076238095112E-02  -1.903446575418E-02   0.000000000000E+00   0.000000000000E+00   0.000000000000E+00   0.000000000000E+00   0.000000000000E+00  -4.366499128244E-02   6.277675993808E-03   0.000000000000E+00  -1.934193600212E-02   1.614279047800E-02
   0.000000000000E+00   0.000000000000E+00   0.000000000000E+00   0.000000000000E+00   0.000000000000E+00   3.032624014130E-02  -4.991460623212E-03   0.000000000000E+00   1.632695637134E-02  -1.473435841887E-02   0.000000000000E+00   0.000000000000E+00   0.000000000000E+00   0.000000000000E+00   0.000000000000E+00  -3.418858699116E-02   4.545129633395E-03   0.000000000000E+00  -1.459193228222E-02   1.194596780508E-02
   0.000000000000E+00   0.000000000000E+00   0.000000000000E+00   0.000000000000E+00   0.000000000000E+00   2.493923796846E-02  -3.785648383607E-03   0.000000000000E+00   1.274939922522E-02  -1.131898899479E-02   0.000000000000E+00   0.000000000000E+00   0.000000000000E+00   0.000000000000E+00   0.000000000000E+00  -2.648076657182E-02   3.258343441174E-03   0.000000000000E+00  -1.091030198464E-02   8.753390080652E-03
   0.000000000000E+00   0.000000000000E+00   0.000000000000E+00   0.000000000000E+00   0.000000000000E+00   2.029803120044E-02  -2.844895770173E-03   0.000000000000E+00   9.880829673526E-03  -8.624270803566E-03   0.000000000000E+00   0.000000000000E+00   0.000000000000E+00   0.000000000000E+00   0.000000000000E+00  -2.028663822736E-02   2.310980531424E-03   0.000000000000E+00  -8.081066361005E-03   6.345501040736E-03
   0.000000000000E+00   0.000000000000E+00   0.000000000000E+00   0.000000000000E+00   0.000000000000E+00   1.634137393492E-02  -2.117073843670E-03   0.000000000000E+00   7.595472129223E-03  -6.513125661883E-03   0.000000000000E+00   0.000000000000E+00   0.000000000000E+00   0.000000000000E+00   0.000000000000E+00  -1.536719723837E-02   1.619908491454E-03   0.000000000000E+00  -5.924832622495E-03   4.545155676261E-03
   0.000000000000E+00   0.000000000000E+00   0.000000000000E+00   0.000000000000E+00   0.000000000000E+00   1.300630790284E-02  -1.559097920655E-03   0.000000000000E+00   5.787265705621E-03  -4.871597040463E-03   0.000000000000E+00   0.000000000000E+00   0.000000000000E+00   0.000000000000E+00   0.000000000000E+00  -1.150519991179E-02   1.120695228183E-03   0.000000000000E+00  -4.294954404508E-03   3.211193394115E-03
   0.000000000000E+00   0.000000000000E+00   0.000000000000E+00   0.000000000000E+00   0.000000000000E+00   1.023026813608E-02  -1.135494260543E-03   0.000000000000E+00   4.367858209396E-03  -3.605918696293E-03   0.000000000000E+00   0.000000000000E+00   0.000000000000E+00   0.000000000000E+00   0.000000000000E+00  -8.508142435609E-03   7.638361135529E-04   0.000000000000E+00  -3.073180183565E-03   2.232356649474E-03
   0.000000000000E+00   0.000000000000E+00   0.000000000000E+00   0.000000000000E+00   0.000000000000E+00   7.947554299590E-03  -8.172255107621E-04   0.000000000000E+00   3.262262155645E-03  -2.638399455394E-03   0.000000000000E+00   0.000000000000E+00   0.000000000000E+00   0.000000000000E+00   0.000000000000E+00  -6.209118671530E-03   5.116303961628E-04   0.000000000000E+00  -2.165281580192E-03   1.521809462963E-03
   0.000000000000E+00   0.000000000000E+00   0.000000000000E+00   0.000000000000E+00   0.000000000000E+00   6.095972710079E-03  -5.807162063958E-04   0.000000000000E+00   2.409036771465E-03  -1.906130784638E-03   0.000000000000E+00   0.000000000000E+00   0.000000000000E+00   0.000000000000E+00   0.000000000000E+00  -4.466180241483E-03   3.356236451734E-04   0.000000000000E+00  -1.496954804731E-03   1.012368383951E-03
   0.000000000000E+00   0.000000000000E+00   0.000000000000E+00   0.000000000000E+00   0.000000000000E+00   4.612945100601E-03  -4.069976538368E-04   0.000000000000E+00   1.756293999680E-03  -1.357462280497E-03   0.000000000000E+00   0.000000000000E+00   0.000000000000E+00   0.000000000000E+00   0.000000000000E+00  -3.160698958678E-03   2.145361102365E-04   0.000000000000E+00  -1.010150264879E-03   6.524650536108E-04
   0.000000000000E+00   0.000000000000E+00   0.000000000000E+00   0.000000000000E+00   0.000000000000E+00   3.442333016399E-03  -2.809734712063E-04   0.000000000000E+00   1.262353802394E-03  -9.513131557256E-04   0.000000000000E+00   0.000000000000E+00   0.000000000000E+00   0.000000000000E+00   0.000000000000E+00  -2.195126857727E-03   1.326024405713E-04   0.000000000000E+00  -6.598930471288E-04   4.028023427272E-04
   0.000000000000E+00   0.000000000000E+00   0.000000000000E+00   0.000000000000E+00   0.000000000000E+00   2.531364613503E-03  -1.907503109550E-04   0.000000000000E+00   8.927313087624E-04  -6.545566878444E-04   0.000000000000E+00   0.000000000000E+00   0.000000000000E+00   0.000000000000E+00   0.000000000000E+00  -1.490458250647E-03   7.825508609111E-05   0.000000000000E+00  -4.115983420243E-04   2.336347483075E-04
   0.000000000000E+00   0.000000000000E+00   0.000000000000E+00   0.000000000000E+00   0.000000000000E+00   1.831088879775E-03  -1.270797392171E-04   0.000000000000E+00   6.189194614537E-04  -4.405949513565E-04   0.000000000000E+00   0.000000000000E+00   0.000000000000E+00   0.000000000000E+00   0.000000000000E+00  -9.836195918528E-04   4.309119803867E-05   0.000000000000E+00  -2.388511434139E-04   1.225901077891E-04
   0.000000000000E+00   0.000000000000E+00   0.000000000000E+00   0.000000000000E+00   0.000000000000E+00   1.301417672524E-03  -8.285544624107E-05   0.000000000000E+00   4.190434218804E-04  -2.890436045076E-04   0.000000000000E+00   0.000000000000E+00   0.000000000000E+00   0.000000000000E+00   0.000000000000E+00  -6.249460157453E-04   2.107048099905E-05   0.000000000000E+00  -1.216012518619E-04   5.294749226176E-05
   0.000000000000E+00   0.000000000000E+00   0.000000000000E+00   0.000000000000E+00   0.000000000000E+00   9.066719307679E-04  -5.268022152968E-05   0.000000000000E+00   2.752712477785E-04  -1.837825333949E-04   0.000000000000E+00   0.000000000000E+00   0.000000000000E+00   0.000000000000E+00   0.000000000000E+00  -3.758480854042E-04   7.898887711838E-06   0.000000000000E+00  -4.471721748059E-05   1.229082563413E-05
   0.000000000000E+00   0.000000000000E+00   0.000000000000E+00   0.000000000000E+00   0.000000000000E+00   6.172571351974E-04  -3.250692255937E-05   0.000000000000E+00   1.737067079298E-04  -1.124463047695E-04   0.000000000000E+00   0.000000000000E+00   0.000000000000E+00   0.000000000000E+00   0.000000000000E+00  -2.067282128815E-04   5.600551197138E-07   0.000000000000E+00   3.157634540253E-06  -8.533841778743E-06
   0.000000000000E+00   0.000000000000E+00   0.000000000000E+00   0.000000000000E+00   0.000000000000E+00   4.089055547972E-04  -1.934220844814E-05   0.000000000000E+00   1.035642326915E-04  -6.561422638726E-05   0.000000000000E+00   0.000000000000E+00   0.000000000000E+00   0.000000000000E+00   0.000000000000E+00  -9.517261994300E-05  -3.037205781547E-06   0.000000000000E+00   3.050036412316E-05  -1.621954120271E-05
   0.000000000000E+00   0.000000000000E+00   0.000000000000E+00   0.000000000000E+00   0.000000000000E+00   2.618000319214E-04  -1.100135728943E-05   0.000000000000E+00   5.646392915303E-05  -3.614146445857E-05   0.000000000000E+00   0.000000000000E+00   0.000000000000E+00   0.000000000000E+00   0.000000000000E+00  -2.442044993597E-05  -4.321327984502E-06   0.000000000000E+00   4.360229907950E-05  -1.561008869066E-05
   0.000000000000E+00   0.000000000000E+00   0.000000000000E+00   0.000000000000E+00   0.000000000000E+00   1.602694366923E-04  -5.912910252914E-06   0.000000000000E+00   2.603276808116E-05  -1.870845042897E-05   0.000000000000E+00   0.000000000000E+00   0.000000000000E+00   0.000000000000E+00   0.000000000000E+00   1.790469716558E-05  -4.251279600335E-06   0.000000000000E+00   4.710258689056E-05  -1.016480004542E-05
   0.000000000000E+00   0.000000000000E+00   0.000000000000E+00   0.000000000000E+00   0.000000000000E+00   9.209203742587E-05  -2.963939399121E-06   0.000000000000E+00   7.460469439355E-06  -9.396476099408E-06   0.000000000000E+00   0.000000000000E+00   0.000000000000E+00   0.000000000000E+00   0.000000000000E+00   4.082547225080E-05  -3.457423076166E-06   0.000000000000E+00   4.439572629484E-05  -2.310287023198E-06
   0.000000000000E+00   0.000000000000E+00   0.000000000000E+00   0.000000000000E+00   0.000000000000E+00   4.782307369015E-05  -1.380539556538E-06   0.000000000000E+00  -2.867926773797E-06  -5.353565948875E-06   0.000000000000E+00   0.000000000000E+00   0.000000000000E+00   0.000000000000E+00   0.000000000000E+00   5.083341091081E-05  -2.343057812580E-06   0.000000000000E+00   3.794118897758E-05   6.293821714515E-06
   0.000000000000E+00   0.000000000000E+00   0.000000000000E+00   0.000000000000E+00   0.000000000000E+00   2.035597675244E-05  -6.346146236591E-07   0.000000000000E+00  -7.617304697609E-06  -4.544896326764E-06   0.000000000000E+00   0.000000000000E+00   0.000000000000E+00   0.000000000000E+00   0.000000000000E+00   5.253461889526E-05  -1.156814228286E-06   0.000000000000E+00   2.949772757202E-05   1.455438954069E-05


Spline
12 0.0553585
112.9353346817185 2.801373701455403 -0.1119994835253462
0.035 0.0375    0.204206 -35.71077211012958 2016.504000000031 24177.93762071238
0.0375 0.04    0.12791 -25.17491577974109 2197.838532155373 -120889.6881035729
0.04 0.0425    0.07682029999999999 -16.45240477090621 1291.165871378576 -57585.58520643491
0.0425 0.045    0.0428593 -11.07630513663398 859.2739823303137 16659.22892930921
0.045 0.04533    0.0207993 -6.467574682557872 984.2181993001326 -2167173.572075024
0.04533 0.045334    0.0186943 -6.526006277016704 -1161.283637054166 353213222.4907721
0.045334 0.046259    0.0186682 -6.518342311433599 3077.275032831984 -1324559.571220061
0.046259 0.047184    0.0142234 -4.225362350069925 -598.3777773036936 561811.1110751317
0.047184 0.0493131    0.0102476 -3.890262342340788 960.6480559297889 -100763.5210502349
0.0493131 0.0503195    0.00534702 -1.169934109375229 317.0412179256228 -143026.9144497911
0.0503195 0.0513259    0.00434492 -0.9663840979460291 -114.7856421811885 10348.58893883691
0.0513259 0.0553585    0.00326664 -1.165980214261954 -83.5411824570522 -5782.515169399558 27636944.82683195 -3877959552.095367

This SPLINE is just a DUMMY-SPLINE!!!!!!!!!!!!!!!

