0.200000 71
   0.000000000000E+00 0.0 0.0 0.0 0.0 0.0 0.0 0.0 0.0 0.0 0.0 0.0 0.0 0.0 0.0 0.0 0.0 0.0 0.0 0.0
   0.000000000000E+00   0.000000000000E+00   0.000000000000E+00   0.000000000000E+00   0.000000000000E+00   0.000000000000E+00   0.000000000000E+00   0.000000000000E+00   0.000000000000E+00   0.000000000000E+00   0.000000000000E+00   0.000000000000E+00   0.000000000000E+00   0.000000000000E+00   0.000000000000E+00   0.000000000000E+00   0.000000000000E+00   0.000000000000E+00   0.000000000000E+00   0.000000000000E+00
   0.000000000000E+00   0.000000000000E+00   0.000000000000E+00   0.000000000000E+00   0.000000000000E+00  -8.669878283459E-01  -1.108306731560E+00   0.000000000000E+00  -1.933242575480E-01  -1.140937989066E+00   0.000000000000E+00   0.000000000000E+00   0.000000000000E+00   0.000000000000E+00   0.000000000000E+00   8.850997815603E-01   9.599136340512E-01   0.000000000000E+00  -1.295088097245E-01   9.394099609407E-01
   0.000000000000E+00   0.000000000000E+00   0.000000000000E+00   0.000000000000E+00   0.000000000000E+00  -5.693154719013E-01  -9.771067691214E-01   0.000000000000E+00  -4.246623579989E-02  -8.703865616070E-01   0.000000000000E+00   0.000000000000E+00   0.000000000000E+00   0.000000000000E+00   0.000000000000E+00   7.632789964493E-01   9.154859967639E-01   0.000000000000E+00  -2.078228106726E-01   8.950201157693E-01
   0.000000000000E+00   0.000000000000E+00   0.000000000000E+00   0.000000000000E+00   0.000000000000E+00  -3.086276466552E-01  -8.409569445640E-01   0.000000000000E+00   1.333114351906E-01  -7.667558440035E-01   0.000000000000E+00   0.000000000000E+00   0.000000000000E+00   0.000000000000E+00   0.000000000000E+00   6.204579946500E-01   8.598538391887E-01   0.000000000000E+00  -2.871935192037E-01   8.528980905610E-01
   0.000000000000E+00   0.000000000000E+00   0.000000000000E+00   0.000000000000E+00   0.000000000000E+00  -1.076558723426E-01  -7.130448534493E-01   0.000000000000E+00   2.806088990540E-01  -7.309434620573E-01   0.000000000000E+00   0.000000000000E+00   0.000000000000E+00   0.000000000000E+00   0.000000000000E+00   4.712509681255E-01   7.970575443266E-01   0.000000000000E+00  -3.598068944399E-01   8.120277402989E-01
   0.000000000000E+00   0.000000000000E+00   0.000000000000E+00   0.000000000000E+00   0.000000000000E+00   3.478414911465E-02  -5.992190122874E-01   0.000000000000E+00   3.831378273181E-01  -7.093737250992E-01   0.000000000000E+00   0.000000000000E+00   0.000000000000E+00   0.000000000000E+00   0.000000000000E+00   3.265952560247E-01   7.305792791279E-01   0.000000000000E+00  -4.200454241753E-01   7.699628695980E-01
   0.000000000000E+00   0.000000000000E+00   0.000000000000E+00   0.000000000000E+00   0.000000000000E+00   1.287671613460E-01  -5.011191576417E-01   0.000000000000E+00   4.427977627388E-01  -6.807966024567E-01   0.000000000000E+00   0.000000000000E+00   0.000000000000E+00   0.000000000000E+00   0.000000000000E+00   1.937717881534E-01   6.632081241310E-01   0.000000000000E+00  -4.649349046563E-01   7.249749295556E-01
   0.000000000000E+00   0.000000000000E+00   0.000000000000E+00   0.000000000000E+00   0.000000000000E+00   1.860049211788E-01  -4.181863641302E-01   0.000000000000E+00   4.680110593918E-01  -6.404759756872E-01   0.000000000000E+00   0.000000000000E+00   0.000000000000E+00   0.000000000000E+00   0.000000000000E+00   7.696831782840E-02   5.970481829260E-01   0.000000000000E+00  -4.937444547817E-01   6.765377912280E-01
   0.000000000000E+00   0.000000000000E+00   0.000000000000E+00   0.000000000000E+00   0.000000000000E+00   2.171612529006E-01  -3.488478366372E-01   0.000000000000E+00   4.683240217455E-01  -5.905415772472E-01   0.000000000000E+00   0.000000000000E+00   0.000000000000E+00   0.000000000000E+00   0.000000000000E+00  -2.199149412232E-02   5.335955204557E-01   0.000000000000E+00  -5.073416691658E-01   6.251223431292E-01
   0.000000000000E+00   0.000000000000E+00   0.000000000000E+00   0.000000000000E+00   0.000000000000E+00   2.307228896480E-01  -2.911968497155E-01   0.000000000000E+00   4.520735229381E-01  -5.350441957953E-01   0.000000000000E+00   0.000000000000E+00   0.000000000000E+00   0.000000000000E+00   0.000000000000E+00  -1.029449879898E-01   4.738416294458E-01   0.000000000000E+00  -5.075669897021E-01   5.718030146186E-01
   0.000000000000E+00   0.000000000000E+00   0.000000000000E+00   0.000000000000E+00   0.000000000000E+00   2.328634486505E-01  -2.433546997828E-01   0.000000000000E+00   4.256681004404E-01  -4.777864051593E-01   0.000000000000E+00   0.000000000000E+00   0.000000000000E+00   0.000000000000E+00   0.000000000000E+00  -1.668008138576E-01   4.183796044847E-01   0.000000000000E+00  -4.967286772854E-01   5.178947930863E-01
   0.000000000000E+00   0.000000000000E+00   0.000000000000E+00   0.000000000000E+00   0.000000000000E+00   2.278274401511E-01  -2.036373994905E-01   0.000000000000E+00   3.936837408469E-01  -4.216354841946E-01   0.000000000000E+00   0.000000000000E+00   0.000000000000E+00   0.000000000000E+00   0.000000000000E+00  -2.150880626562E-01   3.675006152790E-01   0.000000000000E+00  -4.772416679366E-01   4.646925974306E-01
   0.000000000000E+00   0.000000000000E+00   0.000000000000E+00   0.000000000000E+00   0.000000000000E+00   2.184275907671E-01  -1.706099977632E-01   0.000000000000E+00   3.592332302095E-01  -3.684834148632E-01   0.000000000000E+00   0.000000000000E+00   0.000000000000E+00   0.000000000000E+00   0.000000000000E+00  -2.496358067642E-01   3.212754012334E-01   0.000000000000E+00  -4.513968562105E-01   4.133168070640E-01
   0.000000000000E+00   0.000000000000E+00   0.000000000000E+00   0.000000000000E+00   0.000000000000E+00   2.064875241695E-01  -1.430834378578E-01   0.000000000000E+00   3.243596914108E-01  -3.194294539349E-01   0.000000000000E+00   0.000000000000E+00   0.000000000000E+00   0.000000000000E+00   0.000000000000E+00  -2.723597920361E-01   2.796197455101E-01   0.000000000000E+00  -4.212329657646E-01   3.646428549321E-01
   0.000000000000E+00   0.000000000000E+00   0.000000000000E+00   0.000000000000E+00   0.000000000000E+00   1.931802773676E-01  -1.200865679031E-01   0.000000000000E+00   2.903631260073E-01  -2.749987776786E-01   0.000000000000E+00   0.000000000000E+00   0.000000000000E+00   0.000000000000E+00   0.000000000000E+00  -2.851297006479E-01   2.423451500767E-01   0.000000000000E+00  -3.884811374827E-01   3.192877227573E-01
   0.000000000000E+00   0.000000000000E+00   0.000000000000E+00   0.000000000000E+00   0.000000000000E+00   1.792636600114E-01  -1.008308962382E-01   0.000000000000E+00   2.580413625960E-01  -2.353289832491E-01   0.000000000000E+00   0.000000000000E+00   0.000000000000E+00   0.000000000000E+00   0.000000000000E+00  -2.896930126288E-01   2.091969219320E-01   0.000000000000E+00  -3.545564164208E-01   2.776299129752E-01
   0.000000000000E+00   0.000000000000E+00   0.000000000000E+00   0.000000000000E+00   0.000000000000E+00   1.652331929621E-01  -8.467657474782E-02   0.000000000000E+00   2.278566449015E-01  -2.003097255506E-01   0.000000000000E+00   0.000000000000E+00   0.000000000000E+00   0.000000000000E+00   0.000000000000E+00  -2.876363910749E-01   1.798821116834E-01   0.000000000000E+00  -3.205764867545E-01   2.398457543727E-01
   0.000000000000E+00   0.000000000000E+00   0.000000000000E+00   0.000000000000E+00   0.000000000000E+00   1.514174135348E-01  -7.110296630054E-02   0.000000000000E+00   2.000473080199E-01  -1.696809651658E-01   0.000000000000E+00   0.000000000000E+00   0.000000000000E+00   0.000000000000E+00   0.000000000000E+00  -2.803706491549E-01   1.540895759681E-01   0.000000000000E+00  -2.873940620363E-01   2.059508687564E-01
   0.000000000000E+00   0.000000000000E+00   0.000000000000E+00   0.000000000000E+00   0.000000000000E+00   1.380362798306E-01  -5.968452985866E-02   0.000000000000E+00   1.747021441636E-01  -1.430999377665E-01   0.000000000000E+00   0.000000000000E+00   0.000000000000E+00   0.000000000000E+00   0.000000000000E+00  -2.691297656718E-01   1.315040923316E-01   0.000000000000E+00  -2.556342905857E-01   1.758402784927E-01
   0.000000000000E+00   0.000000000000E+00   0.000000000000E+00   0.000000000000E+00   0.000000000000E+00   1.252370338253E-01  -5.007160726152E-02   0.000000000000E+00   1.518102692376E-01  -1.201858760260E-01   0.000000000000E+00   0.000000000000E+00   0.000000000000E+00   0.000000000000E+00   0.000000000000E+00  -2.549777952048E-01   1.118160715316E-01   0.000000000000E+00  -2.257321422597E-01   1.493238584751E-01
   0.000000000000E+00   0.000000000000E+00   0.000000000000E+00   0.000000000000E+00   0.000000000000E+00   1.131165238344E-01  -4.197531721873E-02   0.000000000000E+00   1.312949843780E-01  -1.005492595761E-01   0.000000000000E+00   0.000000000000E+00   0.000000000000E+00   0.000000000000E+00   0.000000000000E+00  -2.388199052232E-01   9.472805626641E-02   0.000000000000E+00  -1.979671451958E-01   1.261558738594E-01
   0.000000000000E+00   0.000000000000E+00   0.000000000000E+00   0.000000000000E+00   0.000000000000E+00   1.017354066533E-01  -3.515573552377E-02   0.000000000000E+00   1.130370977813E-01  -8.381040268571E-02   0.000000000000E+00   0.000000000000E+00   0.000000000000E+00   0.000000000000E+00   0.000000000000E+00  -2.214153459847E-01   7.995889578650E-02   0.000000000000E+00  -1.724943198020E-01   1.060585213263E-01
   0.000000000000E+00   0.000000000000E+00   0.000000000000E+00   0.000000000000E+00   0.000000000000E+00   9.112746593192E-02  -2.941264207255E-02   0.000000000000E+00   9.689121636523E-02  -6.961073980708E-02   0.000000000000E+00   0.000000000000E+00   0.000000000000E+00   0.000000000000E+00   0.000000000000E+00  -2.033911317954E-01   6.724624891384E-02   0.000000000000E+00  -1.493709976604E-01   8.873999666679E-02
   0.000000000000E+00   0.000000000000E+00   0.000000000000E+00   0.000000000000E+00   0.000000000000E+00   8.130598343715E-02  -2.457824948197E-02   0.000000000000E+00   8.269727608370E-02  -5.761914580010E-02   0.000000000000E+00   0.000000000000E+00   0.000000000000E+00   0.000000000000E+00   0.000000000000E+00  -1.852557753711E-01   5.634788851556E-02   0.000000000000E+00  -1.285796482018E-01   7.390786516331E-02
   0.000000000000E+00   0.000000000000E+00   0.000000000000E+00   0.000000000000E+00   0.000000000000E+00   7.226831685540E-02  -2.051145379525E-02   0.000000000000E+00   7.028878584740E-02  -4.753491398973E-02   0.000000000000E+00   0.000000000000E+00   0.000000000000E+00   0.000000000000E+00   0.000000000000E+00  -1.674127206873E-01   4.704214869714E-02   0.000000000000E+00  -1.100470334201E-01   6.127856486874E-02
   0.000000000000E+00   0.000000000000E+00   0.000000000000E+00   0.000000000000E+00   0.000000000000E+00   6.399936842260E-02  -1.709325395666E-02   0.000000000000E+00   5.949875260301E-02  -3.908851828444E-02   0.000000000000E+00   0.000000000000E+00   0.000000000000E+00   0.000000000000E+00   0.000000000000E+00  -1.501732712736E-01   3.912776134640E-02   0.000000000000E+00  -9.366007982327E-02   5.058382312279E-02
   0.000000000000E+00   0.000000000000E+00   0.000000000000E+00   0.000000000000E+00   0.000000000000E+00   5.647434505103E-02  -1.422307171390E-02   0.000000000000E+00   5.016392920398E-02  -3.204094071667E-02   0.000000000000E+00   0.000000000000E+00   0.000000000000E+00   0.000000000000E+00   0.000000000000E+00  -1.337688814098E-01   3.242326162779E-02   0.000000000000E+00  -7.927886278211E-02   4.157467136362E-02
   0.000000000000E+00   0.000000000000E+00   0.000000000000E+00   0.000000000000E+00   0.000000000000E+00   4.966104126414E-02  -1.181576804288E-02   0.000000000000E+00   4.212781893037E-02  -2.618210573165E-02   0.000000000000E+00   0.000000000000E+00   0.000000000000E+00   0.000000000000E+00   0.000000000000E+00  -1.183627104743E-01   2.676609479213E-02   0.000000000000E+00  -6.674707749259E-02   3.402363488152E-02
   0.000000000000E+00   0.000000000000E+00   0.000000000000E+00   0.000000000000E+00   0.000000000000E+00   4.352177913412E-02  -9.799202970948E-03   0.000000000000E+00   3.524273700531E-02  -2.132879528774E-02   0.000000000000E+00   0.000000000000E+00   0.000000000000E+00   0.000000000000E+00   0.000000000000E+00  -1.040603597923E-01   2.201152324551E-02   0.000000000000E+00  -5.590034081718E-02   2.772556928464E-02
   0.000000000000E+00   0.000000000000E+00   0.000000000000E+00   0.000000000000E+00   0.000000000000E+00   3.801507922639E-02  -8.112222191497E-03   0.000000000000E+00   2.937114532847E-02  -1.732230156127E-02   0.000000000000E+00   0.000000000000E+00   0.000000000000E+00   0.000000000000E+00   0.000000000000E+00  -9.091972829208E-02   1.803140884403E-02   0.000000000000E+00  -4.657263705952E-02   2.249752159898E-02
   0.000000000000E+00   0.000000000000E+00   0.000000000000E+00   0.000000000000E+00   0.000000000000E+00   3.309710615410E-02  -6.702982381865E-03   0.000000000000E+00   2.438642087027E-02  -1.402599149482E-02   0.000000000000E+00   0.000000000000E+00   0.000000000000E+00   0.000000000000E+00   0.000000000000E+00  -7.895994226141E-02   1.471292779049E-02   0.000000000000E+00  -3.860119086292E-02   1.817791358431E-02
   0.000000000000E+00   0.000000000000E+00   0.000000000000E+00   0.000000000000E+00   0.000000000000E+00   2.872291257840E-02  -5.527547934083E-03   0.000000000000E+00   2.017318181184E-02  -1.132289907359E-02   0.000000000000E+00   0.000000000000E+00   0.000000000000E+00   0.000000000000E+00   0.000000000000E+00  -6.816933579366E-02   1.195726223396E-02   0.000000000000E+00  -3.183002230188E-02   1.462527793843E-02
   0.000000000000E+00   0.000000000000E+00   0.000000000000E+00   0.000000000000E+00   0.000000000000E+00   2.484749555389E-02  -4.548707538860E-03   0.000000000000E+00   1.662726996095E-02  -9.113419828498E-03   0.000000000000E+00   0.000000000000E+00   0.000000000000E+00   0.000000000000E+00   0.000000000000E+00  -5.851248072329E-02   9.678302355013E-03   0.000000000000E+00  -2.611241255445E-02   1.171672336630E-02
   0.000000000000E+00   0.000000000000E+00   0.000000000000E+00   0.000000000000E+00   0.000000000000E+00   2.142667346835E-02  -3.734970730491E-03   0.000000000000E+00   1.365546942976E-02  -7.313152856519E-03   0.000000000000E+00   0.000000000000E+00   0.000000000000E+00   0.000000000000E+00   0.000000000000E+00  -4.993628618166E-02   7.801384487940E-03   0.000000000000E+00  -2.131248297294E-02   9.346260384715E-03
   0.000000000000E+00   0.000000000000E+00   0.000000000000E+00   0.000000000000E+00   0.000000000000E+00   1.841778949653E-02  -3.059713648694E-03   0.000000000000E+00   1.117502761663E-02  -5.850915248224E-03   0.000000000000E+00   0.000000000000E+00   0.000000000000E+00   0.000000000000E+00   0.000000000000E+00  -4.237520682613E-02   6.262084138081E-03   0.000000000000E+00  -1.730606577939E-02   7.423084568267E-03
   0.000000000000E+00   0.000000000000E+00   0.000000000000E+00   0.000000000000E+00   0.000000000000E+00   1.578024759027E-02  -2.500449769136E-03   0.000000000000E+00   9.113033434446E-03  -4.666939716535E-03   0.000000000000E+00   0.000000000000E+00   0.000000000000E+00   0.000000000000E+00   0.000000000000E+00  -3.575561427607E-02   5.005077253388E-03   0.000000000000E+00  -1.398102107027E-02   5.869886199429E-03
   0.000000000000E+00   0.000000000000E+00   0.000000000000E+00   0.000000000000E+00   0.000000000000E+00   1.347589003125E-02  -2.038206472105E-03   0.000000000000E+00   7.405699368100E-03  -3.711256887884E-03   0.000000000000E+00   0.000000000000E+00   0.000000000000E+00   0.000000000000E+00   0.000000000000E+00  -2.999939783908E-02   3.983078581682E-03   0.000000000000E+00  -1.123713252189E-02   4.621233637961E-03
   0.000000000000E+00   0.000000000000E+00   0.000000000000E+00   0.000000000000E+00   0.000000000000E+00   1.146922936924E-02  -1.656992055705E-03   0.000000000000E+00   5.997586584999E-03  -2.942257532989E-03   0.000000000000E+00   0.000000000000E+00   0.000000000000E+00   0.000000000000E+00   0.000000000000E+00  -2.502686818886E-02   3.155862238679E-03   0.000000000000E+00  -8.985693390008E-03   3.622061041256E-03
   0.000000000000E+00   0.000000000000E+00   0.000000000000E+00   0.000000000000E+00   0.000000000000E+00   9.727552917453E-03  -1.343340735843E-03   0.000000000000E+00   4.840806394578E-03  -2.325426176772E-03   0.000000000000E+00   0.000000000000E+00   0.000000000000E+00   0.000000000000E+00   0.000000000000E+00  -2.075904155000E-02   2.489366614368E-03   0.000000000000E+00  -7.148875318839E-03   2.826278396478E-03
   0.000000000000E+00   0.000000000000E+00   0.000000000000E+00   0.000000000000E+00   0.000000000000E+00   8.220931362724E-03  -1.085924753296E-03   0.000000000000E+00   3.894228606225E-03  -1.832236124521E-03   0.000000000000E+00   0.000000000000E+00   0.000000000000E+00   0.000000000000E+00   0.000000000000E+00  -1.711938264733E-02   1.954883366219E-03   0.000000000000E+00  -5.658955284785E-03   2.195512375281E-03
   0.000000000000E+00   0.000000000000E+00   0.000000000000E+00   0.000000000000E+00   0.000000000000E+00   6.922100389318E-03  -8.752245384791E-04   0.000000000000E+00   3.122700314368E-03  -1.439186663535E-03   0.000000000000E+00   0.000000000000E+00   0.000000000000E+00   0.000000000000E+00   0.000000000000E+00  -1.403508277758E-02   1.528328406439E-03   0.000000000000E+00  -4.457460785161E-03   1.697979634828E-03
   0.000000000000E+00   0.000000000000E+00   0.000000000000E+00   0.000000000000E+00   0.000000000000E+00   5.806396228711E-03  -7.032493962367E-04   0.000000000000E+00   2.496342740031E-03  -1.126987683334E-03   0.000000000000E+00   0.000000000000E+00   0.000000000000E+00   0.000000000000E+00   0.000000000000E+00  -1.143794547167E-02   1.189591414152E-03   0.000000000000E+00  -3.494280155491E-03   1.307489322437E-03
   0.000000000000E+00   0.000000000000E+00   0.000000000000E+00   0.000000000000E+00   0.000000000000E+00   4.851696795647E-03  -5.632996046558E-04   0.000000000000E+00   1.989912744869E-03  -8.798665654500E-04   0.000000000000E+00   0.000000000000E+00   0.000000000000E+00   0.000000000000E+00   0.000000000000E+00  -9.264946913071E-03   9.219594227670E-04   0.000000000000E+00  -2.726773601198E-03   1.002568249752E-03
   0.000000000000E+00   0.000000000000E+00   0.000000000000E+00   0.000000000000E+00   0.000000000000E+00   4.037658080066E-03  -4.497666374812E-04   0.000000000000E+00   1.582004010061E-03  -6.849109456267E-04   0.000000000000E+00   0.000000000000E+00   0.000000000000E+00   0.000000000000E+00   0.000000000000E+00  -7.458532075413E-03   7.116093847663E-04   0.000000000000E+00  -2.118911050511E-03   7.657001222795E-04
   0.000000000000E+00   0.000000000000E+00   0.000000000000E+00   0.000000000000E+00   0.000000000000E+00   3.346562992670E-03  -3.579646585086E-04   0.000000000000E+00   1.254819919040E-03  -5.316724864741E-04   0.000000000000E+00   0.000000000000E+00   0.000000000000E+00   0.000000000000E+00   0.000000000000E+00  -5.966700870339E-03   5.471642411154E-04   0.000000000000E+00  -1.640455124371E-03   5.826690462354E-04
   0.000000000000E+00   0.000000000000E+00   0.000000000000E+00   0.000000000000E+00   0.000000000000E+00   2.762320552778E-03  -2.839840938372E-04   0.000000000000E+00   9.934294387842E-04  -4.116578524230E-04   0.000000000000E+00   0.000000000000E+00   0.000000000000E+00   0.000000000000E+00   0.000000000000E+00  -4.742931803333E-03   4.193068680526E-04   0.000000000000E+00  -1.266201204212E-03   4.419970501169E-04
   0.000000000000E+00   0.000000000000E+00   0.000000000000E+00   0.000000000000E+00   0.000000000000E+00   2.270194585238E-03  -2.245727724554E-04   0.000000000000E+00   7.853066072695E-04  -3.179719494819E-04   0.000000000000E+00   0.000000000000E+00   0.000000000000E+00   0.000000000000E+00   0.000000000000E+00  -3.745983985651E-03   3.204462923890E-04   0.000000000000E+00  -9.752815765844E-04   3.344653642216E-04
   0.000000000000E+00   0.000000000000E+00   0.000000000000E+00   0.000000000000E+00   0.000000000000E+00   1.857786323766E-03  -1.770323904983E-04   0.000000000000E+00   6.202763241563E-04  -2.451224578235E-04   0.000000000000E+00   0.000000000000E+00   0.000000000000E+00   0.000000000000E+00   0.000000000000E+00  -2.939612038409E-03   2.444307167339E-04   0.000000000000E+00  -7.505367619047E-04   2.527095491176E-04
   0.000000000000E+00   0.000000000000E+00   0.000000000000E+00   0.000000000000E+00   0.000000000000E+00   1.513860106969E-03  -1.391293974918E-04   0.000000000000E+00   4.898873716712E-04  -1.886810419873E-04   0.000000000000E+00   0.000000000000E+00   0.000000000000E+00   0.000000000000E+00   0.000000000000E+00  -2.292222581433E-03   1.863021429757E-04   0.000000000000E+00  -5.779542185037E-04   1.908791383049E-04
   0.000000000000E+00   0.000000000000E+00   0.000000000000E+00   0.000000000000E+00   0.000000000000E+00   1.228240646568E-03  -1.090217623984E-04   0.000000000000E+00   3.871424353332E-04  -1.450883811737E-04   0.000000000000E+00   0.000000000000E+00   0.000000000000E+00   0.000000000000E+00   0.000000000000E+00  -1.776495704742E-03   1.420876962171E-04   0.000000000000E+00  -4.461724899574E-04   1.443531727722E-04
   0.000000000000E+00   0.000000000000E+00   0.000000000000E+00   0.000000000000E+00   0.000000000000E+00   9.921533301086E-04  -8.519541721515E-05   0.000000000000E+00   3.063769876763E-04  -1.115236107718E-04   0.000000000000E+00   0.000000000000E+00   0.000000000000E+00   0.000000000000E+00   0.000000000000E+00  -1.368990112875E-03   1.086231080545E-04   0.000000000000E+00  -3.460473871531E-04   1.095037896336E-04
   0.000000000000E+00   0.000000000000E+00   0.000000000000E+00   0.000000000000E+00   0.000000000000E+00   7.980025356376E-04  -6.640985963621E-05   0.000000000000E+00   2.430144525124E-04  -8.575571146066E-05   0.000000000000E+00   0.000000000000E+00   0.000000000000E+00   0.000000000000E+00   0.000000000000E+00  -1.049746519405E-03   8.340419771483E-05   0.000000000000E+00  -2.702758372514E-04   8.350083480638E-05
   0.000000000000E+00   0.000000000000E+00   0.000000000000E+00   0.000000000000E+00   0.000000000000E+00   6.391927750701E-04  -5.165253745203E-05   0.000000000000E+00   1.933653161199E-04  -6.602429389435E-05   0.000000000000E+00   0.000000000000E+00   0.000000000000E+00   0.000000000000E+00   0.000000000000E+00  -8.019003354080E-04   6.446257697350E-05   0.000000000000E+00  -2.130724782364E-04   6.415126635762E-05
   0.000000000000E+00   0.000000000000E+00   0.000000000000E+00   0.000000000000E+00   0.000000000000E+00   5.098839672189E-04  -4.010034447484E-05   0.000000000000E+00   1.544398466042E-04  -5.093790449804E-05   0.000000000000E+00   0.000000000000E+00   0.000000000000E+00   0.000000000000E+00   0.000000000000E+00  -6.113117085842E-04   5.026218780382E-05   0.000000000000E+00  -1.698938348879E-04   4.976787678957E-05
   0.000000000000E+00   0.000000000000E+00   0.000000000000E+00   0.000000000000E+00   0.000000000000E+00   4.050425874651E-04  -3.108735627830E-05   0.000000000000E+00   1.238538765783E-04  -3.940865432705E-05   0.000000000000E+00   0.000000000000E+00   0.000000000000E+00   0.000000000000E+00   0.000000000000E+00  -4.662184868864E-04   3.961365175715E-05   0.000000000000E+00  -1.372049009740E-04   3.906257411665E-05
   0.000000000000E+00   0.000000000000E+00   0.000000000000E+00   0.000000000000E+00   0.000000000000E+00   3.207597345296E-04  -2.407744928450E-05   0.000000000000E+00   9.980737550172E-05  -3.061311868142E-05   0.000000000000E+00   0.000000000000E+00   0.000000000000E+00   0.000000000000E+00   0.000000000000E+00  -3.569156529715E-04   3.160376090100E-05   0.000000000000E+00  -1.122831084158E-04   3.106011424132E-05
   0.000000000000E+00   0.000000000000E+00   0.000000000000E+00   0.000000000000E+00   0.000000000000E+00   2.533811804256E-04  -1.864106814990E-05   0.000000000000E+00   8.081307929322E-05  -2.389511096793E-05   0.000000000000E+00   0.000000000000E+00   0.000000000000E+00   0.000000000000E+00   0.000000000000E+00  -2.754631515311E-04   2.553776746271E-05   0.000000000000E+00  -9.305493475287E-05   2.502876673722E-05
   0.000000000000E+00   0.000000000000E+00   0.000000000000E+00   0.000000000000E+00   0.000000000000E+00   1.995811481904E-04  -1.443404993059E-05   0.000000000000E+00   6.565996360082E-05  -1.873771391543E-05   0.000000000000E+00   0.000000000000E+00   0.000000000000E+00   0.000000000000E+00   0.000000000000E+00  -2.154227589701E-04   2.089243075065E-05   0.000000000000E+00  -7.796074407099E-05   2.042492201864E-05
   0.000000000000E+00   0.000000000000E+00   0.000000000000E+00   0.000000000000E+00   0.000000000000E+00   1.569192375482E-04  -1.118281330926E-05   0.000000000000E+00   5.348238567901E-05  -1.476407244666E-05   0.000000000000E+00   0.000000000000E+00   0.000000000000E+00   0.000000000000E+00   0.000000000000E+00  -1.716236740760E-04   1.727805439186E-05   0.000000000000E+00  -6.584384190030E-05   1.684911191510E-05
   0.000000000000E+00   0.000000000000E+00   0.000000000000E+00   0.000000000000E+00   0.000000000000E+00   1.233413154137E-04  -8.672124450289E-06   0.000000000000E+00   4.361137462456E-05  -1.168651275550E-05   0.000000000000E+00   0.000000000000E+00   0.000000000000E+00   0.000000000000E+00   0.000000000000E+00  -1.399557921503E-04   1.440799413180E-05   0.000000000000E+00  -5.586012675935E-05   1.401132102868E-05
   0.000000000000E+00   0.000000000000E+00   0.000000000000E+00   0.000000000000E+00   0.000000000000E+00   9.700932736990E-05  -6.732401587323E-06   0.000000000000E+00   3.550998341215E-05  -9.281263166640E-06   0.000000000000E+00   0.000000000000E+00   0.000000000000E+00   0.000000000000E+00   0.000000000000E+00  -1.171891204014E-04   1.207433717318E-05   0.000000000000E+00  -4.740512237872E-05   1.170381739807E-05
   0.000000000000E+00   0.000000000000E+00   0.000000000000E+00   0.000000000000E+00   0.000000000000E+00   7.646617253683E-05  -5.231453458528E-06   0.000000000000E+00   2.878267583340E-05  -7.382945373786E-06   0.000000000000E+00   0.000000000000E+00   0.000000000000E+00   0.000000000000E+00   0.000000000000E+00  -1.008174606446E-04   1.012864938685E-05   0.000000000000E+00  -4.005556229287E-05   9.780032712953E-06
   0.000000000000E+00   0.000000000000E+00   0.000000000000E+00   0.000000000000E+00   0.000000000000E+00   6.056805099741E-05  -4.066185457292E-06   0.000000000000E+00   2.314111174894E-05  -5.870131365037E-06   0.000000000000E+00   0.000000000000E+00   0.000000000000E+00   0.000000000000E+00   0.000000000000E+00  -8.892429235477E-05   8.466858360993E-06   0.000000000000E+00  -3.352306403739E-05   8.138279761218E-06
   0.000000000000E+00   0.000000000000E+00   0.000000000000E+00   0.000000000000E+00   0.000000000000E+00   4.822342668111E-05  -3.157025141876E-06   0.000000000000E+00   1.834094857913E-05  -4.646083740220E-06   0.000000000000E+00   0.000000000000E+00   0.000000000000E+00   0.000000000000E+00   0.000000000000E+00  -8.006870462004E-05   7.017489773364E-06   0.000000000000E+00  -2.761776790622E-05   6.709312825256E-06
   0.000000000000E+00   0.000000000000E+00   0.000000000000E+00   0.000000000000E+00   0.000000000000E+00   3.869555045526E-05  -2.443079773748E-06   0.000000000000E+00   1.422648951143E-05  -3.645226844570E-06   0.000000000000E+00   0.000000000000E+00   0.000000000000E+00   0.000000000000E+00   0.000000000000E+00  -7.318922484711E-05   5.732604147221E-06   0.000000000000E+00  -2.222012261102E-05   5.446920349494E-06
   0.000000000000E+00   0.000000000000E+00   0.000000000000E+00   0.000000000000E+00   0.000000000000E+00   3.134627997639E-05  -1.877920516104E-06   0.000000000000E+00   1.067439680056E-05  -2.817485256578E-06   0.000000000000E+00   0.000000000000E+00   0.000000000000E+00   0.000000000000E+00   0.000000000000E+00  -6.752345285218E-05   4.580892339620E-06   0.000000000000E+00  -1.725927577553E-05   4.320892723703E-06
   0.000000000000E+00   0.000000000000E+00   0.000000000000E+00   0.000000000000E+00   0.000000000000E+00   2.565080055903E-05  -1.426328602309E-06   0.000000000000E+00   7.590669958421E-06  -2.125554271276E-06   0.000000000000E+00   0.000000000000E+00   0.000000000000E+00   0.000000000000E+00   0.000000000000E+00  -6.254151422078E-05   3.542483329098E-06   0.000000000000E+00  -1.269677167771E-05   3.311835744765E-06
   0.000000000000E+00   0.000000000000E+00   0.000000000000E+00   0.000000000000E+00   0.000000000000E+00   2.123781685651E-05  -1.061882367376E-06   0.000000000000E+00   4.912661867071E-06  -1.543571999437E-06   0.000000000000E+00   0.000000000000E+00   0.000000000000E+00   0.000000000000E+00   0.000000000000E+00  -5.789148130285E-05   2.605098589254E-06   0.000000000000E+00  -8.514472901124E-06   2.407405831286E-06
   0.000000000000E+00   0.000000000000E+00   0.000000000000E+00   0.000000000000E+00   0.000000000000E+00   1.777047719856E-05  -7.648290706004E-07   0.000000000000E+00   2.585701902739E-06  -1.050948539267E-06   0.000000000000E+00   0.000000000000E+00   0.000000000000E+00   0.000000000000E+00   0.000000000000E+00  -5.335506270311E-05   1.761255490281E-06   0.000000000000E+00  -4.705808664334E-06   1.599629797739E-06
   0.000000000000E+00   0.000000000000E+00   0.000000000000E+00   0.000000000000E+00   0.000000000000E+00   1.501486677590E-05  -5.204531732560E-07   0.000000000000E+00   5.723983881286E-07  -6.333160187626E-07   0.000000000000E+00   0.000000000000E+00   0.000000000000E+00   0.000000000000E+00   0.000000000000E+00  -4.881202339610E-05   1.006279333605E-06   0.000000000000E+00  -1.269612808568E-06   8.830428581793E-07
   0.000000000000E+00   0.000000000000E+00   0.000000000000E+00   0.000000000000E+00   0.000000000000E+00   1.278186639488E-05  -3.178975642564E-07   0.000000000000E+00  -1.158356335468E-06  -2.795480125180E-07   0.000000000000E+00   0.000000000000E+00   0.000000000000E+00   0.000000000000E+00   0.000000000000E+00  -4.421196037270E-05   3.369311801632E-07   0.000000000000E+00   1.794049033118E-06   2.534360425120E-07


Spline
12 0.0553585
112.9353346817185 2.801373701455403 -0.1119994835253462
0.035 0.0375    0.204206 -35.71077211012958 2016.504000000031 24177.93762071238
0.0375 0.04    0.12791 -25.17491577974109 2197.838532155373 -120889.6881035729
0.04 0.0425    0.07682029999999999 -16.45240477090621 1291.165871378576 -57585.58520643491
0.0425 0.045    0.0428593 -11.07630513663398 859.2739823303137 16659.22892930921
0.045 0.04533    0.0207993 -6.467574682557872 984.2181993001326 -2167173.572075024
0.04533 0.045334    0.0186943 -6.526006277016704 -1161.283637054166 353213222.4907721
0.045334 0.046259    0.0186682 -6.518342311433599 3077.275032831984 -1324559.571220061
0.046259 0.047184    0.0142234 -4.225362350069925 -598.3777773036936 561811.1110751317
0.047184 0.0493131    0.0102476 -3.890262342340788 960.6480559297889 -100763.5210502349
0.0493131 0.0503195    0.00534702 -1.169934109375229 317.0412179256228 -143026.9144497911
0.0503195 0.0513259    0.00434492 -0.9663840979460291 -114.7856421811885 10348.58893883691
0.0513259 0.0553585    0.00326664 -1.165980214261954 -83.5411824570522 -5782.515169399558 27636944.82683195 -3877959552.095367

This SPLINE is just a DUMMY-SPLINE!!!!!!!!!!!!!!!

