0.200000 46
   0.000000000000E+00 0.0 0.0 0.0 0.0 0.0 0.0 0.0 0.0 0.0 0.0 0.0 0.0 0.0 0.0 0.0 0.0 0.0 0.0 0.0
   0.000000000000E+00   0.000000000000E+00   0.000000000000E+00   0.000000000000E+00   0.000000000000E+00   0.000000000000E+00   0.000000000000E+00   0.000000000000E+00   0.000000000000E+00   0.000000000000E+00   0.000000000000E+00   0.000000000000E+00   0.000000000000E+00   0.000000000000E+00   0.000000000000E+00   0.000000000000E+00   0.000000000000E+00   0.000000000000E+00   0.000000000000E+00   0.000000000000E+00
   0.000000000000E+00   0.000000000000E+00   0.000000000000E+00   0.000000000000E+00   0.000000000000E+00  -7.324941102581E-01  -9.983632673710E-01   0.000000000000E+00  -2.995404114872E-01  -9.030085128472E-01   0.000000000000E+00   0.000000000000E+00   0.000000000000E+00   0.000000000000E+00   0.000000000000E+00   8.222388710909E-01   9.188224793181E-01   0.000000000000E+00  -9.568678348377E-02   9.079089771815E-01
   0.000000000000E+00   0.000000000000E+00   0.000000000000E+00   0.000000000000E+00   0.000000000000E+00  -4.218346080294E-01  -8.561925034289E-01   0.000000000000E+00  -1.504117118982E-01  -6.089352158153E-01   0.000000000000E+00   0.000000000000E+00   0.000000000000E+00   0.000000000000E+00   0.000000000000E+00   6.662575158575E-01   8.616262740618E-01   0.000000000000E+00  -1.622805689414E-01   8.534561698773E-01
   0.000000000000E+00   0.000000000000E+00   0.000000000000E+00   0.000000000000E+00   0.000000000000E+00  -1.681144620141E-01  -7.138284919074E-01   0.000000000000E+00   2.720296114448E-02  -5.087030508932E-01   0.000000000000E+00   0.000000000000E+00   0.000000000000E+00   0.000000000000E+00   0.000000000000E+00   4.859899386642E-01   7.905255413753E-01   0.000000000000E+00  -2.321436672014E-01   8.015476331653E-01
   0.000000000000E+00   0.000000000000E+00   0.000000000000E+00   0.000000000000E+00   0.000000000000E+00   1.052120520031E-02  -5.852082154393E-01   0.000000000000E+00   1.721307671842E-01  -4.864108540955E-01   0.000000000000E+00   0.000000000000E+00   0.000000000000E+00   0.000000000000E+00   0.000000000000E+00   3.019905869042E-01   7.111342758621E-01   0.000000000000E+00  -2.958906460639E-01   7.513688935616E-01
   0.000000000000E+00   0.000000000000E+00   0.000000000000E+00   0.000000000000E+00   0.000000000000E+00   1.230416280529E-01  -4.753401254522E-01   0.000000000000E+00   2.682719975376E-01  -4.810985943936E-01   0.000000000000E+00   0.000000000000E+00   0.000000000000E+00   0.000000000000E+00   0.000000000000E+00   1.299021871146E-01   6.283519763215E-01   0.000000000000E+00  -3.468147561653E-01   7.003928530182E-01
   0.000000000000E+00   0.000000000000E+00   0.000000000000E+00   0.000000000000E+00   0.000000000000E+00   1.860939599826E-01  -3.844738226868E-01   0.000000000000E+00   3.200867466464E-01  -4.691641573979E-01   0.000000000000E+00   0.000000000000E+00   0.000000000000E+00   0.000000000000E+00   0.000000000000E+00  -1.979192178125E-02   5.461418258841E-01   0.000000000000E+00  -3.814227485939E-01   6.468735519716E-01
   0.000000000000E+00   0.000000000000E+00   0.000000000000E+00   0.000000000000E+00   0.000000000000E+00   2.157007593735E-01  -3.106626716901E-01   0.000000000000E+00   3.383811720879E-01  -4.453709092529E-01   0.000000000000E+00   0.000000000000E+00   0.000000000000E+00   0.000000000000E+00   0.000000000000E+00  -1.412771587184E-01   4.674967459942E-01   0.000000000000E+00  -3.989087246076E-01   5.903737870858E-01
   0.000000000000E+00   0.000000000000E+00   0.000000000000E+00   0.000000000000E+00   0.000000000000E+00   2.246165578996E-01  -2.512077758717E-01   0.000000000000E+00   3.341287944577E-01  -4.117594612867E-01   0.000000000000E+00   0.000000000000E+00   0.000000000000E+00   0.000000000000E+00   0.000000000000E+00  -2.325952666748E-01   3.945029596880E-01   0.000000000000E+00  -4.003889007754E-01   5.315368410281E-01
   0.000000000000E+00   0.000000000000E+00   0.000000000000E+00   0.000000000000E+00   0.000000000000E+00   2.216923753725E-01  -2.034086828078E-01   0.000000000000E+00   3.161105106841E-01  -3.722142818247E-01   0.000000000000E+00   0.000000000000E+00   0.000000000000E+00   0.000000000000E+00   0.000000000000E+00  -2.947109277034E-01   3.284539614757E-01   0.000000000000E+00  -3.881925010883E-01   4.716714121847E-01
   0.000000000000E+00   0.000000000000E+00   0.000000000000E+00   0.000000000000E+00   0.000000000000E+00   2.124526226415E-01  -1.648983567344E-01   0.000000000000E+00   2.905352269979E-01  -3.302784195284E-01   0.000000000000E+00   0.000000000000E+00   0.000000000000E+00   0.000000000000E+00   0.000000000000E+00  -3.305833960914E-01   2.699877451287E-01   0.000000000000E+00  -3.652781004361E-01   4.123622213214E-01
   0.000000000000E+00   0.000000000000E+00   0.000000000000E+00   0.000000000000E+00   0.000000000000E+00   2.000572724449E-01  -1.337420086341E-01   0.000000000000E+00   2.614836674699E-01  -2.885619062552E-01   0.000000000000E+00   0.000000000000E+00   0.000000000000E+00   0.000000000000E+00   0.000000000000E+00  -3.443317719401E-01   2.192293793573E-01   0.000000000000E+00  -3.347797809089E-01   3.551704691397E-01
   0.000000000000E+00   0.000000000000E+00   0.000000000000E+00   0.000000000000E+00   0.000000000000E+00   1.861778683223E-01  -1.084179329111E-01   0.000000000000E+00   2.315187163276E-01  -2.487751122286E-01   0.000000000000E+00   0.000000000000E+00   0.000000000000E+00   0.000000000000E+00   0.000000000000E+00  -3.405489413249E-01   1.759265159864E-01   0.000000000000E+00  -2.996764110060E-01   3.014346295960E-01
   0.000000000000E+00   0.000000000000E+00   0.000000000000E+00   0.000000000000E+00   0.000000000000E+00   1.716492633151E-01  -8.775144413313E-02   0.000000000000E+00   2.022069749253E-01  -2.119377703002E-01   0.000000000000E+00   0.000000000000E+00   0.000000000000E+00   0.000000000000E+00   0.000000000000E+00  -3.237868244616E-01   1.395697563776E-01   0.000000000000E+00  -2.625747239567E-01   2.521622833500E-01
   0.000000000000E+00   0.000000000000E+00   0.000000000000E+00   0.000000000000E+00   0.000000000000E+00   1.568949967837E-01  -7.083953103867E-02   0.000000000000E+00   1.744890893695E-01  -1.785880648121E-01   0.000000000000E+00   0.000000000000E+00   0.000000000000E+00   0.000000000000E+00   0.000000000000E+00  -2.982090407777E-01   1.094935272285E-01   0.000000000000E+00  -2.255922650531E-01   2.079953718394E-01
   0.000000000000E+00   0.000000000000E+00   0.000000000000E+00   0.000000000000E+00   0.000000000000E+00   1.421687967792E-01  -5.698340221859E-02   0.000000000000E+00   1.489132404671E-01  -1.489406783472E-01   0.000000000000E+00   0.000000000000E+00   0.000000000000E+00   0.000000000000E+00   0.000000000000E+00  -2.673894488090E-01   8.495613502761E-02   0.000000000000E+00  -1.903212457074E-01   1.692281945861E-01
   0.000000000000E+00   0.000000000000E+00   0.000000000000E+00   0.000000000000E+00   0.000000000000E+00   1.276675277376E-01  -4.563486439371E-02   0.000000000000E+00   1.257711210146E-01  -1.229937159128E-01   0.000000000000E+00   0.000000000000E+00   0.000000000000E+00   0.000000000000E+00   0.000000000000E+00  -2.342263107869E-01   6.519985832800E-02   0.000000000000E+00  -1.578515597040E-01   1.358580271365E-01
   0.000000000000E+00   0.000000000000E+00   0.000000000000E+00   0.000000000000E+00   0.000000000000E+00   1.135705736830E-01  -3.635662083648E-02   0.000000000000E+00   1.051770271265E-01  -1.006003782353E-01   0.000000000000E+00   0.000000000000E+00   0.000000000000E+00   0.000000000000E+00   0.000000000000E+00  -2.009401985037E-01   4.949330811374E-02   0.000000000000E+00  -1.288315817824E-01   1.076512751891E-01
   0.000000000000E+00   0.000000000000E+00   0.000000000000E+00   0.000000000000E+00   0.000000000000E+00   1.000461182904E-01  -2.879400104909E-02   0.000000000000E+00   8.711869641419E-02  -8.151972609120E-02   0.000000000000E+00   0.000000000000E+00   0.000000000000E+00   0.000000000000E+00   0.000000000000E+00  -1.691266897772E-01   3.715896298162E-02   0.000000000000E+00  -1.035482705483E-01   8.421235671673E-02
   0.000000000000E+00   0.000000000000E+00   0.000000000000E+00   0.000000000000E+00   0.000000000000E+00   8.724595073221E-02  -2.265516020868E-02   0.000000000000E+00   7.149439454094E-02  -6.545452791001E-02   0.000000000000E+00   0.000000000000E+00   0.000000000000E+00   0.000000000000E+00   0.000000000000E+00  -1.398401220350E-01   2.758894579164E-02   0.000000000000E+00  -8.201234535744E-02   6.504691542446E-02
   0.000000000000E+00   0.000000000000E+00   0.000000000000E+00   0.000000000000E+00   0.000000000000E+00   7.529789275438E-02  -1.769721588025E-02   0.000000000000E+00   5.814192721108E-02  -5.207983198678E-02   0.000000000000E+00   0.000000000000E+00   0.000000000000E+00   0.000000000000E+00   0.000000000000E+00  -1.136905009055E-01   2.025193149233E-02   0.000000000000E+00  -6.403879540927E-02   4.961478493715E-02
   0.000000000000E+00   0.000000000000E+00   0.000000000000E+00   0.000000000000E+00   0.000000000000E+00   6.429934739522E-02  -1.371645675969E-02   0.000000000000E+00   4.686164475509E-02  -4.106415769906E-02   0.000000000000E+00   0.000000000000E+00   0.000000000000E+00   0.000000000000E+00   0.000000000000E+00  -9.094109179378E-02   1.469371259541E-02   0.000000000000E+00  -4.931697087396E-02   3.737101331974E-02
   0.000000000000E+00   0.000000000000E+00   0.000000000000E+00   0.000000000000E+00   0.000000000000E+00   5.431344346111E-02  -1.054131316071E-02   0.000000000000E+00   3.743449615359E-02  -3.208470443685E-02   0.000000000000E+00   0.000000000000E+00   0.000000000000E+00   0.000000000000E+00   0.000000000000E+00  -7.159876270971E-02   1.053350991217E-02   0.000000000000E+00  -3.746764693300E-02   2.779519270570E-02
   0.000000000000E+00   0.000000000000E+00   0.000000000000E+00   0.000000000000E+00   0.000000000000E+00   4.536845659073E-02  -8.027147556135E-03   0.000000000000E+00   2.963601063260E-02  -2.483781461732E-02   0.000000000000E+00   0.000000000000E+00   0.000000000000E+00   0.000000000000E+00   0.000000000000E+00  -5.549266071470E-02   7.457674030567E-03   0.000000000000E+00  -2.808667444340E-02   2.041045992728E-02
   0.000000000000E+00   0.000000000000E+00   0.000000000000E+00   0.000000000000E+00   0.000000000000E+00   3.746056541546E-02  -6.052228529459E-03   0.000000000000E+00   2.324695696007E-02  -1.904574243889E-02   0.000000000000E+00   0.000000000000E+00   0.000000000000E+00   0.000000000000E+00   0.000000000000E+00  -4.233935390016E-02   5.212019179205E-03   0.000000000000E+00  -2.077623471588E-02   1.479404519888E-02
   0.000000000000E+00   0.000000000000E+00   0.000000000000E+00   0.000000000000E+00   0.000000000000E+00   3.055921786220E-02  -4.514450924022E-03   0.000000000000E+00   1.806114855762E-02  -1.446050456565E-02   0.000000000000E+00   0.000000000000E+00   0.000000000000E+00   0.000000000000E+00   0.000000000000E+00  -3.179430592076E-02   3.593685227298E-03   0.000000000000E+00  -1.516547138081E-02   1.058134737577E-02
   0.000000000000E+00   0.000000000000E+00   0.000000000000E+00   0.000000000000E+00   0.000000000000E+00   2.461367370527E-02  -3.328540468138E-03   0.000000000000E+00   1.389056599951E-02  -1.086532840977E-02   0.000000000000E+00   0.000000000000E+00   0.000000000000E+00   0.000000000000E+00   0.000000000000E+00  -2.349064324765E-02   2.443141123611E-03   0.000000000000E+00  -1.092256073271E-02   7.465370888206E-03
   0.000000000000E+00   0.000000000000E+00   0.000000000000E+00   0.000000000000E+00   0.000000000000E+00   1.955914780842E-02  -2.423616329808E-03   0.000000000000E+00   1.056792322517E-02  -8.074124801132E-03   0.000000000000E+00   0.000000000000E+00   0.000000000000E+00   0.000000000000E+00   0.000000000000E+00  -1.706678764872E-02   1.636721408607E-03   0.000000000000E+00  -7.760263128736E-03   5.193092061366E-03
   0.000000000000E+00   0.000000000000E+00   0.000000000000E+00   0.000000000000E+00   0.000000000000E+00   1.532164378809E-02  -1.741065095453E-03   0.000000000000E+00   7.947075720520E-03  -5.929498723420E-03   0.000000000000E+00   0.000000000000E+00   0.000000000000E+00   0.000000000000E+00   0.000000000000E+00  -1.218479444050E-02   1.079919733151E-03   0.000000000000E+00  -5.436798363504E-03   3.560012090959E-03
   0.000000000000E+00   0.000000000000E+00   0.000000000000E+00   0.000000000000E+00   0.000000000000E+00   1.182110277490E-02  -1.232710696172E-03   0.000000000000E+00   5.901791197115E-03  -4.299810035560E-03   0.000000000000E+00   0.000000000000E+00   0.000000000000E+00   0.000000000000E+00   0.000000000000E+00  -8.541270112583E-03   7.015411753167E-04   0.000000000000E+00  -3.753599642086E-03   2.403849849221E-03
   0.000000000000E+00   0.000000000000E+00   0.000000000000E+00   0.000000000000E+00   0.000000000000E+00   8.974862147332E-03  -8.592546507016E-04   0.000000000000E+00   4.324326564128E-03  -3.076216346365E-03   0.000000000000E+00   0.000000000000E+00   0.000000000000E+00   0.000000000000E+00   0.000000000000E+00  -5.872625466087E-03   4.487300239428E-04   0.000000000000E+00  -2.551186361714E-03   1.598056748771E-03
   0.000000000000E+00   0.000000000000E+00   0.000000000000E+00   0.000000000000E+00   0.000000000000E+00   6.697881376595E-03  -5.889342633819E-04   0.000000000000E+00   3.122486016799E-03  -2.169056346591E-03   0.000000000000E+00   0.000000000000E+00   0.000000000000E+00   0.000000000000E+00   0.000000000000E+00  -3.956215847039E-03   2.828336878769E-04   0.000000000000E+00  -1.704094514192E-03   1.045609827757E-03
   0.000000000000E+00   0.000000000000E+00   0.000000000000E+00   0.000000000000E+00   0.000000000000E+00   4.908289338159E-03  -3.963790705295E-04   0.000000000000E+00   2.219254970416E-03  -1.505818712336E-03   0.000000000000E+00   0.000000000000E+00   0.000000000000E+00   0.000000000000E+00   0.000000000000E+00  -2.608674618374E-03   1.760295716940E-04   0.000000000000E+00  -1.115536969577E-03   6.733603899072E-04
   0.000000000000E+00   0.000000000000E+00   0.000000000000E+00   0.000000000000E+00   0.000000000000E+00   3.528059292143E-03  -2.615783693677E-04   0.000000000000E+00   1.550416097417E-03  -1.028216155932E-03   0.000000000000E+00   0.000000000000E+00   0.000000000000E+00   0.000000000000E+00   0.000000000000E+00  -1.682492121045E-03   1.086243001893E-04   0.000000000000E+00  -7.122439638353E-04   4.270808877750E-04
   0.000000000000E+00   0.000000000000E+00   0.000000000000E+00   0.000000000000E+00   0.000000000000E+00   2.480908244616E-03  -1.689829935183E-04   0.000000000000E+00   1.061409087346E-03  -6.890871941335E-04   0.000000000000E+00   0.000000000000E+00   0.000000000000E+00   0.000000000000E+00   0.000000000000E+00  -1.061651510478E-03   6.692881296905E-05   0.000000000000E+00  -4.397586209563E-04   2.672564935467E-04
   0.000000000000E+00   0.000000000000E+00   0.000000000000E+00   0.000000000000E+00   0.000000000000E+00   1.705234011349E-03  -1.067043146344E-04   0.000000000000E+00   7.107437848443E-04  -4.529405858588E-04   0.000000000000E+00   0.000000000000E+00   0.000000000000E+00   0.000000000000E+00   0.000000000000E+00  -6.569179972605E-04   4.161480581984E-05   0.000000000000E+00  -2.583302907815E-04   1.656031437582E-04
   0.000000000000E+00   0.000000000000E+00   0.000000000000E+00   0.000000000000E+00   0.000000000000E+00   1.141047650090E-03  -6.578075467256E-05   0.000000000000E+00   4.628351508300E-04  -2.911257268699E-04   0.000000000000E+00   0.000000000000E+00   0.000000000000E+00   0.000000000000E+00   0.000000000000E+00  -4.011957109457E-04   2.646485133252E-05   0.000000000000E+00  -1.394542774268E-04   1.022539653194E-04
   0.000000000000E+00   0.000000000000E+00   0.000000000000E+00   0.000000000000E+00   0.000000000000E+00   7.412381994695E-04  -3.959823271211E-05   0.000000000000E+00   2.912487305928E-04  -1.826587753672E-04   0.000000000000E+00   0.000000000000E+00   0.000000000000E+00   0.000000000000E+00   0.000000000000E+00  -2.452185079115E-04   1.743810806834E-05   0.000000000000E+00  -6.304350563616E-05   6.353467862996E-05
   0.000000000000E+00   0.000000000000E+00   0.000000000000E+00   0.000000000000E+00   0.000000000000E+00   4.647811643807E-04  -2.335132570076E-05   0.000000000000E+00   1.748172799668E-04  -1.114742504945E-04   0.000000000000E+00   0.000000000000E+00   0.000000000000E+00   0.000000000000E+00   0.000000000000E+00  -1.537262288394E-04   1.198425718678E-05   0.000000000000E+00  -1.517910368680E-05   4.024050462332E-05
   0.000000000000E+00   0.000000000000E+00   0.000000000000E+00   0.000000000000E+00   0.000000000000E+00   2.796690056009E-04  -1.362274001896E-05   0.000000000000E+00   9.791470256632E-05  -6.599947727116E-05   0.000000000000E+00   0.000000000000E+00   0.000000000000E+00   0.000000000000E+00   0.000000000000E+00  -1.021928584741E-04   8.549110849225E-06   0.000000000000E+00   1.363340449490E-05   2.632793307145E-05
   0.000000000000E+00   0.000000000000E+00   0.000000000000E+00   0.000000000000E+00   0.000000000000E+00   1.602900570825E-04  -8.035251072687E-06   0.000000000000E+00   4.875493547143E-05  -3.782578869994E-05   0.000000000000E+00   0.000000000000E+00   0.000000000000E+00   0.000000000000E+00   0.000000000000E+00  -7.411338391626E-05   6.225525581029E-06   0.000000000000E+00   2.978292196902E-05   1.794105381442E-05
   0.000000000000E+00   0.000000000000E+00   0.000000000000E+00   0.000000000000E+00   0.000000000000E+00   8.689751286903E-05  -4.975043483614E-06   0.000000000000E+00   1.869389516771E-05  -2.100657693876E-05   0.000000000000E+00   0.000000000000E+00   0.000000000000E+00   0.000000000000E+00   0.000000000000E+00  -5.881717346232E-05   4.512424061116E-06   0.000000000000E+00   3.752592472947E-05   1.270148667747E-05
   0.000000000000E+00   0.000000000000E+00   0.000000000000E+00   0.000000000000E+00   0.000000000000E+00   4.444762758664E-05  -3.380316308676E-06   0.000000000000E+00   1.434010106075E-06  -1.138840433240E-05   0.000000000000E+00   0.000000000000E+00   0.000000000000E+00   0.000000000000E+00   0.000000000000E+00  -4.975282935791E-05   3.152690367605E-06   0.000000000000E+00   3.968666501481E-05   9.201478702413E-06
   0.000000000000E+00   0.000000000000E+00   0.000000000000E+00   0.000000000000E+00   0.000000000000E+00   2.209278314124E-05  -2.576978388213E-06   0.000000000000E+00  -7.419502107172E-06  -6.195314811111E-06   0.000000000000E+00   0.000000000000E+00   0.000000000000E+00   0.000000000000E+00   0.000000000000E+00  -4.317856706904E-05   2.027413152190E-06   0.000000000000E+00   3.814783451903E-05   6.650270468477E-06
   0.000000000000E+00   0.000000000000E+00   0.000000000000E+00   0.000000000000E+00   0.000000000000E+00   1.206879564478E-05  -2.157441069946E-06   0.000000000000E+00  -1.093586101050E-05  -3.593256264868E-06   0.000000000000E+00   0.000000000000E+00   0.000000000000E+00   0.000000000000E+00   0.000000000000E+00  -3.718970488851E-05   1.089461439444E-06   0.000000000000E+00   3.418476132322E-05   4.633627443734E-06
   0.000000000000E+00   0.000000000000E+00   0.000000000000E+00   0.000000000000E+00   0.000000000000E+00   9.035795753428E-06  -1.890916404090E-06   0.000000000000E+00  -1.120551399639E-05  -2.415348621828E-06   0.000000000000E+00   0.000000000000E+00   0.000000000000E+00   0.000000000000E+00   0.000000000000E+00  -3.101793079565E-05   3.237985300177E-07   0.000000000000E+00   2.868604996652E-05   2.955087326512E-06


Spline
12 0.0553585
112.9353346817185 2.801373701455403 -0.1119994835253462
0.035 0.0375    0.204206 -35.71077211012958 2016.504000000031 24177.93762071238
0.0375 0.04    0.12791 -25.17491577974109 2197.838532155373 -120889.6881035729
0.04 0.0425    0.07682029999999999 -16.45240477090621 1291.165871378576 -57585.58520643491
0.0425 0.045    0.0428593 -11.07630513663398 859.2739823303137 16659.22892930921
0.045 0.04533    0.0207993 -6.467574682557872 984.2181993001326 -2167173.572075024
0.04533 0.045334    0.0186943 -6.526006277016704 -1161.283637054166 353213222.4907721
0.045334 0.046259    0.0186682 -6.518342311433599 3077.275032831984 -1324559.571220061
0.046259 0.047184    0.0142234 -4.225362350069925 -598.3777773036936 561811.1110751317
0.047184 0.0493131    0.0102476 -3.890262342340788 960.6480559297889 -100763.5210502349
0.0493131 0.0503195    0.00534702 -1.169934109375229 317.0412179256228 -143026.9144497911
0.0503195 0.0513259    0.00434492 -0.9663840979460291 -114.7856421811885 10348.58893883691
0.0513259 0.0553585    0.00326664 -1.165980214261954 -83.5411824570522 -5782.515169399558 27636944.82683195 -3877959552.095367

This SPLINE is just a DUMMY-SPLINE!!!!!!!!!!!!!!!

