0.200000 61
   0.000000000000E+00 0.0 0.0 0.0 0.0 0.0 0.0 0.0 0.0 0.0 0.0 0.0 0.0 0.0 0.0 0.0 0.0 0.0 0.0 0.0
   0.000000000000E+00   0.000000000000E+00   0.000000000000E+00   0.000000000000E+00   0.000000000000E+00   0.000000000000E+00   0.000000000000E+00   0.000000000000E+00   0.000000000000E+00   0.000000000000E+00   0.000000000000E+00   0.000000000000E+00   0.000000000000E+00   0.000000000000E+00   0.000000000000E+00   0.000000000000E+00   0.000000000000E+00   0.000000000000E+00   0.000000000000E+00   0.000000000000E+00
   0.000000000000E+00   0.000000000000E+00   0.000000000000E+00   0.000000000000E+00   0.000000000000E+00  -8.370039000671E-01  -1.085108768495E+00   0.000000000000E+00  -2.180922300952E-01  -1.077401041855E+00   0.000000000000E+00   0.000000000000E+00   0.000000000000E+00   0.000000000000E+00   0.000000000000E+00   8.701802553126E-01   9.504318183127E-01   0.000000000000E+00  -1.230794341080E-01   9.351067769044E-01
   0.000000000000E+00   0.000000000000E+00   0.000000000000E+00   0.000000000000E+00   0.000000000000E+00  -5.343219218286E-01  -9.506808826042E-01   0.000000000000E+00  -6.818951166598E-02  -8.047951513897E-01   0.000000000000E+00   0.000000000000E+00   0.000000000000E+00   0.000000000000E+00   0.000000000000E+00   7.395698707924E-01   9.027825705124E-01   0.000000000000E+00  -1.989879020122E-01   8.888605177232E-01
   0.000000000000E+00   0.000000000000E+00   0.000000000000E+00   0.000000000000E+00   0.000000000000E+00  -2.728935238262E-01  -8.121964510897E-01   0.000000000000E+00   1.075160608392E-01  -7.027681328865E-01   0.000000000000E+00   0.000000000000E+00   0.000000000000E+00   0.000000000000E+00   0.000000000000E+00   5.866362610830E-01   8.431484166086E-01   0.000000000000E+00  -2.761093622546E-01   8.447468801967E-01
   0.000000000000E+00   0.000000000000E+00   0.000000000000E+00   0.000000000000E+00   0.000000000000E+00  -7.486339175978E-02  -6.831206868298E-01   0.000000000000E+00   2.538543709322E-01  -6.699315527578E-01   0.000000000000E+00   0.000000000000E+00   0.000000000000E+00   0.000000000000E+00   0.000000000000E+00   4.272792154544E-01   7.759048012181E-01   0.000000000000E+00  -3.462571312187E-01   8.018024912002E-01
   0.000000000000E+00   0.000000000000E+00   0.000000000000E+00   0.000000000000E+00   0.000000000000E+00   6.241307953433E-02  -5.692091109369E-01   0.000000000000E+00   3.544139989161E-01  -6.517644390738E-01   0.000000000000E+00   0.000000000000E+00   0.000000000000E+00   0.000000000000E+00   0.000000000000E+00   2.735052006103E-01   7.048428958794E-01   0.000000000000E+00  -4.035414430545E-01   7.575846897375E-01
   0.000000000000E+00   0.000000000000E+00   0.000000000000E+00   0.000000000000E+00   0.000000000000E+00   1.503791023106E-01  -4.718588603387E-01   0.000000000000E+00   4.115509540626E-01  -6.267248141107E-01   0.000000000000E+00   0.000000000000E+00   0.000000000000E+00   0.000000000000E+00   0.000000000000E+00   1.334005840409E-01   6.330183424763E-01   0.000000000000E+00  -4.448644609864E-01   7.103725916755E-01
   0.000000000000E+00   0.000000000000E+00   0.000000000000E+00   0.000000000000E+00   0.000000000000E+00   2.017314507095E-01  -3.902401614709E-01   0.000000000000E+00   4.342004732518E-01  -5.900063830490E-01   0.000000000000E+00   0.000000000000E+00   0.000000000000E+00   0.000000000000E+00   0.000000000000E+00   1.169392591459E-02   5.627525132948E-01   0.000000000000E+00  -4.695210687427E-01   6.596752724589E-01
   0.000000000000E+00   0.000000000000E+00   0.000000000000E+00   0.000000000000E+00   0.000000000000E+00   2.277050221304E-01  -3.225429800999E-01   0.000000000000E+00   4.322827292795E-01  -5.437058331848E-01   0.000000000000E+00   0.000000000000E+00   0.000000000000E+00   0.000000000000E+00   0.000000000000E+00  -8.949243679815E-02   4.957085560338E-01   0.000000000000E+00  -4.785161124582E-01   6.060257095018E-01
   0.000000000000E+00   0.000000000000E+00   0.000000000000E+00   0.000000000000E+00   0.000000000000E+00   2.370007624295E-01  -2.666797887416E-01   0.000000000000E+00   4.143213387242E-01  -4.918168943493E-01   0.000000000000E+00   0.000000000000E+00   0.000000000000E+00   0.000000000000E+00   0.000000000000E+00  -1.699100399985E-01   4.329971908916E-01   0.000000000000E+00  -4.738893898072E-01   5.505747863904E-01
   0.000000000000E+00   0.000000000000E+00   0.000000000000E+00   0.000000000000E+00   0.000000000000E+00   2.357691019078E-01  -2.206489000165E-01   0.000000000000E+00   3.867665985889E-01  -4.380673159387E-01   0.000000000000E+00   0.000000000000E+00   0.000000000000E+00   0.000000000000E+00   0.000000000000E+00  -2.305656354241E-01   3.752866094419E-01   0.000000000000E+00  -4.581704863934E-01   4.947152243503E-01
   0.000000000000E+00   0.000000000000E+00   0.000000000000E+00   0.000000000000E+00   0.000000000000E+00   2.281084616965E-01  -1.826919123806E-01   0.000000000000E+00   3.541542405833E-01  -3.852534803480E-01   0.000000000000E+00   0.000000000000E+00   0.000000000000E+00   0.000000000000E+00   0.000000000000E+00  -2.732413153253E-01   3.229032090532E-01   0.000000000000E+00  -4.339922557224E-01   4.398121947019E-01
   0.000000000000E+00   0.000000000000E+00   0.000000000000E+00   0.000000000000E+00   0.000000000000E+00   2.166471871556E-01  -1.513353555913E-01   0.000000000000E+00   3.195259797502E-01  -3.352163359485E-01   0.000000000000E+00   0.000000000000E+00   0.000000000000E+00   0.000000000000E+00   0.000000000000E+00  -3.001423193512E-01   2.759177023428E-01   0.000000000000E+00  -4.038457652825E-01   3.870442890212E-01
   0.000000000000E+00   0.000000000000E+00   0.000000000000E+00   0.000000000000E+00   0.000000000000E+00   2.030381605740E-01  -1.253754407294E-01   0.000000000000E+00   2.848544751906E-01  -2.890299444557E-01   0.000000000000E+00   0.000000000000E+00   0.000000000000E+00   0.000000000000E+00   0.000000000000E+00  -3.136479074194E-01   2.342156401895E-01   0.000000000000E+00  -3.699434408391E-01   3.373309430679E-01
   0.000000000000E+00   0.000000000000E+00   0.000000000000E+00   0.000000000000E+00   0.000000000000E+00   1.883223523205E-01  -1.038402823493E-01   0.000000000000E+00   2.513838704431E-01  -2.472182140396E-01   0.000000000000E+00   0.000000000000E+00   0.000000000000E+00   0.000000000000E+00   0.000000000000E+00  -3.161398380836E-01   1.975536154821E-01   0.000000000000E+00  -3.341571471436E-01   2.913177400426E-01
   0.000000000000E+00   0.000000000000E+00   0.000000000000E+00   0.000000000000E+00   0.000000000000E+00   1.731705446312E-01  -8.594759591367E-02   0.000000000000E+00   2.198729455439E-01  -2.099351861611E-01   0.000000000000E+00   0.000000000000E+00   0.000000000000E+00   0.000000000000E+00   0.000000000000E+00  -3.098874474647E-01   1.656032469582E-01   0.000000000000E+00  -2.980044434683E-01   2.493956763878E-01
   0.000000000000E+00   0.000000000000E+00   0.000000000000E+00   0.000000000000E+00   0.000000000000E+00   1.580315012988E-01  -7.106611580147E-02   0.000000000000E+00   1.907575490562E-01  -1.770971685915E-01   0.000000000000E+00   0.000000000000E+00   0.000000000000E+00   0.000000000000E+00   0.000000000000E+00  -2.969737984306E-01   1.379851277684E-01   0.000000000000E+00  -2.626638420338E-01   2.117373699315E-01
   0.000000000000E+00   0.000000000000E+00   0.000000000000E+00   0.000000000000E+00   0.000000000000E+00   1.432172827445E-01  -5.868354295455E-02   0.000000000000E+00   1.642558949179E-01  -1.484741676584E-01   0.000000000000E+00   0.000000000000E+00   0.000000000000E+00   0.000000000000E+00   0.000000000000E+00  -2.792519642265E-01   1.142946816099E-01   0.000000000000E+00  -2.290062571762E-01   1.783393125584E-01
   0.000000000000E+00   0.000000000000E+00   0.000000000000E+00   0.000000000000E+00   0.000000000000E+00   1.289505697095E-01  -4.838121418177E-02   0.000000000000E+00   1.404370244076E-01  -1.237517674604E-01   0.000000000000E+00   0.000000000000E+00   0.000000000000E+00   0.000000000000E+00   0.000000000000E+00  -2.583237457469E-01   9.412153580399E-02   0.000000000000E+00  -1.976344124144E-01   1.490637742838E-01
   0.000000000000E+00   0.000000000000E+00   0.000000000000E+00   0.000000000000E+00   0.000000000000E+00   1.153907848392E-01  -3.981455652813E-02   0.000000000000E+00   1.192666161259E-01  -1.025727711590E-01   0.000000000000E+00   0.000000000000E+00   0.000000000000E+00   0.000000000000E+00   0.000000000000E+00  -2.355351777716E-01   7.706370642156E-02   0.000000000000E+00  -1.689250032660E-01   1.236769514205E-01
   0.000000000000E+00   0.000000000000E+00   0.000000000000E+00   0.000000000000E+00   0.000000000000E+00   1.026490584323E-01  -3.269815254545E-02   0.000000000000E+00   1.006389843573E-01  -8.456516474026E-02   0.000000000000E+00   0.000000000000E+00   0.000000000000E+00   0.000000000000E+00   0.000000000000E+00  -2.119844335336E-01   6.273763369419E-02   0.000000000000E+00  -1.430703413083E-01   1.018818014288E-01
   0.000000000000E+00   0.000000000000E+00   0.000000000000E+00   0.000000000000E+00   0.000000000000E+00   9.079759645016E-02  -2.679431907647E-02   0.000000000000E+00   8.440043841621E-02  -6.936075371875E-02   0.000000000000E+00   0.000000000000E+00   0.000000000000E+00   0.000000000000E+00   0.000000000000E+00  -1.885385357122E-01   5.078490863917E-02   0.000000000000E+00  -1.201174324036E-01   8.334509974994E-02
   0.000000000000E+00   0.000000000000E+00   0.000000000000E+00   0.000000000000E+00   0.000000000000E+00   7.987635187412E-02  -2.190430783583E-02   0.000000000000E+00   7.036693647865E-02  -5.660732954586E-02   0.000000000000E+00   0.000000000000E+00   0.000000000000E+00   0.000000000000E+00   0.000000000000E+00  -1.658558654225E-01   4.087638234048E-02   0.000000000000E+00  -1.000032530639E-01   6.771887377041E-02
   0.000000000000E+00   0.000000000000E+00   0.000000000000E+00   0.000000000000E+00   0.000000000000E+00   6.989841818725E-02  -1.786144895501E-02   0.000000000000E+00   5.833768575080E-02  -4.597626859799E-02   0.000000000000E+00   0.000000000000E+00   0.000000000000E+00   0.000000000000E+00   0.000000000000E+00  -1.444119620461E-01   3.271423360357E-02   0.000000000000E+00  -8.258555514415E-02   5.465670288798E-02
   0.000000000000E+00   0.000000000000E+00   0.000000000000E+00   0.000000000000E+00   0.000000000000E+00   6.085477936452E-02  -1.452572993105E-02   0.000000000000E+00   4.810564602030E-02  -3.716686630875E-02   0.000000000000E+00   0.000000000000E+00   0.000000000000E+00   0.000000000000E+00   0.000000000000E+00  -1.245265806061E-01   2.603247722371E-02   0.000000000000E+00  -6.766894240846E-02   4.382553539986E-02
   0.000000000000E+00   0.000000000000E+00   0.000000000000E+00   0.000000000000E+00   0.000000000000E+00   5.271865627013E-02  -1.177944623322E-02   0.000000000000E+00   3.946553389792E-02  -2.990832930961E-02   0.000000000000E+00   0.000000000000E+00   0.000000000000E+00   0.000000000000E+00   0.000000000000E+00  -1.063904287613E-01   2.059631610117E-02   0.000000000000E+00  -5.502626820816E-02   3.491372989928E-02
   0.000000000000E+00   0.000000000000E+00   0.000000000000E+00   0.000000000000E+00   0.000000000000E+00   4.544950699571E-02  -9.523660307662E-03   0.000000000000E+00   3.221974945101E-02  -2.396010155395E-02   0.000000000000E+00   0.000000000000E+00   0.000000000000E+00   0.000000000000E+00   0.000000000000E+00  -9.009043093983E-02   1.620067140602E-02   0.000000000000E+00  -4.441562363161E-02   2.763602116669E-02
   0.000000000000E+00   0.000000000000E+00   0.000000000000E+00   0.000000000000E+00   0.000000000000E+00   3.899668686348E-02  -7.675279930663E-03   0.000000000000E+00   2.618256993511E-02  -1.911103154960E-02   0.000000000000E+00   0.000000000000E+00   0.000000000000E+00   0.000000000000E+00   0.000000000000E+00  -7.563274688814E-02   1.266816372996E-02   0.000000000000E+00  -3.559333306152E-02   2.173606325478E-02
   0.000000000000E+00   0.000000000000E+00   0.000000000000E+00   0.000000000000E+00   0.000000000000E+00   3.330275042885E-02  -6.164616509851E-03   0.000000000000E+00   2.118290801877E-02  -1.517776618921E-02   0.000000000000E+00   0.000000000000E+00   0.000000000000E+00   0.000000000000E+00   0.000000000000E+00  -6.296309402337E-02   9.846763785102E-03   0.000000000000E+00  -2.832345994285E-02   1.698713233719E-02
   0.000000000000E+00   0.000000000000E+00   0.000000000000E+00   0.000000000000E+00   0.000000000000E+00   2.830638027312E-02  -4.933327991767E-03   0.000000000000E+00   1.706590135331E-02  -1.200266220164E-02   0.000000000000E+00   0.000000000000E+00   0.000000000000E+00   0.000000000000E+00   0.000000000000E+00  -5.198418204931E-02   7.607283452052E-03   0.000000000000E+00  -2.238436075203E-02   1.319149067865E-02
   0.000000000000E+00   0.000000000000E+00   0.000000000000E+00   0.000000000000E+00   0.000000000000E+00   2.394491597136E-02  -3.932667490873E-03   0.000000000000E+00   1.369356482087E-02  -9.451429751280E-03   0.000000000000E+00   0.000000000000E+00   0.000000000000E+00   0.000000000000E+00   0.000000000000E+00  -4.257026515196E-02   5.840836744136E-03   0.000000000000E+00  -1.757282107277E-02   1.017882918971E-02
   0.000000000000E+00   0.000000000000E+00   0.000000000000E+00   0.000000000000E+00   0.000000000000E+00   2.015644394224E-02  -3.121986062701E-03   0.000000000000E+00   1.094470279373E-02  -7.410662919680E-03   0.000000000000E+00   0.000000000000E+00   0.000000000000E+00   0.000000000000E+00   0.000000000000E+00  -3.457895714561E-02   4.456365369650E-03   0.000000000000E+00  -1.370627541664E-02   7.804125285641E-03
   0.000000000000E+00   0.000000000000E+00   0.000000000000E+00   0.000000000000E+00   0.000000000000E+00   1.688140444614E-02  -2.467450816001E-03   0.000000000000E+00   8.714249068964E-03  -5.785367117788E-03   0.000000000000E+00   0.000000000000E+00   0.000000000000E+00   0.000000000000E+00   0.000000000000E+00  -2.786054631246E-02   3.378294720098E-03   0.000000000000E+00  -1.062356200134E-02   5.945178960935E-03
   0.000000000000E+00   0.000000000000E+00   0.000000000000E+00   0.000000000000E+00   0.000000000000E+00   1.406369479077E-02  -1.940947026259E-03   0.000000000000E+00   6.912184201675E-03  -4.496563058276E-03   0.000000000000E+00   0.000000000000E+00   0.000000000000E+00   0.000000000000E+00   0.000000000000E+00  -2.226509853943E-02   2.544362812047E-03   0.000000000000E+00  -8.184603531227E-03   4.500025252565E-03
   0.000000000000E+00   0.000000000000E+00   0.000000000000E+00   0.000000000000E+00   0.000000000000E+00   1.165129909679E-02  -1.519145397857E-03   0.000000000000E+00   5.462173289687E-03  -3.479028790557E-03   0.000000000000E+00   0.000000000000E+00   0.000000000000E+00   0.000000000000E+00   0.000000000000E+00  -1.764765875638E-02   1.903646375887E-03   0.000000000000E+00  -6.269341696551E-03   3.384366465502E-03
   0.000000000000E+00   0.000000000000E+00   0.000000000000E+00   0.000000000000E+00   0.000000000000E+00   9.596511456639E-03  -1.182711587552E-03   0.000000000000E+00   4.300051400506E-03  -2.679222847359E-03   0.000000000000E+00   0.000000000000E+00   0.000000000000E+00   0.000000000000E+00   0.000000000000E+00  -1.387185981678E-02   1.414794266350E-03   0.000000000000E+00  -4.776191390994E-03   2.529122622891E-03
   0.000000000000E+00   0.000000000000E+00   0.000000000000E+00   0.000000000000E+00   0.000000000000E+00   7.855879415844E-03  -9.156463054819E-04   0.000000000000E+00   3.372277121589E-03  -2.053421090971E-03   0.000000000000E+00   0.000000000000E+00   0.000000000000E+00   0.000000000000E+00   0.000000000000E+00  -1.081223181070E-02   1.044468005219E-03   0.000000000000E+00  -3.620223702154E-03   1.878162920337E-03
   0.000000000000E+00   0.000000000000E+00   0.000000000000E+00   0.000000000000E+00   0.000000000000E+00   6.389685744227E-03  -7.047295954285E-04   0.000000000000E+00   2.634339715548E-03  -1.566035651814E-03   0.000000000000E+00   0.000000000000E+00   0.000000000000E+00   0.000000000000E+00   0.000000000000E+00  -8.355479012199E-03   7.659819198087E-04   0.000000000000E+00  -2.731236384434E-03   1.386253490739E-03
   0.000000000000E+00   0.000000000000E+00   0.000000000000E+00   0.000000000000E+00   0.000000000000E+00   5.162948054643E-03  -5.390682556320E-04   0.000000000000E+00   2.049849052483E-03  -1.188402523131E-03   0.000000000000E+00   0.000000000000E+00   0.000000000000E+00   0.000000000000E+00   0.000000000000E+00  -6.400960617015E-03   5.581304260391E-04   0.000000000000E+00  -2.051827582515E-03   1.017236340172E-03
   0.000000000000E+00   0.000000000000E+00   0.000000000000E+00   0.000000000000E+00   0.000000000000E+00   4.142643829364E-03  -4.097030624738E-04   0.000000000000E+00   1.588420857409E-03  -8.972043055063E-04   0.000000000000E+00   0.000000000000E+00   0.000000000000E+00   0.000000000000E+00   0.000000000000E+00  -4.860578378409E-03   4.041870029578E-04   0.000000000000E+00  -1.535553104251E-03   7.424396880593E-04
   0.000000000000E+00   0.000000000000E+00   0.000000000000E+00   0.000000000000E+00   0.000000000000E+00   3.300459287267E-03  -3.092999605059E-04   0.000000000000E+00   1.225677195260E-03  -6.739150126161E-04   0.000000000000E+00   0.000000000000E+00   0.000000000000E+00   0.000000000000E+00   0.000000000000E+00  -3.658241503113E-03   2.910578686920E-04   0.000000000000E+00  -1.145219122429E-03   5.393099923407E-04
   0.000000000000E+00   0.000000000000E+00   0.000000000000E+00   0.000000000000E+00   0.000000000000E+00   2.609480581149E-03  -2.318737181749E-04   0.000000000000E+00   9.412740466786E-04  -5.035195848676E-04   0.000000000000E+00   0.000000000000E+00   0.000000000000E+00   0.000000000000E+00   0.000000000000E+00  -2.729048270848E-03   2.085729204614E-04   0.000000000000E+00  -8.513401025384E-04   3.902496358564E-04
   0.000000000000E+00   0.000000000000E+00   0.000000000000E+00   0.000000000000E+00   0.000000000000E+00   2.047327245757E-03  -1.725729070975E-04   0.000000000000E+00   7.192185294353E-04  -3.742735875266E-04   0.000000000000E+00   0.000000000000E+00   0.000000000000E+00   0.000000000000E+00   0.000000000000E+00  -2.018295737166E-03   1.488968348704E-04   0.000000000000E+00  -6.307751531829E-04   2.816407096493E-04
   0.000000000000E+00   0.000000000000E+00   0.000000000000E+00   0.000000000000E+00   0.000000000000E+00   1.593912945835E-03  -1.274723983381E-04   0.000000000000E+00   5.465382269175E-04  -2.768400632577E-04   0.000000000000E+00   0.000000000000E+00   0.000000000000E+00   0.000000000000E+00   0.000000000000E+00  -1.480404071369E-03   1.060440920256E-04   0.000000000000E+00  -4.655439855815E-04   2.030338154499E-04
   0.000000000000E+00   0.000000000000E+00   0.000000000000E+00   0.000000000000E+00   0.000000000000E+00   1.229509522137E-03  -9.342815510606E-05   0.000000000000E+00   4.121823979076E-04  -2.036191689015E-04   0.000000000000E+00   0.000000000000E+00   0.000000000000E+00   0.000000000000E+00   0.000000000000E+00  -1.077820743496E-03   7.548289364659E-05   0.000000000000E+00  -3.418153904799E-04   1.464807272712E-04
   0.000000000000E+00   0.000000000000E+00   0.000000000000E+00   0.000000000000E+00   0.000000000000E+00   9.405660318200E-04  -6.793283738992E-05   0.000000000000E+00   3.084002336120E-04  -1.490720230253E-04   0.000000000000E+00   0.000000000000E+00   0.000000000000E+00   0.000000000000E+00   0.000000000000E+00  -7.799518533661E-04   5.381434236497E-05   0.000000000000E+00  -2.490558127334E-04   1.059906313082E-04
   0.000000000000E+00   0.000000000000E+00   0.000000000000E+00   0.000000000000E+00   0.000000000000E+00   7.132192513821E-04  -4.899461189518E-05   0.000000000000E+00   2.284038475819E-04  -1.086419751848E-04   0.000000000000E+00   0.000000000000E+00   0.000000000000E+00   0.000000000000E+00   0.000000000000E+00  -5.621531868446E-04   3.851472556259E-05   0.000000000000E+00  -1.793225408549E-04   7.709114416702E-05
   0.000000000000E+00   0.000000000000E+00   0.000000000000E+00   0.000000000000E+00   0.000000000000E+00   5.353712981342E-04  -3.504796984298E-05   0.000000000000E+00   1.667660440866E-04  -7.877973196340E-05   0.000000000000E+00   0.000000000000E+00   0.000000000000E+00   0.000000000000E+00   0.000000000000E+00  -4.048017939168E-04   2.773022196595E-05   0.000000000000E+00  -1.266846515409E-04   5.647712342969E-05
   0.000000000000E+00   0.000000000000E+00   0.000000000000E+00   0.000000000000E+00   0.000000000000E+00   3.980487600166E-04  -2.487034740486E-05   0.000000000000E+00   1.195673523479E-04  -5.688681585441E-05   0.000000000000E+00   0.000000000000E+00   0.000000000000E+00   0.000000000000E+00   0.000000000000E+00  -2.924596668919E-04   2.011476690206E-05   0.000000000000E+00  -8.675467998228E-05   4.173223730036E-05
   0.000000000000E+00   0.000000000000E+00   0.000000000000E+00   0.000000000000E+00   0.000000000000E+00   2.927984696320E-04  -1.751313582578E-05   0.000000000000E+00   8.348972934039E-05  -4.088670578454E-05   0.000000000000E+00   0.000000000000E+00   0.000000000000E+00   0.000000000000E+00   0.000000000000E+00  -2.131340960654E-04   1.470313620998E-05   0.000000000000E+00  -5.631464370178E-05   3.111021643950E-05
   0.000000000000E+00   0.000000000000E+00   0.000000000000E+00   0.000000000000E+00   0.000000000000E+00   2.130698684348E-04  -1.224691260474E-05   0.000000000000E+00   5.607188975930E-05  -2.925072153033E-05   0.000000000000E+00   0.000000000000E+00   0.000000000000E+00   0.000000000000E+00   0.000000000000E+00  -1.576341424276E-04   1.081251769743E-05   0.000000000000E+00  -3.302123216518E-05   2.336458138129E-05
   0.000000000000E+00   0.000000000000E+00   0.000000000000E+00   0.000000000000E+00   0.000000000000E+00   1.533568760829E-04  -8.515199076602E-06   0.000000000000E+00   3.537039218464E-05  -2.081722628570E-05   0.000000000000E+00   0.000000000000E+00   0.000000000000E+00   0.000000000000E+00   0.000000000000E+00  -1.190190615661E-04   7.966922206862E-06   0.000000000000E+00  -1.517645967135E-05   1.761736784320E-05
   0.000000000000E+00   0.000000000000E+00   0.000000000000E+00   0.000000000000E+00   0.000000000000E+00   1.092876238900E-04  -5.896903006807E-06   0.000000000000E+00   1.990656121761E-05  -1.472852180290E-05   0.000000000000E+00   0.000000000000E+00   0.000000000000E+00   0.000000000000E+00   0.000000000000E+00  -9.213213999401E-05   5.839741615719E-06   0.000000000000E+00  -1.551698311890E-06   1.325893009320E-05
   0.000000000000E+00   0.000000000000E+00   0.000000000000E+00   0.000000000000E+00   0.000000000000E+00   7.709838680063E-05  -4.077761186501E-06   0.000000000000E+00   8.477183362952E-06  -1.032844572002E-05   0.000000000000E+00   0.000000000000E+00   0.000000000000E+00   0.000000000000E+00   0.000000000000E+00  -7.321199927880E-05   4.210591695644E-06   0.000000000000E+00   8.745357983235E-06   9.872277360643E-06
   0.000000000000E+00   0.000000000000E+00   0.000000000000E+00   0.000000000000E+00   0.000000000000E+00   5.391122401225E-05  -2.824683833380E-06   0.000000000000E+00   1.826541620055E-07  -7.145715610863E-06   0.000000000000E+00   0.000000000000E+00   0.000000000000E+00   0.000000000000E+00   0.000000000000E+00  -5.957275671575E-05   2.933290976568E-06   0.000000000000E+00   1.636967824354E-05   7.176590925579E-06
   0.000000000000E+00   0.000000000000E+00   0.000000000000E+00   0.000000000000E+00   0.000000000000E+00   3.747901220671E-05  -1.966986239305E-06   0.000000000000E+00  -5.668865833969E-06  -4.838826835543E-06   0.000000000000E+00   0.000000000000E+00   0.000000000000E+00   0.000000000000E+00   0.000000000000E+00  -4.934431157744E-05   1.912432152434E-06   0.000000000000E+00   2.181125514010E-05   4.985588743081E-06
   0.000000000000E+00   0.000000000000E+00   0.000000000000E+00   0.000000000000E+00   0.000000000000E+00   2.602397797179E-05  -1.381627450574E-06   0.000000000000E+00  -9.620929509551E-06  -3.159131625958E-06   0.000000000000E+00   0.000000000000E+00   0.000000000000E+00   0.000000000000E+00   0.000000000000E+00  -4.126429487594E-05   1.086510814375E-06   0.000000000000E+00   2.544696045136E-05   3.177264032649E-06
   0.000000000000E+00   0.000000000000E+00   0.000000000000E+00   0.000000000000E+00   0.000000000000E+00   1.818563994063E-05  -9.810229189122E-07   0.000000000000E+00  -1.209534635838E-05  -1.929407699285E-06   0.000000000000E+00   0.000000000000E+00   0.000000000000E+00   0.000000000000E+00   0.000000000000E+00  -3.451375039909E-05   4.159986260371E-07   0.000000000000E+00   2.757686327118E-05   1.672240462950E-06
   0.000000000000E+00   0.000000000000E+00   0.000000000000E+00   0.000000000000E+00   0.000000000000E+00   1.291075204692E-05  -7.039016115356E-07   0.000000000000E+00  -1.342786629474E-05  -1.022207660258E-06   0.000000000000E+00   0.000000000000E+00   0.000000000000E+00   0.000000000000E+00   0.000000000000E+00  -2.858930533172E-05  -1.249044603119E-07   0.000000000000E+00   2.844898597580E-05   4.185767283891E-07
   0.000000000000E+00   0.000000000000E+00   0.000000000000E+00   0.000000000000E+00   0.000000000000E+00   9.419564151803E-06  -5.081230736462E-07   0.000000000000E+00  -1.388127078782E-05  -3.485307645846E-07   0.000000000000E+00   0.000000000000E+00   0.000000000000E+00   0.000000000000E+00   0.000000000000E+00  -2.320536284490E-05  -5.538213317054E-07   0.000000000000E+00   2.827563131058E-05  -6.186655707543E-07
   0.000000000000E+00   0.000000000000E+00   0.000000000000E+00   0.000000000000E+00   0.000000000000E+00   7.135801004901E-06  -3.656587668882E-07   0.000000000000E+00  -1.366528064872E-05   1.541399244532E-07   0.000000000000E+00   0.000000000000E+00   0.000000000000E+00   0.000000000000E+00   0.000000000000E+00  -1.822064925448E-05  -8.838062538109E-07   0.000000000000E+00   2.724371211757E-05  -1.464388621436E-06


Spline
12 0.0553585
112.9353346817185 2.801373701455403 -0.1119994835253462
0.035 0.0375    0.204206 -35.71077211012958 2016.504000000031 24177.93762071238
0.0375 0.04    0.12791 -25.17491577974109 2197.838532155373 -120889.6881035729
0.04 0.0425    0.07682029999999999 -16.45240477090621 1291.165871378576 -57585.58520643491
0.0425 0.045    0.0428593 -11.07630513663398 859.2739823303137 16659.22892930921
0.045 0.04533    0.0207993 -6.467574682557872 984.2181993001326 -2167173.572075024
0.04533 0.045334    0.0186943 -6.526006277016704 -1161.283637054166 353213222.4907721
0.045334 0.046259    0.0186682 -6.518342311433599 3077.275032831984 -1324559.571220061
0.046259 0.047184    0.0142234 -4.225362350069925 -598.3777773036936 561811.1110751317
0.047184 0.0493131    0.0102476 -3.890262342340788 960.6480559297889 -100763.5210502349
0.0493131 0.0503195    0.00534702 -1.169934109375229 317.0412179256228 -143026.9144497911
0.0503195 0.0513259    0.00434492 -0.9663840979460291 -114.7856421811885 10348.58893883691
0.0513259 0.0553585    0.00326664 -1.165980214261954 -83.5411824570522 -5782.515169399558 27636944.82683195 -3877959552.095367

This SPLINE is just a DUMMY-SPLINE!!!!!!!!!!!!!!!

