0.200000 56
   0.000000000000E+00 0.0 0.0 0.0 0.0 0.0 0.0 0.0 0.0 0.0 0.0 0.0 0.0 0.0 0.0 0.0 0.0 0.0 0.0 0.0
   0.000000000000E+00   0.000000000000E+00   0.000000000000E+00   0.000000000000E+00   0.000000000000E+00   0.000000000000E+00   0.000000000000E+00   0.000000000000E+00   0.000000000000E+00   0.000000000000E+00   0.000000000000E+00   0.000000000000E+00   0.000000000000E+00   0.000000000000E+00   0.000000000000E+00   0.000000000000E+00   0.000000000000E+00   0.000000000000E+00   0.000000000000E+00   0.000000000000E+00
   0.000000000000E+00   0.000000000000E+00   0.000000000000E+00   0.000000000000E+00   0.000000000000E+00  -7.708925599806E-01  -1.033380215297E+00   0.000000000000E+00  -2.801088507166E-01  -9.604103689530E-01   0.000000000000E+00   0.000000000000E+00   0.000000000000E+00   0.000000000000E+00   0.000000000000E+00   8.008337425547E-01   8.913208257496E-01   0.000000000000E+00  -9.030588516929E-02   8.979262145639E-01
   0.000000000000E+00   0.000000000000E+00   0.000000000000E+00   0.000000000000E+00   0.000000000000E+00  -4.598993199417E-01  -8.924392020525E-01   0.000000000000E+00  -1.268977036760E-01  -6.678088242237E-01   0.000000000000E+00   0.000000000000E+00   0.000000000000E+00   0.000000000000E+00   0.000000000000E+00   6.548192404018E-01   8.377509226617E-01   0.000000000000E+00  -1.537795015589E-01   8.456066680683E-01
   0.000000000000E+00   0.000000000000E+00   0.000000000000E+00   0.000000000000E+00   0.000000000000E+00  -2.010095409257E-01  -7.499854960281E-01   0.000000000000E+00   5.376103578131E-02  -5.650564794515E-01   0.000000000000E+00   0.000000000000E+00   0.000000000000E+00   0.000000000000E+00   0.000000000000E+00   4.861916508024E-01   7.711947928694E-01   0.000000000000E+00  -2.204980698884E-01   7.960281705775E-01
   0.000000000000E+00   0.000000000000E+00   0.000000000000E+00   0.000000000000E+00   0.000000000000E+00  -1.378401145310E-02  -6.199055992356E-01   0.000000000000E+00   2.010578297697E-01  -5.387271382924E-01   0.000000000000E+00   0.000000000000E+00   0.000000000000E+00   0.000000000000E+00   0.000000000000E+00   3.141050179869E-01   6.969074315130E-01   0.000000000000E+00  -2.813801393658E-01   7.483065040650E-01
   0.000000000000E+00   0.000000000000E+00   0.000000000000E+00   0.000000000000E+00   0.000000000000E+00   1.086592940460E-01  -5.074977109937E-01   0.000000000000E+00   2.986695653564E-01  -5.289234988874E-01   0.000000000000E+00   0.000000000000E+00   0.000000000000E+00   0.000000000000E+00   0.000000000000E+00   1.530170353415E-01   6.194517303426E-01   0.000000000000E+00  -3.299895992427E-01   6.998960114501E-01
   0.000000000000E+00   0.000000000000E+00   0.000000000000E+00   0.000000000000E+00   0.000000000000E+00   1.811824006799E-01  -4.134150679146E-01   0.000000000000E+00   3.508206176884E-01  -5.124007935623E-01   0.000000000000E+00   0.000000000000E+00   0.000000000000E+00   0.000000000000E+00   0.000000000000E+00   1.251061997550E-02   5.424972435280E-01   0.000000000000E+00  -3.630308018386E-01   6.490280957970E-01
   0.000000000000E+00   0.000000000000E+00   0.000000000000E+00   0.000000000000E+00   0.000000000000E+00   2.186181468460E-01  -3.361013499856E-01   0.000000000000E+00   3.682547713161E-01  -4.840331685660E-01   0.000000000000E+00   0.000000000000E+00   0.000000000000E+00   0.000000000000E+00   0.000000000000E+00  -1.022052687829E-01   4.687960474553E-01   0.000000000000E+00  -3.798132313719E-01   5.952158135940E-01
   0.000000000000E+00   0.000000000000E+00   0.000000000000E+00   0.000000000000E+00   0.000000000000E+00   2.331456667071E-01  -2.731722764027E-01   0.000000000000E+00   3.620684301133E-01  -4.459309488207E-01   0.000000000000E+00   0.000000000000E+00   0.000000000000E+00   0.000000000000E+00   0.000000000000E+00  -1.895012811424E-01   4.002488664623E-01   0.000000000000E+00  -3.814907917295E-01   5.390271414331E-01
   0.000000000000E+00   0.000000000000E+00   0.000000000000E+00   0.000000000000E+00   0.000000000000E+00   2.335512595937E-01  -2.221468422625E-01   0.000000000000E+00   3.412990945390E-01  -4.020708375352E-01   0.000000000000E+00   0.000000000000E+00   0.000000000000E+00   0.000000000000E+00   0.000000000000E+00  -2.504200517078E-01   3.380177789569E-01   0.000000000000E+00  -3.703601409713E-01   4.816830067878E-01
   0.000000000000E+00   0.000000000000E+00   0.000000000000E+00   0.000000000000E+00   0.000000000000E+00   2.256395604602E-01  -1.807866181255E-01   0.000000000000E+00   3.124728828431E-01  -3.561036743983E-01   0.000000000000E+00   0.000000000000E+00   0.000000000000E+00   0.000000000000E+00   0.000000000000E+00  -2.877771456696E-01   2.826603819145E-01   0.000000000000E+00  -3.492850343457E-01   4.246812788509E-01
   0.000000000000E+00   0.000000000000E+00   0.000000000000E+00   0.000000000000E+00   0.000000000000E+00   2.130353917569E-01  -1.472105932723E-01   0.000000000000E+00   2.799862945186E-01  -3.107382359443E-01   0.000000000000E+00   0.000000000000E+00   0.000000000000E+00   0.000000000000E+00   0.000000000000E+00  -3.053629780594E-01   2.342681167528E-01   0.000000000000E+00  -3.212530175595E-01   3.695062886805E-01
   0.000000000000E+00   0.000000000000E+00   0.000000000000E+00   0.000000000000E+00   0.000000000000E+00   1.979313752453E-01  -1.198958233638E-01   0.000000000000E+00   2.466738760976E-01  -2.677542203811E-01   0.000000000000E+00   0.000000000000E+00   0.000000000000E+00   0.000000000000E+00   0.000000000000E+00  -3.073032418296E-01   1.925962934275E-01   0.000000000000E+00  -2.890594416772E-01   3.174346271308E-01
   0.000000000000E+00   0.000000000000E+00   0.000000000000E+00   0.000000000000E+00   0.000000000000E+00   1.816502989053E-01  -9.763044280257E-02   0.000000000000E+00   2.143066214606E-01  -2.282014806876E-01   0.000000000000E+00   0.000000000000E+00   0.000000000000E+00   0.000000000000E+00   0.000000000000E+00  -2.975983490969E-01   1.571777015415E-01   0.000000000000E+00  -2.551088831771E-01   2.694296324659E-01
   0.000000000000E+00   0.000000000000E+00   0.000000000000E+00   0.000000000000E+00   0.000000000000E+00   1.650182801745E-01  -7.945441588420E-02   0.000000000000E+00   1.839557939872E-01  -1.926096465080E-01   0.000000000000E+00   0.000000000000E+00   0.000000000000E+00   0.000000000000E+00   0.000000000000E+00  -2.798323536974E-01   1.274157147642E-01   0.000000000000E+00  -2.213176292672E-01   2.261081398744E-01
   0.000000000000E+00   0.000000000000E+00   0.000000000000E+00   0.000000000000E+00   0.000000000000E+00   1.485842601054E-01  -6.460440225559E-02   0.000000000000E+00   1.562319366464E-01  -1.611538042174E-01   0.000000000000E+00   0.000000000000E+00   0.000000000000E+00   0.000000000000E+00   0.000000000000E+00  -2.570232561335E-01   1.026560798858E-01   0.000000000000E+00  -1.890953352442E-01   1.877591282000E-01
   0.000000000000E+00   0.000000000000E+00   0.000000000000E+00   0.000000000000E+00   0.000000000000E+00   1.327315951213E-01  -5.246875377236E-02   0.000000000000E+00   1.314329100864E-01  -1.337720133181E-01   0.000000000000E+00   0.000000000000E+00   0.000000000000E+00   0.000000000000E+00   0.000000000000E+00  -2.315790626187E-01   8.223888479705E-02   0.000000000000E+00  -1.593817436209E-01   1.543939556459E-01
   0.000000000000E+00   0.000000000000E+00   0.000000000000E+00   0.000000000000E+00   0.000000000000E+00   1.177283147046E-01  -4.255326921975E-02   0.000000000000E+00   1.096373075618E-01  -1.102474214845E-01   0.000000000000E+00   0.000000000000E+00   0.000000000000E+00   0.000000000000E+00   0.000000000000E+00  -2.053245496506E-01   6.553352825416E-02   0.000000000000E+00  -1.327158069664E-01   1.258108704993E-01
   0.000000000000E+00   0.000000000000E+00   0.000000000000E+00   0.000000000000E+00   0.000000000000E+00   1.037511617518E-01  -3.445589109496E-02   0.000000000000E+00   9.076956952736E-02  -9.026782584310E-02   0.000000000000E+00   0.000000000000E+00   0.000000000000E+00   0.000000000000E+00   0.000000000000E+00  -1.795689661317E-01   5.196004514211E-02   0.000000000000E+00  -1.093185784961E-01   1.016609752805E-01
   0.000000000000E+00   0.000000000000E+00   0.000000000000E+00   0.000000000000E+00   0.000000000000E+00   9.090155411105E-02  -2.784799185894E-02   0.000000000000E+00   7.465008347833E-02  -7.347014109719E-02   0.000000000000E+00   0.000000000000E+00   0.000000000000E+00   0.000000000000E+00   0.000000000000E+00  -1.551920622496E-01   4.100011206794E-02   0.000000000000E+00  -8.917635126560E-02   8.150750258393E-02
   0.000000000000E+00   0.000000000000E+00   0.000000000000E+00   0.000000000000E+00   0.000000000000E+00   7.921976885964E-02  -2.246026169615E-02   0.000000000000E+00   6.103517064527E-02  -5.947333878643E-02   0.000000000000E+00   0.000000000000E+00   0.000000000000E+00   0.000000000000E+00   0.000000000000E+00  -1.327329663298E-01   3.220069568870E-02   0.000000000000E+00  -7.211553309086E-02   6.487426878699E-02
   0.000000000000E+00   0.000000000000E+00   0.000000000000E+00   0.000000000000E+00   0.000000000000E+00   6.869854709727E-02  -1.807177694879E-02   0.000000000000E+00   4.964854681216E-02  -4.790191910129E-02   0.000000000000E+00   0.000000000000E+00   0.000000000000E+00   0.000000000000E+00   0.000000000000E+00  -1.124725000115E-01   2.517278945794E-02   0.000000000000E+00  -5.786491925391E-02   5.128213118474E-02
   0.000000000000E+00   0.000000000000E+00   0.000000000000E+00   0.000000000000E+00   0.000000000000E+00   5.929582948559E-02  -1.450132238703E-02   0.000000000000E+00   4.020510441002E-02  -3.840161648489E-02   0.000000000000E+00   0.000000000000E+00   0.000000000000E+00   0.000000000000E+00   0.000000000000E+00  -9.450413767279E-02   1.958713714588E-02   0.000000000000E+00  -4.610409077720E-02   4.027416538544E-02
   0.000000000000E+00   0.000000000000E+00   0.000000000000E+00   0.000000000000E+00   0.000000000000E+00   5.094617464242E-02  -1.160035516134E-02   0.000000000000E+00   3.242792966581E-02  -3.064894563227E-02   0.000000000000E+00   0.000000000000E+00   0.000000000000E+00   0.000000000000E+00   0.000000000000E+00  -7.879199515021E-02   1.516833754904E-02   0.000000000000E+00  -3.649864856923E-02   3.143128082595E-02
   0.000000000000E+00   0.000000000000E+00   0.000000000000E+00   0.000000000000E+00   0.000000000000E+00   4.357056141819E-02  -9.247214176779E-03   0.000000000000E+00   2.605960981166E-02  -2.435606182875E-02   0.000000000000E+00   0.000000000000E+00   0.000000000000E+00   0.000000000000E+00   0.000000000000E+00  -6.521620201885E-02   1.168830025732E-02   0.000000000000E+00  -2.872408001930E-02   2.438035008473E-02
   0.000000000000E+00   0.000000000000E+00   0.000000000000E+00   0.000000000000E+00   0.000000000000E+00   3.708436894956E-02  -7.342304810444E-03   0.000000000000E+00   2.086889126458E-02  -1.927219175577E-02   0.000000000000E+00   0.000000000000E+00   0.000000000000E+00   0.000000000000E+00   0.000000000000E+00  -5.360706898218E-02   8.959687527126E-03   0.000000000000E+00  -2.248048501918E-02   1.879687900541E-02
   0.000000000000E+00   0.000000000000E+00   0.000000000000E+00   0.000000000000E+00   0.000000000000E+00   3.140334347257E-02  -5.804082937795E-03   0.000000000000E+00   1.665365714769E-02  -1.518264624526E-02   0.000000000000E+00   0.000000000000E+00   0.000000000000E+00   0.000000000000E+00   0.000000000000E+00  -4.376989443242E-02   6.829727329003E-03   0.000000000000E+00  -1.750039126204E-02   1.440397867003E-02
   0.000000000000E+00   0.000000000000E+00   0.000000000000E+00   0.000000000000E+00   0.000000000000E+00   2.644745111483E-02  -4.565716554882E-03   0.000000000000E+00   1.324110584153E-02  -1.190622439050E-02   0.000000000000E+00   0.000000000000E+00   0.000000000000E+00   0.000000000000E+00   0.000000000000E+00  -3.550229910829E-02   5.174605099656E-03   0.000000000000E+00  -1.355164930732E-02   1.096904960190E-02
   0.000000000000E+00   0.000000000000E+00   0.000000000000E+00   0.000000000000E+00   0.000000000000E+00   2.214276470639E-02  -3.572336317510E-03   0.000000000000E+00   1.048597454872E-02  -9.291679143175E-03   0.000000000000E+00   0.000000000000E+00   0.000000000000E+00   0.000000000000E+00   0.000000000000E+00  -2.860581073434E-02   3.894521812201E-03   0.000000000000E+00  -1.043705036321E-02   8.299235417129E-03
   0.000000000000E+00   0.000000000000E+00   0.000000000000E+00   0.000000000000E+00   0.000000000000E+00   1.842182546686E-02  -2.778802985640E-03   0.000000000000E+00   8.267605586721E-03  -7.213796879794E-03   0.000000000000E+00   0.000000000000E+00   0.000000000000E+00   0.000000000000E+00   0.000000000000E+00  -2.289316031622E-02   2.909429418144E-03   0.000000000000E+00  -7.991941278035E-03   6.236391161626E-03
   0.000000000000E+00   0.000000000000E+00   0.000000000000E+00   0.000000000000E+00   0.000000000000E+00   1.522310215603E-02  -2.147916385766E-03   0.000000000000E+00   6.486541830236E-03  -5.569514003739E-03   0.000000000000E+00   0.000000000000E+00   0.000000000000E+00   0.000000000000E+00   0.000000000000E+00  -1.819247132842E-02   2.155409246945E-03   0.000000000000E+00  -6.080772054891E-03   4.652058335430E-03
   0.000000000000E+00   0.000000000000E+00   0.000000000000E+00   0.000000000000E+00   0.000000000000E+00   1.249033675565E-02  -1.648986182994E-03   0.000000000000E+00   5.061233126230E-03  -4.274386793858E-03   0.000000000000E+00   0.000000000000E+00   0.000000000000E+00   0.000000000000E+00   0.000000000000E+00  -1.434926213108E-02   1.581634797552E-03   0.000000000000E+00  -4.593225115233E-03   3.442745876086E-03
   0.000000000000E+00   0.000000000000E+00   0.000000000000E+00   0.000000000000E+00   0.000000000000E+00   1.017114378387E-02  -1.256696455596E-03   0.000000000000E+00   3.924730222475E-03  -3.259323613320E-03   0.000000000000E+00   0.000000000000E+00   0.000000000000E+00   0.000000000000E+00   0.000000000000E+00  -1.122695840264E-02   1.147850156880E-03   0.000000000000E+00  -3.440349277919E-03   2.525677631958E-03
   0.000000000000E+00   0.000000000000E+00   0.000000000000E+00   0.000000000000E+00   0.000000000000E+00   8.217631307273E-03  -9.501915336433E-04   0.000000000000E+00   3.022508341418E-03  -2.468161191194E-03   0.000000000000E+00   0.000000000000E+00   0.000000000000E+00   0.000000000000E+00   0.000000000000E+00  -8.706430755671E-03   8.222937390286E-04   0.000000000000E+00  -2.550951851589E-03   1.835072249764E-03
   0.000000000000E+00   0.000000000000E+00   0.000000000000E+00   0.000000000000E+00   0.000000000000E+00   6.584281259810E-03  -7.123318932846E-04   0.000000000000E+00   2.309576036336E-03  -1.855052389630E-03   0.000000000000E+00   0.000000000000E+00   0.000000000000E+00   0.000000000000E+00   0.000000000000E+00  -6.684930512907E-03   5.800005092846E-04   0.000000000000E+00  -1.868381384068E-03   1.318960651696E-03
   0.000000000000E+00   0.000000000000E+00   0.000000000000E+00   0.000000000000E+00   0.000000000000E+00   5.229248348381E-03  -5.290879077117E-04   0.000000000000E+00   1.749227518732E-03  -1.382902901656E-03   0.000000000000E+00   0.000000000000E+00   0.000000000000E+00   0.000000000000E+00   0.000000000000E+00  -5.074688234280E-03   4.014219250152E-04   0.000000000000E+00  -1.347751880367E-03   9.365101802051E-04
   0.000000000000E+00   0.000000000000E+00   0.000000000000E+00   0.000000000000E+00   0.000000000000E+00   4.115072623806E-03  -3.890238372362E-04   0.000000000000E+00   1.311786733209E-03  -1.021936155348E-03   0.000000000000E+00   0.000000000000E+00   0.000000000000E+00   0.000000000000E+00   0.000000000000E+00  -3.801358586677E-03   2.713099627066E-04   0.000000000000E+00  -9.536073535378E-04   6.558055020868E-04
   0.000000000000E+00   0.000000000000E+00   0.000000000000E+00   0.000000000000E+00   0.000000000000E+00   3.206936338207E-03  -2.828703210050E-04   0.000000000000E+00   9.727807032529E-04  -7.480795391318E-04   0.000000000000E+00   0.000000000000E+00   0.000000000000E+00   0.000000000000E+00   0.000000000000E+00  -2.802435522561E-03   1.778188850831E-04   0.000000000000E+00  -6.579952549088E-04   4.520286845689E-04
   0.000000000000E+00   0.000000000000E+00   0.000000000000E+00   0.000000000000E+00   0.000000000000E+00   2.472742347742E-03  -2.031607157446E-04   0.000000000000E+00   7.120262866109E-04  -5.419381686359E-04   0.000000000000E+00   0.000000000000E+00   0.000000000000E+00   0.000000000000E+00   0.000000000000E+00  -2.025718385057E-03   1.117853163395E-04   0.000000000000E+00  -4.389020120574E-04   3.059802367429E-04
   0.000000000000E+00   0.000000000000E+00   0.000000000000E+00   0.000000000000E+00   0.000000000000E+00   1.884166913297E-03  -1.439138860253E-04   0.000000000000E+00   5.131957302094E-04  -3.881029623570E-04   0.000000000000E+00   0.000000000000E+00   0.000000000000E+00   0.000000000000E+00   0.000000000000E+00  -1.427878408823E-03   6.615347560469E-05   0.000000000000E+00  -2.789984730822E-04   2.028863720958E-04
   0.000000000000E+00   0.000000000000E+00   0.000000000000E+00   0.000000000000E+00   0.000000000000E+00   1.417397245941E-03  -1.003737928768E-04   0.000000000000E+00   3.633871927097E-04  -2.745366904752E-04   0.000000000000E+00   0.000000000000E+00   0.000000000000E+00   0.000000000000E+00   0.000000000000E+00  -9.731529977500E-04   3.551796560448E-05   0.000000000000E+00  -1.646437507288E-04   1.314432920748E-04
   0.000000000000E+00   0.000000000000E+00   0.000000000000E+00   0.000000000000E+00   0.000000000000E+00   1.050611817313E-03  -6.878558667975E-05   0.000000000000E+00   2.518467905491E-04  -1.915870153325E-04   0.000000000000E+00   0.000000000000E+00   0.000000000000E+00   0.000000000000E+00   0.000000000000E+00  -6.321797646794E-04   1.576131389219E-05   0.000000000000E+00  -8.510012059095E-05   8.305563254240E-05
   0.000000000000E+00   0.000000000000E+00   0.000000000000E+00   0.000000000000E+00   0.000000000000E+00   7.657527069729E-04  -4.620455635251E-05   0.000000000000E+00   1.701271887735E-04  -1.318020041646E-04   0.000000000000E+00   0.000000000000E+00   0.000000000000E+00   0.000000000000E+00   0.000000000000E+00  -3.809718506413E-04   3.767557512117E-06   0.000000000000E+00  -3.191745656637E-05   5.123257566053E-05
   0.000000000000E+00   0.000000000000E+00   0.000000000000E+00   0.000000000000E+00   0.000000000000E+00   5.474237627358E-04  -3.034215753213E-05   0.000000000000E+00   1.114464724474E-04  -8.938090528805E-05   0.000000000000E+00   0.000000000000E+00   0.000000000000E+00   0.000000000000E+00   0.000000000000E+00  -2.000291890958E-04  -2.803387216421E-06   0.000000000000E+00   1.547973638264E-06   3.111107186635E-05
   0.000000000000E+00   0.000000000000E+00   0.000000000000E+00   0.000000000000E+00   0.000000000000E+00   3.819642573345E-04  -1.942881643922E-05   0.000000000000E+00   7.021017849499E-05  -5.974588502818E-05   0.000000000000E+00   0.000000000000E+00   0.000000000000E+00   0.000000000000E+00   0.000000000000E+00  -7.357616590770E-05  -5.692945945469E-06   0.000000000000E+00   2.050937749008E-05   1.908092634663E-05
   0.000000000000E+00   0.000000000000E+00   0.000000000000E+00   0.000000000000E+00   0.000000000000E+00   2.584602164793E-04  -1.211370062835E-05   0.000000000000E+00   4.211361778149E-05  -3.945535835866E-05   0.000000000000E+00   0.000000000000E+00   0.000000000000E+00   0.000000000000E+00   0.000000000000E+00   1.108618654754E-05  -6.182686806147E-06   0.000000000000E+00   2.904341201539E-05   1.249110724234E-05
   0.000000000000E+00   0.000000000000E+00   0.000000000000E+00   0.000000000000E+00   0.000000000000E+00   1.678916905337E-04  -7.372120419142E-06   0.000000000000E+00   2.376398198929E-05  -2.589404011882E-05   0.000000000000E+00   0.000000000000E+00   0.000000000000E+00   0.000000000000E+00   0.000000000000E+00   6.412628666567E-05  -5.202723609252E-06   0.000000000000E+00   3.032086195380E-05   9.420536466748E-06
   0.000000000000E+00   0.000000000000E+00   0.000000000000E+00   0.000000000000E+00   0.000000000000E+00   1.029832633396E-04  -4.435574716765E-06   0.000000000000E+00   1.253314468868E-05  -1.710819039080E-05   0.000000000000E+00   0.000000000000E+00   0.000000000000E+00   0.000000000000E+00   0.000000000000E+00   9.363925342304E-05  -3.416139099559E-06   0.000000000000E+00   2.678855953980E-05   8.499880821068E-06
   0.000000000000E+00   0.000000000000E+00   0.000000000000E+00   0.000000000000E+00   0.000000000000E+00   5.766473807432E-05  -2.734688583487E-06   0.000000000000E+00   6.341595482537E-06  -1.162094701125E-05   0.000000000000E+00   0.000000000000E+00   0.000000000000E+00   0.000000000000E+00   0.000000000000E+00   1.060275935399E-04  -1.284540459774E-06   0.000000000000E+00   2.031376822262E-05   8.773544255378E-06
   0.000000000000E+00   0.000000000000E+00   0.000000000000E+00   0.000000000000E+00   0.000000000000E+00   2.715717507180E-05  -1.853189853172E-06   0.000000000000E+00   3.616383950235E-06  -8.358762182508E-06   0.000000000000E+00   0.000000000000E+00   0.000000000000E+00   0.000000000000E+00   0.000000000000E+00   1.063166603272E-04   8.811953337946E-07   0.000000000000E+00   1.229960474573E-05   9.593250787871E-06
   0.000000000000E+00   0.000000000000E+00   0.000000000000E+00   0.000000000000E+00   0.000000000000E+00   7.652254380743E-06  -1.490767310126E-06   0.000000000000E+00   3.164254632855E-06  -6.543505701430E-06   0.000000000000E+00   0.000000000000E+00   0.000000000000E+00   0.000000000000E+00   0.000000000000E+00   9.841506805901E-05   2.881776367360E-06   0.000000000000E+00   3.777998923560E-06   1.053637892053E-05
   0.000000000000E+00   0.000000000000E+00   0.000000000000E+00   0.000000000000E+00   0.000000000000E+00  -3.835653755202E-06  -1.436329988707E-06   0.000000000000E+00   4.097449232026E-06  -5.623189384142E-06   0.000000000000E+00   0.000000000000E+00   0.000000000000E+00   0.000000000000E+00   0.000000000000E+00   8.532902096019E-05   4.599418860580E-06   0.000000000000E+00  -4.514908542392E-06   1.134363280422E-05
   0.000000000000E+00   0.000000000000E+00   0.000000000000E+00   0.000000000000E+00   0.000000000000E+00  -9.629263716779E-06  -1.543571457078E-06   0.000000000000E+00   5.767454616758E-06  -5.214502039832E-06   0.000000000000E+00   0.000000000000E+00   0.000000000000E+00   0.000000000000E+00   0.000000000000E+00   6.933830303261E-05   5.974846172428E-06   0.000000000000E+00  -1.207724374276E-05   1.187177499943E-05
   0.000000000000E+00   0.000000000000E+00   0.000000000000E+00   0.000000000000E+00   0.000000000000E+00  -1.150865806975E-05  -1.715432316284E-06   0.000000000000E+00   7.713872934786E-06  -5.059621896854E-06   0.000000000000E+00   0.000000000000E+00   0.000000000000E+00   0.000000000000E+00   0.000000000000E+00   5.214053078202E-05   6.989799326718E-06   0.000000000000E+00  -1.859097541570E-05   1.205805354318E-05
   0.000000000000E+00   0.000000000000E+00   0.000000000000E+00   0.000000000000E+00   0.000000000000E+00  -1.081828266597E-05  -1.890534685413E-06   0.000000000000E+00   9.621943436972E-06  -4.992452785640E-06   0.000000000000E+00   0.000000000000E+00   0.000000000000E+00   0.000000000000E+00   0.000000000000E+00   3.496922869688E-05   7.653832596087E-06   0.000000000000E+00  -2.388048461868E-05   1.189367685056E-05
   0.000000000000E+00   0.000000000000E+00   0.000000000000E+00   0.000000000000E+00   0.000000000000E+00  -8.560304907729E-06  -2.031487766003E-06   0.000000000000E+00   1.128771361108E-05  -4.912276822057E-06   0.000000000000E+00   0.000000000000E+00   0.000000000000E+00   0.000000000000E+00   0.000000000000E+00   1.869036378970E-05   7.994433732993E-06   0.000000000000E+00  -2.787851709680E-05   1.140426069102E-05


Spline
12 0.0553585
112.9353346817185 2.801373701455403 -0.1119994835253462
0.035 0.0375    0.204206 -35.71077211012958 2016.504000000031 24177.93762071238
0.0375 0.04    0.12791 -25.17491577974109 2197.838532155373 -120889.6881035729
0.04 0.0425    0.07682029999999999 -16.45240477090621 1291.165871378576 -57585.58520643491
0.0425 0.045    0.0428593 -11.07630513663398 859.2739823303137 16659.22892930921
0.045 0.04533    0.0207993 -6.467574682557872 984.2181993001326 -2167173.572075024
0.04533 0.045334    0.0186943 -6.526006277016704 -1161.283637054166 353213222.4907721
0.045334 0.046259    0.0186682 -6.518342311433599 3077.275032831984 -1324559.571220061
0.046259 0.047184    0.0142234 -4.225362350069925 -598.3777773036936 561811.1110751317
0.047184 0.0493131    0.0102476 -3.890262342340788 960.6480559297889 -100763.5210502349
0.0493131 0.0503195    0.00534702 -1.169934109375229 317.0412179256228 -143026.9144497911
0.0503195 0.0513259    0.00434492 -0.9663840979460291 -114.7856421811885 10348.58893883691
0.0513259 0.0553585    0.00326664 -1.165980214261954 -83.5411824570522 -5782.515169399558 27636944.82683195 -3877959552.095367

This SPLINE is just a DUMMY-SPLINE!!!!!!!!!!!!!!!

