0.200000 46
   0.000000000000E+00 0.0 0.0 0.0 0.0 0.0 0.0 0.0 0.0 0.0 0.0 0.0 0.0 0.0 0.0 0.0 0.0 0.0 0.0 0.0
   0.000000000000E+00   0.000000000000E+00   0.000000000000E+00   0.000000000000E+00   0.000000000000E+00   0.000000000000E+00   0.000000000000E+00   0.000000000000E+00   0.000000000000E+00   0.000000000000E+00   0.000000000000E+00   0.000000000000E+00   0.000000000000E+00   0.000000000000E+00   0.000000000000E+00   0.000000000000E+00   0.000000000000E+00   0.000000000000E+00   0.000000000000E+00   0.000000000000E+00
   0.000000000000E+00   0.000000000000E+00   0.000000000000E+00   0.000000000000E+00   0.000000000000E+00  -7.043198690862E-01  -9.759449779545E-01   0.000000000000E+00  -3.254424012142E-01  -8.551846336586E-01   0.000000000000E+00   0.000000000000E+00   0.000000000000E+00   0.000000000000E+00   0.000000000000E+00   7.917669663244E-01   8.924809912381E-01   0.000000000000E+00  -7.822922508986E-02   8.866764101376E-01
   0.000000000000E+00   0.000000000000E+00   0.000000000000E+00   0.000000000000E+00   0.000000000000E+00  -3.917304512182E-01  -8.313643272654E-01   0.000000000000E+00  -1.730842548531E-01  -5.499707927534E-01   0.000000000000E+00   0.000000000000E+00   0.000000000000E+00   0.000000000000E+00   0.000000000000E+00   6.300275586255E-01   8.329534387975E-01   0.000000000000E+00  -1.387238565429E-01   8.295937031213E-01
   0.000000000000E+00   0.000000000000E+00   0.000000000000E+00   0.000000000000E+00   0.000000000000E+00  -1.414356382946E-01  -6.879990878581E-01   0.000000000000E+00   7.930693954357E-03  -4.492462341773E-01   0.000000000000E+00   0.000000000000E+00   0.000000000000E+00   0.000000000000E+00   0.000000000000E+00   4.447240909038E-01   7.593010571062E-01   0.000000000000E+00  -2.041060433463E-01   7.757203123904E-01
   0.000000000000E+00   0.000000000000E+00   0.000000000000E+00   0.000000000000E+00   0.000000000000E+00   3.034704228649E-02  -5.598335570618E-01   0.000000000000E+00   1.539254074216E-01  -4.305160331951E-01   0.000000000000E+00   0.000000000000E+00   0.000000000000E+00   0.000000000000E+00   0.000000000000E+00   2.579484041266E-01   6.775760724555E-01   0.000000000000E+00  -2.645593829733E-01   7.243353108277E-01
   0.000000000000E+00   0.000000000000E+00   0.000000000000E+00   0.000000000000E+00   0.000000000000E+00   1.350164877008E-01  -4.515160614318E-01   0.000000000000E+00   2.492299483320E-01  -4.298464123581E-01   0.000000000000E+00   0.000000000000E+00   0.000000000000E+00   0.000000000000E+00   0.000000000000E+00   8.634677445516E-02   5.930373814059E-01   0.000000000000E+00  -3.130785591922E-01   6.727723594013E-01
   0.000000000000E+00   0.000000000000E+00   0.000000000000E+00   0.000000000000E+00   0.000000000000E+00   1.909101360174E-01  -3.628457359298E-01   0.000000000000E+00   2.994119516475E-01  -4.226075227056E-01   0.000000000000E+00   0.000000000000E+00   0.000000000000E+00   0.000000000000E+00   0.000000000000E+00  -5.922215899142E-02   5.099016192048E-01   0.000000000000E+00  -3.459299298291E-01   6.190465303465E-01
   0.000000000000E+00   0.000000000000E+00   0.000000000000E+00   0.000000000000E+00   0.000000000000E+00   2.148856991028E-01  -2.914896459140E-01   0.000000000000E+00   3.161588078310E-01  -4.033285991436E-01   0.000000000000E+00   0.000000000000E+00   0.000000000000E+00   0.000000000000E+00   0.000000000000E+00  -1.732340430767E-01   4.312935650524E-01   0.000000000000E+00  -3.620861457096E-01   5.625224211445E-01
   0.000000000000E+00   0.000000000000E+00   0.000000000000E+00   0.000000000000E+00   0.000000000000E+00   2.198603488462E-01  -2.344801005970E-01   0.000000000000E+00   3.109047920791E-01  -3.740356580538E-01   0.000000000000E+00   0.000000000000E+00   0.000000000000E+00   0.000000000000E+00   0.000000000000E+00  -2.545913528583E-01   3.593071582370E-01   0.000000000000E+00  -3.625258537446E-01   5.037652091052E-01
   0.000000000000E+00   0.000000000000E+00   0.000000000000E+00   0.000000000000E+00   0.000000000000E+00   2.144614275032E-01  -1.889601478813E-01   0.000000000000E+00   2.925506434730E-01  -3.386022418737E-01   0.000000000000E+00   0.000000000000E+00   0.000000000000E+00   0.000000000000E+00   0.000000000000E+00  -3.054601750341E-01   2.951351268201E-01   0.000000000000E+00  -3.495793124174E-01   4.441206381215E-01
   0.000000000000E+00   0.000000000000E+00   0.000000000000E+00   0.000000000000E+00   0.000000000000E+00   2.038507663590E-01  -1.524908296133E-01   0.000000000000E+00   2.672438734200E-01  -3.005347917352E-01   0.000000000000E+00   0.000000000000E+00   0.000000000000E+00   0.000000000000E+00   0.000000000000E+00  -3.300605247673E-01   2.392373440895E-01   0.000000000000E+00  -3.263247920865E-01   3.852707244183E-01
   0.000000000000E+00   0.000000000000E+00   0.000000000000E+00   0.000000000000E+00   0.000000000000E+00   1.908272680616E-01  -1.231201372840E-01   0.000000000000E+00   2.389417232520E-01  -2.624032530901E-01   0.000000000000E+00   0.000000000000E+00   0.000000000000E+00   0.000000000000E+00   0.000000000000E+00  -3.335929008115E-01   1.915211824152E-01   0.000000000000E+00  -2.960601662630E-01   3.288731094899E-01
   0.000000000000E+00   0.000000000000E+00   0.000000000000E+00   0.000000000000E+00   0.000000000000E+00   1.767696657526E-01  -9.933973639038E-02   0.000000000000E+00   2.100840374866E-01  -2.258939048875E-01   0.000000000000E+00   0.000000000000E+00   0.000000000000E+00   0.000000000000E+00   0.000000000000E+00  -3.214094889499E-01   1.515122124525E-01   0.000000000000E+00  -2.618923452914E-01   2.763206236874E-01
   0.000000000000E+00   0.000000000000E+00   0.000000000000E+00   0.000000000000E+00   0.000000000000E+00   1.623109233017E-01  -8.000196006901E-02   0.000000000000E+00   1.821374895271E-01  -1.920240173932E-01   0.000000000000E+00   0.000000000000E+00   0.000000000000E+00   0.000000000000E+00   0.000000000000E+00  -2.984585251621E-01   1.185011573284E-01   0.000000000000E+00  -2.264700051220E-01   2.286179699410E-01
   0.000000000000E+00   0.000000000000E+00   0.000000000000E+00   0.000000000000E+00   0.000000000000E+00   1.477581677024E-01  -6.423387751163E-02   0.000000000000E+00   1.559664230554E-01  -1.613462538117E-01   0.000000000000E+00   0.000000000000E+00   0.000000000000E+00   0.000000000000E+00   0.000000000000E+00  -2.689734584306E-01   9.166068538486E-02   0.000000000000E+00  -1.918547575342E-01   1.863522636944E-01
   0.000000000000E+00   0.000000000000E+00   0.000000000000E+00   0.000000000000E+00   0.000000000000E+00   1.333104469265E-01  -5.136431381536E-02   0.000000000000E+00   1.320567815685E-01  -1.340974789765E-01   0.000000000000E+00   0.000000000000E+00   0.000000000000E+00   0.000000000000E+00   0.000000000000E+00  -2.363509464770E-01   7.013161083077E-02   0.000000000000E+00  -1.595030271718E-01   1.497274018777E-01
   0.000000000000E+00   0.000000000000E+00   0.000000000000E+00   0.000000000000E+00   0.000000000000E+00   1.191433814417E-01  -4.086828895036E-02   0.000000000000E+00   1.106426960582E-01  -1.102975893259E-01   0.000000000000E+00   0.000000000000E+00   0.000000000000E+00   0.000000000000E+00   0.000000000000E+00  -2.031569003780E-01   5.308179585399E-02   0.000000000000E+00  -1.303218729338E-01   1.186339443437E-01
   0.000000000000E+00   0.000000000000E+00   0.000000000000E+00   0.000000000000E+00   0.000000000000E+00   1.054283226635E-01  -3.232740065518E-02   0.000000000000E+00   9.178268332810E-02  -8.981775405994E-02   0.000000000000E+00   0.000000000000E+00   0.000000000000E+00   0.000000000000E+00   0.000000000000E+00  -1.712080056244E-01   3.974277183395E-02   0.000000000000E+00  -1.047641159324E-01   9.273215575743E-02
   0.000000000000E+00   0.000000000000E+00   0.000000000000E+00   0.000000000000E+00   0.000000000000E+00   9.232869617804E-02  -2.540231096500E-02   0.000000000000E+00   7.541303666179E-02  -7.243150815967E-02   0.000000000000E+00   0.000000000000E+00   0.000000000000E+00   0.000000000000E+00   0.000000000000E+00  -1.416892828399E-01   2.942941396851E-02   0.000000000000E+00  -8.293604868552E-02   7.153298152550E-02
   0.000000000000E+00   0.000000000000E+00   0.000000000000E+00   0.000000000000E+00   0.000000000000E+00   7.999090944074E-02  -1.981384384482E-02   0.000000000000E+00   6.138876556259E-02  -5.785434148236E-02   0.000000000000E+00   0.000000000000E+00   0.000000000000E+00   0.000000000000E+00   0.000000000000E+00  -1.152812805396E-01   2.154750899276E-02   0.000000000000E+00  -6.470023873052E-02   5.446817486709E-02
   0.000000000000E+00   0.000000000000E+00   0.000000000000E+00   0.000000000000E+00   0.000000000000E+00   6.853541069556E-02  -1.532981100731E-02   0.000000000000E+00   4.951516216611E-02  -4.577381137176E-02   0.000000000000E+00   0.000000000000E+00   0.000000000000E+00   0.000000000000E+00   0.000000000000E+00  -9.228108798489E-02   1.559320551078E-02   0.000000000000E+00  -4.976394666276E-02   4.094574531055E-02
   0.000000000000E+00   0.000000000000E+00   0.000000000000E+00   0.000000000000E+00   0.000000000000E+00   5.805026381064E-02  -1.175577354070E-02   0.000000000000E+00   3.957158359375E-02  -3.587171037432E-02   0.000000000000E+00   0.000000000000E+00   0.000000000000E+00   0.000000000000E+00   0.000000000000E+00  -7.270896219345E-02   1.114742054078E-02   0.000000000000E+00  -3.774951053388E-02   3.039023667550E-02
   0.000000000000E+00   0.000000000000E+00   0.000000000000E+00   0.000000000000E+00   0.000000000000E+00   4.858832198691E-02  -8.928359058316E-03   0.000000000000E+00   3.132899143846E-02  -2.783979765561E-02   0.000000000000E+00   0.000000000000E+00   0.000000000000E+00   0.000000000000E+00   0.000000000000E+00  -5.639732462001E-02   7.867447253374E-03   0.000000000000E+00  -2.824673494667E-02   2.226929624992E-02
   0.000000000000E+00   0.000000000000E+00   0.000000000000E+00   0.000000000000E+00   0.000000000000E+00   4.016841301417E-02  -6.710251439327E-03   0.000000000000E+00   2.456266479369E-02  -2.139044421854E-02   0.000000000000E+00   0.000000000000E+00   0.000000000000E+00   0.000000000000E+00   0.000000000000E+00  -4.306185248477E-02   5.477328141175E-03   0.000000000000E+00  -2.084931527146E-02   1.610892193886E-02
   0.000000000000E+00   0.000000000000E+00   0.000000000000E+00   0.000000000000E+00   0.000000000000E+00   3.277966897743E-02  -4.986231811917E-03   0.000000000000E+00   1.906098035035E-02  -1.626317276396E-02   0.000000000000E+00   0.000000000000E+00   0.000000000000E+00   0.000000000000E+00   0.000000000000E+00  -3.235600714335E-02   3.758032382086E-03   0.000000000000E+00  -1.517815736788E-02   1.150001762716E-02
   0.000000000000E+00   0.000000000000E+00   0.000000000000E+00   0.000000000000E+00   0.000000000000E+00   2.638717924271E-02  -3.659915498363E-03   0.000000000000E+00   1.463071370244E-02  -1.222778504686E-02   0.000000000000E+00   0.000000000000E+00   0.000000000000E+00   0.000000000000E+00   0.000000000000E+00  -2.391110859346E-02   2.538088077333E-03   0.000000000000E+00  -1.089457441852E-02   8.098729222771E-03
   0.000000000000E+00   0.000000000000E+00   0.000000000000E+00   0.000000000000E+00   0.000000000000E+00   2.093731464893E-02  -2.650996530049E-03   0.000000000000E+00   1.109932921725E-02  -9.084749922413E-03   0.000000000000E+00   0.000000000000E+00   0.000000000000E+00   0.000000000000E+00   0.000000000000E+00  -1.736432664947E-02   1.685043133516E-03   0.000000000000E+00  -7.706083494561E-03   5.622675793897E-03
   0.000000000000E+00   0.000000000000E+00   0.000000000000E+00   0.000000000000E+00   0.000000000000E+00   1.636217338749E-02  -1.892912463565E-03   0.000000000000E+00   8.315096708803E-03  -6.663701251430E-03   0.000000000000E+00   0.000000000000E+00   0.000000000000E+00   0.000000000000E+00   0.000000000000E+00  -1.237693419899E-02   1.097936933286E-03   0.000000000000E+00  -5.367098416115E-03   3.844762734286E-03
   0.000000000000E+00   0.000000000000E+00   0.000000000000E+00   0.000000000000E+00   0.000000000000E+00   1.258272333869E-02  -1.330868228931E-03   0.000000000000E+00   6.145666357635E-03  -4.820715806250E-03   0.000000000000E+00   0.000000000000E+00   0.000000000000E+00   0.000000000000E+00   0.000000000000E+00  -8.644987606705E-03   7.008366120049E-04   0.000000000000E+00  -3.676348347931E-03   2.585844367050E-03
   0.000000000000E+00   0.000000000000E+00   0.000000000000E+00   0.000000000000E+00   0.000000000000E+00   9.513807319159E-03  -9.201502710564E-04   0.000000000000E+00   4.477149725507E-03  -3.435788322695E-03   0.000000000000E+00   0.000000000000E+00   0.000000000000E+00   0.000000000000E+00   0.000000000000E+00  -5.904341020377E-03   4.374094016819E-04   0.000000000000E+00  -2.472410900053E-03   1.707132172598E-03
   0.000000000000E+00   0.000000000000E+00   0.000000000000E+00   0.000000000000E+00   0.000000000000E+00   7.064742955331E-03  -6.246651863499E-04   0.000000000000E+00   3.211111438976E-03  -2.409116421306E-03   0.000000000000E+00   0.000000000000E+00   0.000000000000E+00   0.000000000000E+00   0.000000000000E+00  -3.931611201444E-03   2.664529990817E-04   0.000000000000E+00  -1.628365664845E-03   1.102938475782E-03
   0.000000000000E+00   0.000000000000E+00   0.000000000000E+00   0.000000000000E+00   0.000000000000E+00   5.145918872542E-03  -4.156533936069E-04   0.000000000000E+00   2.264474450000E-03  -1.659219862014E-03   0.000000000000E+00   0.000000000000E+00   0.000000000000E+00   0.000000000000E+00   0.000000000000E+00  -2.542416204091E-03   1.582795084413E-04   0.000000000000E+00  -1.046259592002E-03   6.941063393772E-04
   0.000000000000E+00   0.000000000000E+00   0.000000000000E+00   0.000000000000E+00   0.000000000000E+00   3.670507876715E-03  -2.705116452690E-04   0.000000000000E+00   1.567390170034E-03  -1.120048209062E-03   0.000000000000E+00   0.000000000000E+00   0.000000000000E+00   0.000000000000E+00   0.000000000000E+00  -1.587933179911E-03   9.183799842182E-05   0.000000000000E+00  -6.518284984938E-04   4.222992345223E-04
   0.000000000000E+00   0.000000000000E+00   0.000000000000E+00   0.000000000000E+00   0.000000000000E+00   2.557220384681E-03  -1.717730022326E-04   0.000000000000E+00   1.061973357355E-03  -7.387517882621E-04   0.000000000000E+00   0.000000000000E+00   0.000000000000E+00   0.000000000000E+00   0.000000000000E+00  -9.505695013733E-04   5.246078763220E-05   0.000000000000E+00  -3.897327509674E-04   2.451998079388E-04
   0.000000000000E+00   0.000000000000E+00   0.000000000000E+00   0.000000000000E+00   0.000000000000E+00   1.736917602895E-03  -1.061336992645E-04   0.000000000000E+00   7.028142736809E-04  -4.746453782636E-04   0.000000000000E+00   0.000000000000E+00   0.000000000000E+00   0.000000000000E+00   0.000000000000E+00  -5.393240170950E-04   3.012533202191E-05   0.000000000000E+00  -2.194307261112E-04   1.325856187736E-04
   0.000000000000E+00   0.000000000000E+00   0.000000000000E+00   0.000000000000E+00   0.000000000000E+00   1.144236325059E-03  -6.363750408787E-05   0.000000000000E+00   4.516924771434E-04  -2.951673248184E-04   0.000000000000E+00   0.000000000000E+00   0.000000000000E+00   0.000000000000E+00   0.000000000000E+00  -2.852343817945E-04   1.813419036621E-05   0.000000000000E+00  -1.117214352741E-04   6.320125404470E-05
   0.000000000000E+00   0.000000000000E+00   0.000000000000E+00   0.000000000000E+00   0.000000000000E+00   7.272574918989E-04  -3.697214440687E-05   0.000000000000E+00   2.800333866107E-04  -1.762687587672E-04   0.000000000000E+00   0.000000000000E+00   0.000000000000E+00   0.000000000000E+00   0.000000000000E+00  -1.371617691402E-04   1.212796322199E-05   0.000000000000E+00  -4.592851224724E-05   2.232199511751E-05
   0.000000000000E+00   0.000000000000E+00   0.000000000000E+00   0.000000000000E+00   0.000000000000E+00   4.420026756153E-04  -2.086432731737E-05   0.000000000000E+00   1.654393899300E-04  -9.973928267934E-05   0.000000000000E+00   0.000000000000E+00   0.000000000000E+00   0.000000000000E+00   0.000000000000E+00  -5.805334483132E-05   9.358933673508E-06   0.000000000000E+00  -7.663405397384E-06  -1.031595246754E-07
   0.000000000000E+00   0.000000000000E+00   0.000000000000E+00   0.000000000000E+00   0.000000000000E+00   2.535515859023E-04  -1.158797295699E-05   0.000000000000E+00   9.118593976174E-05  -5.229241494358E-05   0.000000000000E+00   0.000000000000E+00   0.000000000000E+00   0.000000000000E+00   0.000000000000E+00  -2.174166024431E-05   8.165463593406E-06   0.000000000000E+00   1.291087964620E-05  -1.083769309353E-05
   0.000000000000E+00   0.000000000000E+00   0.000000000000E+00   0.000000000000E+00   0.000000000000E+00   1.343478175180E-04  -6.569865606440E-06   0.000000000000E+00   4.483759202248E-05  -2.432290942785E-05   0.000000000000E+00   0.000000000000E+00   0.000000000000E+00   0.000000000000E+00   0.000000000000E+00  -1.028388685908E-05   7.598459274450E-06   0.000000000000E+00   2.239844094514E-05  -1.437146544424E-05
   0.000000000000E+00   0.000000000000E+00   0.000000000000E+00   0.000000000000E+00   0.000000000000E+00   6.322618672738E-05  -4.080217630448E-06   0.000000000000E+00   1.734422195327E-05  -9.026462371010E-06   0.000000000000E+00   0.000000000000E+00   0.000000000000E+00   0.000000000000E+00   0.000000000000E+00  -1.180764326782E-05   7.161125801223E-06   0.000000000000E+00   2.515102889659E-05  -1.364746559028E-05
   0.000000000000E+00   0.000000000000E+00   0.000000000000E+00   0.000000000000E+00   0.000000000000E+00   2.430826500722E-05  -2.992370482477E-06   0.000000000000E+00   2.240074581728E-06  -1.687841400224E-06   0.000000000000E+00   0.000000000000E+00   0.000000000000E+00   0.000000000000E+00   0.000000000000E+00  -1.880941778818E-05   6.631681211930E-06   0.000000000000E+00   2.398203610185E-05  -1.057232122319E-05
   0.000000000000E+00   0.000000000000E+00   0.000000000000E+00   0.000000000000E+00   0.000000000000E+00   6.011284380920E-06  -2.601237972123E-06   0.000000000000E+00  -4.993669348202E-06   8.915837722243E-07   0.000000000000E+00   0.000000000000E+00   0.000000000000E+00   0.000000000000E+00   0.000000000000E+00  -2.684213064105E-05   5.945728108269E-06   0.000000000000E+00   2.067545437124E-05  -6.367708571679E-06
   0.000000000000E+00   0.000000000000E+00   0.000000000000E+00   0.000000000000E+00   0.000000000000E+00   1.169250410586E-07  -2.489618078992E-06   0.000000000000E+00  -7.442205319460E-06   8.190897471859E-07   0.000000000000E+00   0.000000000000E+00   0.000000000000E+00   0.000000000000E+00   0.000000000000E+00  -3.352673723858E-05   5.120689933376E-06   0.000000000000E+00   1.634079675641E-05  -1.807400552393E-06
   0.000000000000E+00   0.000000000000E+00   0.000000000000E+00   0.000000000000E+00   0.000000000000E+00   9.914083469374E-07  -2.430612064675E-06   0.000000000000E+00  -7.166612606291E-06  -5.544440416660E-07   0.000000000000E+00   0.000000000000E+00   0.000000000000E+00   0.000000000000E+00   0.000000000000E+00  -3.782616825724E-05   4.209262812793E-06   0.000000000000E+00   1.165495602065E-05   2.625958642476E-06
   0.000000000000E+00   0.000000000000E+00   0.000000000000E+00   0.000000000000E+00   0.000000000000E+00   4.921220469198E-06  -2.316038624201E-06   0.000000000000E+00  -5.499979102453E-06  -2.399534428640E-06   0.000000000000E+00   0.000000000000E+00   0.000000000000E+00   0.000000000000E+00   0.000000000000E+00  -3.952620907072E-05   3.272379812652E-06   0.000000000000E+00   7.023008103200E-06   6.639053023034E-06


Spline
12 0.0553585
112.9353346817185 2.801373701455403 -0.1119994835253462
0.035 0.0375    0.204206 -35.71077211012958 2016.504000000031 24177.93762071238
0.0375 0.04    0.12791 -25.17491577974109 2197.838532155373 -120889.6881035729
0.04 0.0425    0.07682029999999999 -16.45240477090621 1291.165871378576 -57585.58520643491
0.0425 0.045    0.0428593 -11.07630513663398 859.2739823303137 16659.22892930921
0.045 0.04533    0.0207993 -6.467574682557872 984.2181993001326 -2167173.572075024
0.04533 0.045334    0.0186943 -6.526006277016704 -1161.283637054166 353213222.4907721
0.045334 0.046259    0.0186682 -6.518342311433599 3077.275032831984 -1324559.571220061
0.046259 0.047184    0.0142234 -4.225362350069925 -598.3777773036936 561811.1110751317
0.047184 0.0493131    0.0102476 -3.890262342340788 960.6480559297889 -100763.5210502349
0.0493131 0.0503195    0.00534702 -1.169934109375229 317.0412179256228 -143026.9144497911
0.0503195 0.0513259    0.00434492 -0.9663840979460291 -114.7856421811885 10348.58893883691
0.0513259 0.0553585    0.00326664 -1.165980214261954 -83.5411824570522 -5782.515169399558 27636944.82683195 -3877959552.095367

This SPLINE is just a DUMMY-SPLINE!!!!!!!!!!!!!!!

