0.200000 41
   0.000000000000E+00 0.0 0.0 0.0 0.0 0.0 0.0 0.0 0.0 0.0 0.0 0.0 0.0 0.0 0.0 0.0 0.0 0.0 0.0 0.0
   0.000000000000E+00   0.000000000000E+00   0.000000000000E+00   0.000000000000E+00   0.000000000000E+00   0.000000000000E+00   0.000000000000E+00   0.000000000000E+00   0.000000000000E+00   0.000000000000E+00   0.000000000000E+00   0.000000000000E+00   0.000000000000E+00   0.000000000000E+00   0.000000000000E+00   0.000000000000E+00   0.000000000000E+00   0.000000000000E+00   0.000000000000E+00   0.000000000000E+00
   0.000000000000E+00   0.000000000000E+00   0.000000000000E+00   0.000000000000E+00   0.000000000000E+00  -6.692965719379E-01  -9.421937998692E-01   0.000000000000E+00  -3.450172198125E-01  -8.095967048983E-01   0.000000000000E+00   0.000000000000E+00   0.000000000000E+00   0.000000000000E+00   0.000000000000E+00   8.043547565185E-01   9.101630474353E-01   0.000000000000E+00  -8.396600835184E-02   8.954776478566E-01
   0.000000000000E+00   0.000000000000E+00   0.000000000000E+00   0.000000000000E+00   0.000000000000E+00  -3.596757813175E-01  -7.975349817206E-01   0.000000000000E+00  -1.950949235602E-01  -5.013968048920E-01   0.000000000000E+00   0.000000000000E+00   0.000000000000E+00   0.000000000000E+00   0.000000000000E+00   6.344244486171E-01   8.476225425708E-01   0.000000000000E+00  -1.477627714685E-01   8.359815874939E-01
   0.000000000000E+00   0.000000000000E+00   0.000000000000E+00   0.000000000000E+00   0.000000000000E+00  -1.167165220474E-01  -6.554443168395E-01   0.000000000000E+00  -1.546055558412E-02  -4.029692824712E-01   0.000000000000E+00   0.000000000000E+00   0.000000000000E+00   0.000000000000E+00   0.000000000000E+00   4.398185079940E-01   7.702480575858E-01   0.000000000000E+00  -2.163460576285E-01   7.795940766808E-01
   0.000000000000E+00   0.000000000000E+00   0.000000000000E+00   0.000000000000E+00   0.000000000000E+00   4.514913963282E-02  -5.298011418604E-01   0.000000000000E+00   1.294794312192E-01  -3.884843830671E-01   0.000000000000E+00   0.000000000000E+00   0.000000000000E+00   0.000000000000E+00   0.000000000000E+00   2.439519559003E-01   6.844299654155E-01   0.000000000000E+00  -2.795102909818E-01   7.256579612262E-01
   0.000000000000E+00   0.000000000000E+00   0.000000000000E+00   0.000000000000E+00   0.000000000000E+00   1.395345618115E-01  -4.248739615808E-01   0.000000000000E+00   2.242337297453E-01  -3.925179867378E-01   0.000000000000E+00   0.000000000000E+00   0.000000000000E+00   0.000000000000E+00   0.000000000000E+00   6.455754317075E-02   5.957426309510E-01   0.000000000000E+00  -3.299432928691E-01   6.715319899741E-01
   0.000000000000E+00   0.000000000000E+00   0.000000000000E+00   0.000000000000E+00   0.000000000000E+00   1.865241072759E-01  -3.400120768240E-01   0.000000000000E+00   2.746700772575E-01  -3.899368633034E-01   0.000000000000E+00   0.000000000000E+00   0.000000000000E+00   0.000000000000E+00   0.000000000000E+00  -8.674154969612E-02   5.086704991183E-01   0.000000000000E+00  -3.637072627356E-01   6.152842996725E-01
   0.000000000000E+00   0.000000000000E+00   0.000000000000E+00   0.000000000000E+00   0.000000000000E+00   2.040020349428E-01  -2.724821367722E-01   0.000000000000E+00   2.926349809357E-01  -3.751263746997E-01   0.000000000000E+00   0.000000000000E+00   0.000000000000E+00   0.000000000000E+00   0.000000000000E+00  -2.039795896475E-01   4.265474005383E-01   0.000000000000E+00  -3.796790050219E-01   5.563498362105E-01
   0.000000000000E+00   0.000000000000E+00   0.000000000000E+00   0.000000000000E+00   0.000000000000E+00   2.052261895042E-01  -2.190190061173E-01   0.000000000000E+00   2.895157943188E-01  -3.500463466894E-01   0.000000000000E+00   0.000000000000E+00   0.000000000000E+00   0.000000000000E+00   0.000000000000E+00  -2.859155227185E-01   3.516156718352E-01   0.000000000000E+00  -3.788595069052E-01   4.953636938628E-01
   0.000000000000E+00   0.000000000000E+00   0.000000000000E+00   0.000000000000E+00   0.000000000000E+00   1.986261820107E-01  -1.765816525837E-01   0.000000000000E+00   2.739850440587E-01  -3.184935417049E-01   0.000000000000E+00   0.000000000000E+00   0.000000000000E+00   0.000000000000E+00   0.000000000000E+00  -3.348449221126E-01   2.851575653076E-01   0.000000000000E+00  -3.637188868533E-01   4.337362592441E-01
   0.000000000000E+00   0.000000000000E+00   0.000000000000E+00   0.000000000000E+00   0.000000000000E+00   1.888212596711E-01  -1.426490748085E-01   0.000000000000E+00   2.518633561691E-01  -2.838888096012E-01   0.000000000000E+00   0.000000000000E+00   0.000000000000E+00   0.000000000000E+00   0.000000000000E+00  -3.553564560099E-01   2.276669485047E-01   0.000000000000E+00  -3.375707802429E-01   3.732098879703E-01
   0.000000000000E+00   0.000000000000E+00   0.000000000000E+00   0.000000000000E+00   0.000000000000E+00   1.779150292850E-01  -1.152672673504E-01   0.000000000000E+00   2.267692760992E-01  -2.487310759998E-01   0.000000000000E+00   0.000000000000E+00   0.000000000000E+00   0.000000000000E+00   0.000000000000E+00  -3.532013550816E-01   1.790350623139E-01   0.000000000000E+00  -3.040043348480E-01   3.154967251504E-01
   0.000000000000E+00   0.000000000000E+00   0.000000000000E+00   0.000000000000E+00   0.000000000000E+00   1.665965393263E-01  -9.298047570483E-02   0.000000000000E+00   2.008562672677E-01  -2.146692206325E-01   0.000000000000E+00   0.000000000000E+00   0.000000000000E+00   0.000000000000E+00   0.000000000000E+00  -3.343848814199E-01   1.387294490831E-01   0.000000000000E+00  -2.664281022671E-01   2.620324599940E-01
   0.000000000000E+00   0.000000000000E+00   0.000000000000E+00   0.000000000000E+00   0.000000000000E+00   1.549191764339E-01  -7.472421304531E-02   0.000000000000E+00   1.753923099336E-01  -1.827251474561E-01   0.000000000000E+00   0.000000000000E+00   0.000000000000E+00   0.000000000000E+00   0.000000000000E+00  -3.045221594448E-01   1.059517220721E-01   0.000000000000E+00  -2.277625002564E-01   2.138456002679E-01
   0.000000000000E+00   0.000000000000E+00   0.000000000000E+00   0.000000000000E+00   0.000000000000E+00   1.427719375831E-01  -5.971985479311E-02   0.000000000000E+00   1.511411813117E-01  -1.534960516159E-01   0.000000000000E+00   0.000000000000E+00   0.000000000000E+00   0.000000000000E+00   0.000000000000E+00  -2.684472558523E-01   7.976655704146E-02   0.000000000000E+00  -1.902828296946E-01   1.715224545691E-01
   0.000000000000E+00   0.000000000000E+00   0.000000000000E+00   0.000000000000E+00   0.000000000000E+00   1.301082520976E-01  -4.738759612781E-02   0.000000000000E+00   1.285779639082E-01  -1.272933104343E-01   0.000000000000E+00   0.000000000000E+00   0.000000000000E+00   0.000000000000E+00   0.000000000000E+00  -2.300325018014E-01   5.919990290010E-02   0.000000000000E+00  -1.555872315020E-01   1.352399137398E-01
   0.000000000000E+00   0.000000000000E+00   0.000000000000E+00   0.000000000000E+00   0.000000000000E+00   1.170163372172E-01  -3.728198993350E-02   0.000000000000E+00   1.079955952710E-01  -1.042280353354E-01   0.000000000000E+00   0.000000000000E+00   0.000000000000E+00   0.000000000000E+00   0.000000000000E+00  -1.921631024996E-01   4.330831627188E-02   0.000000000000E+00  -1.246514879126E-01   1.048380523495E-01
   0.000000000000E+00   0.000000000000E+00   0.000000000000E+00   0.000000000000E+00   0.000000000000E+00   1.037084240734E-01  -2.904758028052E-02   0.000000000000E+00   8.955551055572E-02  -8.426549662438E-02   0.000000000000E+00   0.000000000000E+00   0.000000000000E+00   0.000000000000E+00   0.000000000000E+00  -1.568137412120E-01   3.122353173226E-02   0.000000000000E+00  -9.793278238653E-02   7.990921436904E-02
   0.000000000000E+00   0.000000000000E+00   0.000000000000E+00   0.000000000000E+00   0.000000000000E+00   9.047744018026E-02  -2.239009427963E-02   0.000000000000E+00   7.331510923795E-02  -6.726468852410E-02   0.000000000000E+00   0.000000000000E+00   0.000000000000E+00   0.000000000000E+00   0.000000000000E+00  -1.251825328319E-01   2.217724384322E-02   0.000000000000E+00  -7.549181409747E-02   5.988676356718E-02
   0.000000000000E+00   0.000000000000E+00   0.000000000000E+00   0.000000000000E+00   0.000000000000E+00   7.764518519269E-02  -1.705861505886E-02   0.000000000000E+00   5.924679046670E-02  -5.300992142523E-02   0.000000000000E+00   0.000000000000E+00   0.000000000000E+00   0.000000000000E+00   0.000000000000E+00  -9.784852659928E-02   1.551104991156E-02   0.000000000000E+00  -5.711216862354E-02   4.412311875812E-02
   0.000000000000E+00   0.000000000000E+00   0.000000000000E+00   0.000000000000E+00   0.000000000000E+00   6.551459878793E-02  -1.283524272203E-02   0.000000000000E+00   4.725448173285E-02  -4.123725275515E-02   0.000000000000E+00   0.000000000000E+00   0.000000000000E+00   0.000000000000E+00   0.000000000000E+00  -7.492931917769E-02   1.067597489617E-02   0.000000000000E+00  -4.240464003659E-02   3.195201467039E-02
   0.000000000000E+00   0.000000000000E+00   0.000000000000E+00   0.000000000000E+00   0.000000000000E+00   5.433391424814E-02  -9.529398372362E-03   0.000000000000E+00   3.718997052975E-02  -3.165689520504E-02   0.000000000000E+00   0.000000000000E+00   0.000000000000E+00   0.000000000000E+00   0.000000000000E+00  -5.622407571318E-02   7.225251852655E-03   0.000000000000E+00  -3.089101620711E-02   2.273377739231E-02
   0.000000000000E+00   0.000000000000E+00   0.000000000000E+00   0.000000000000E+00   0.000000000000E+00   4.427676752489E-02  -6.974836032273E-03   0.000000000000E+00   2.886970330475E-02  -2.397211885816E-02   0.000000000000E+00   0.000000000000E+00   0.000000000000E+00   0.000000000000E+00   0.000000000000E+00  -4.133408141926E-02   4.803237570918E-03   0.000000000000E+00  -2.206646951631E-02   1.588484458291E-02
   0.000000000000E+00   0.000000000000E+00   0.000000000000E+00   0.000000000000E+00   0.000000000000E+00   3.543819026584E-02  -5.027784957267E-03   0.000000000000E+00   2.209141808192E-02  -1.789464688157E-02   0.000000000000E+00   0.000000000000E+00   0.000000000000E+00   0.000000000000E+00   0.000000000000E+00  -2.975795529926E-02   3.132601104512E-03   0.000000000000E+00  -1.544244550443E-02   1.089405866673E-02
   0.000000000000E+00   0.000000000000E+00   0.000000000000E+00   0.000000000000E+00   0.000000000000E+00   2.784247155229E-02  -3.565432218202E-03   0.000000000000E+00   1.664897487414E-02  -1.315610603421E-02   0.000000000000E+00   0.000000000000E+00   0.000000000000E+00   0.000000000000E+00   0.000000000000E+00  -2.096208395604E-02   2.001280204241E-03   0.000000000000E+00  -1.057328602020E-02   7.328733126694E-03
   0.000000000000E+00   0.000000000000E+00   0.000000000000E+00   0.000000000000E+00   0.000000000000E+00   2.145679488482E-02  -2.484290957272E-03   0.000000000000E+00   1.234361800023E-02  -9.515183774930E-03   0.000000000000E+00   0.000000000000E+00   0.000000000000E+00   0.000000000000E+00   0.000000000000E+00  -1.442894964360E-02   1.250174757941E-03   0.000000000000E+00  -7.070221427258E-03   4.833429458597E-03
   0.000000000000E+00   0.000000000000E+00   0.000000000000E+00   0.000000000000E+00   0.000000000000E+00   1.620574043199E-02  -1.698390526430E-03   0.000000000000E+00   8.990964858621E-03  -6.760695422604E-03   0.000000000000E+00   0.000000000000E+00   0.000000000000E+00   0.000000000000E+00   0.000000000000E+00  -9.687111335353E-03   7.621373091612E-04   0.000000000000E+00  -4.606192454467E-03   3.124018672928E-03
   0.000000000000E+00   0.000000000000E+00   0.000000000000E+00   0.000000000000E+00   0.000000000000E+00   1.198323403939E-02  -1.137377037044E-03   0.000000000000E+00   6.423824252702E-03  -4.711274504215E-03   0.000000000000E+00   0.000000000000E+00   0.000000000000E+00   0.000000000000E+00   0.000000000000E+00  -6.326919693845E-03   4.525188256993E-04   0.000000000000E+00  -2.914489708697E-03   1.979105153528E-03
   0.000000000000E+00   0.000000000000E+00   0.000000000000E+00   0.000000000000E+00   0.000000000000E+00   8.665054853008E-03  -7.446323112090E-04   0.000000000000E+00   4.493909113374E-03  -3.213987385999E-03   0.000000000000E+00   0.000000000000E+00   0.000000000000E+00   0.000000000000E+00   0.000000000000E+00  -4.005852387535E-03   2.613181410771E-04   0.000000000000E+00  -1.783611519113E-03   1.230373367497E-03
   0.000000000000E+00   0.000000000000E+00   0.000000000000E+00   0.000000000000E+00   0.000000000000E+00   6.118901398217E-03  -4.754079211353E-04   0.000000000000E+00   3.071892057009E-03  -2.141811175124E-03   0.000000000000E+00   0.000000000000E+00   0.000000000000E+00   0.000000000000E+00   0.000000000000E+00  -2.446855413200E-03   1.468487807381E-04   0.000000000000E+00  -1.050152281614E-03   7.529449176071E-04
   0.000000000000E+00   0.000000000000E+00   0.000000000000E+00   0.000000000000E+00   0.000000000000E+00   4.209873540172E-03  -2.950370742989E-04   0.000000000000E+00   2.045435227686E-03  -1.390053604535E-03   0.000000000000E+00   0.000000000000E+00   0.000000000000E+00   0.000000000000E+00   0.000000000000E+00  -1.432434922492E-03   8.076008500234E-05   0.000000000000E+00  -5.910066273324E-04   4.564371289652E-04
   0.000000000000E+00   0.000000000000E+00   0.000000000000E+00   0.000000000000E+00   0.000000000000E+00   2.816209908010E-03  -1.772372663021E-04   0.000000000000E+00   1.322672213716E-03  -8.760394614073E-04   0.000000000000E+00   0.000000000000E+00   0.000000000000E+00   0.000000000000E+00   0.000000000000E+00  -7.965819419790E-04   4.421495657459E-05   0.000000000000E+00  -3.157378320673E-04   2.771048736493E-04
   0.000000000000E+00   0.000000000000E+00   0.000000000000E+00   0.000000000000E+00   0.000000000000E+00   1.821593438447E-03  -1.024958269968E-04   0.000000000000E+00   8.250296903580E-04  -5.329608323509E-04   0.000000000000E+00   0.000000000000E+00   0.000000000000E+00   0.000000000000E+00   0.000000000000E+00  -4.160056594794E-04   2.502077662983E-05   0.000000000000E+00  -1.596182533399E-04   1.712210959008E-04
   0.000000000000E+00   0.000000000000E+00   0.000000000000E+00   0.000000000000E+00   0.000000000000E+00   1.133766248026E-03  -5.666665916617E-05   0.000000000000E+00   4.931753086018E-04  -3.113795333309E-04   0.000000000000E+00   0.000000000000E+00   0.000000000000E+00   0.000000000000E+00   0.000000000000E+00  -2.016402825822E-04   1.552227561935E-05   0.000000000000E+00  -7.759878213756E-05   1.096975977008E-04
   0.000000000000E+00   0.000000000000E+00   0.000000000000E+00   0.000000000000E+00   0.000000000000E+00   6.722219758495E-04  -2.970539370360E-05   0.000000000000E+00   2.789710821638E-04  -1.731583429564E-04   0.000000000000E+00   0.000000000000E+00   0.000000000000E+00   0.000000000000E+00   0.000000000000E+00  -9.098992782486E-05   1.108726535799E-05   0.000000000000E+00  -3.929044479653E-05   7.385217959095E-05
   0.000000000000E+00   0.000000000000E+00   0.000000000000E+00   0.000000000000E+00   0.000000000000E+00   3.733900396078E-04  -1.467140409283E-05   0.000000000000E+00   1.461992502119E-04  -9.057127081904E-05   0.000000000000E+00   0.000000000000E+00   0.000000000000E+00   0.000000000000E+00   0.000000000000E+00  -4.158198230963E-05   9.042353044375E-06   0.000000000000E+00  -2.492923458117E-05   5.217707903738E-05
   0.000000000000E+00   0.000000000000E+00   0.000000000000E+00   0.000000000000E+00   0.000000000000E+00   1.891037061613E-04  -6.882902280804E-06   0.000000000000E+00   6.848829791275E-05  -4.406197398065E-05   0.000000000000E+00   0.000000000000E+00   0.000000000000E+00   0.000000000000E+00   0.000000000000E+00  -2.559823598664E-05   7.942249426402E-06   0.000000000000E+00  -2.223012131861E-05   3.794404560099E-05
   0.000000000000E+00   0.000000000000E+00   0.000000000000E+00   0.000000000000E+00   0.000000000000E+00   8.169926636338E-05  -3.275001924213E-06   0.000000000000E+00   2.621145657919E-05  -1.977521606732E-05   0.000000000000E+00   0.000000000000E+00   0.000000000000E+00   0.000000000000E+00   0.000000000000E+00  -2.562682323829E-05   7.080767246042E-06   0.000000000000E+00  -2.400478392161E-05   2.748268808664E-05
   0.000000000000E+00   0.000000000000E+00   0.000000000000E+00   0.000000000000E+00   0.000000000000E+00   2.456420505662E-05  -1.913219930643E-06   0.000000000000E+00   5.972391808845E-06  -8.577676305422E-06   0.000000000000E+00   0.000000000000E+00   0.000000000000E+00   0.000000000000E+00   0.000000000000E+00  -3.140819170421E-05   6.172915723417E-06   0.000000000000E+00  -2.640902426258E-05   1.898259041901E-05
   0.000000000000E+00   0.000000000000E+00   0.000000000000E+00   0.000000000000E+00   0.000000000000E+00  -1.430726452397E-06  -1.625646457410E-06   0.000000000000E+00  -1.446998551205E-06  -4.500237219857E-06   0.000000000000E+00   0.000000000000E+00   0.000000000000E+00   0.000000000000E+00   0.000000000000E+00  -3.741831453147E-05   5.155227698373E-06   0.000000000000E+00  -2.769153556718E-05   1.168997506053E-05
   0.000000000000E+00   0.000000000000E+00   0.000000000000E+00   0.000000000000E+00   0.000000000000E+00  -9.376460831087E-06  -1.743992372861E-06   0.000000000000E+00  -2.069061638427E-06  -3.861211574211E-06   0.000000000000E+00   0.000000000000E+00   0.000000000000E+00   0.000000000000E+00   0.000000000000E+00  -4.112846239953E-05   4.065683589570E-06   0.000000000000E+00  -2.732941094895E-05   5.392138304748E-06


Spline
12 0.0553585
112.9353346817185 2.801373701455403 -0.1119994835253462
0.035 0.0375    0.204206 -35.71077211012958 2016.504000000031 24177.93762071238
0.0375 0.04    0.12791 -25.17491577974109 2197.838532155373 -120889.6881035729
0.04 0.0425    0.07682029999999999 -16.45240477090621 1291.165871378576 -57585.58520643491
0.0425 0.045    0.0428593 -11.07630513663398 859.2739823303137 16659.22892930921
0.045 0.04533    0.0207993 -6.467574682557872 984.2181993001326 -2167173.572075024
0.04533 0.045334    0.0186943 -6.526006277016704 -1161.283637054166 353213222.4907721
0.045334 0.046259    0.0186682 -6.518342311433599 3077.275032831984 -1324559.571220061
0.046259 0.047184    0.0142234 -4.225362350069925 -598.3777773036936 561811.1110751317
0.047184 0.0493131    0.0102476 -3.890262342340788 960.6480559297889 -100763.5210502349
0.0493131 0.0503195    0.00534702 -1.169934109375229 317.0412179256228 -143026.9144497911
0.0503195 0.0513259    0.00434492 -0.9663840979460291 -114.7856421811885 10348.58893883691
0.0513259 0.0553585    0.00326664 -1.165980214261954 -83.5411824570522 -5782.515169399558 27636944.82683195 -3877959552.095367

This SPLINE is just a DUMMY-SPLINE!!!!!!!!!!!!!!!

