0.200000 56
   0.000000000000E+00 0.0 0.0 0.0 0.0 0.0 0.0 0.0 0.0 0.0 0.0 0.0 0.0 0.0 0.0 0.0 0.0 0.0 0.0 0.0
   0.000000000000E+00   0.000000000000E+00   0.000000000000E+00   0.000000000000E+00   0.000000000000E+00   0.000000000000E+00   0.000000000000E+00   0.000000000000E+00   0.000000000000E+00   0.000000000000E+00   0.000000000000E+00   0.000000000000E+00   0.000000000000E+00   0.000000000000E+00   0.000000000000E+00   0.000000000000E+00   0.000000000000E+00   0.000000000000E+00   0.000000000000E+00   0.000000000000E+00
   0.000000000000E+00   0.000000000000E+00   0.000000000000E+00   0.000000000000E+00   0.000000000000E+00  -7.955982913498E-01  -1.052522288392E+00   0.000000000000E+00  -2.559036602383E-01  -1.003627351593E+00   0.000000000000E+00   0.000000000000E+00   0.000000000000E+00   0.000000000000E+00   0.000000000000E+00   8.299988490528E-01   9.167824574056E-01   0.000000000000E+00  -1.042067029021E-01   9.159644218834E-01
   0.000000000000E+00   0.000000000000E+00   0.000000000000E+00   0.000000000000E+00   0.000000000000E+00  -4.875790312368E-01  -9.140666987935E-01   0.000000000000E+00  -1.044615877021E-01  -7.200814729985E-01   0.000000000000E+00   0.000000000000E+00   0.000000000000E+00   0.000000000000E+00   0.000000000000E+00   6.893616953448E-01   8.653301827728E-01   0.000000000000E+00  -1.727740828368E-01   8.660293178161E-01
   0.000000000000E+00   0.000000000000E+00   0.000000000000E+00   0.000000000000E+00   0.000000000000E+00  -2.272797929667E-01  -7.730454271648E-01   0.000000000000E+00   7.388055422545E-02  -6.179206669888E-01   0.000000000000E+00   0.000000000000E+00   0.000000000000E+00   0.000000000000E+00   0.000000000000E+00   5.258476948069E-01   8.011741084095E-01   0.000000000000E+00  -2.435420722868E-01   8.184466439947E-01
   0.000000000000E+00   0.000000000000E+00   0.000000000000E+00   0.000000000000E+00   0.000000000000E+00  -3.547152637240E-02  -6.432072918789E-01   0.000000000000E+00   2.206226720700E-01  -5.889823859738E-01   0.000000000000E+00   0.000000000000E+00   0.000000000000E+00   0.000000000000E+00   0.000000000000E+00   3.573340659331E-01   7.292138977121E-01   0.000000000000E+00  -3.077959434552E-01   7.722878719035E-01
   0.000000000000E+00   0.000000000000E+00   0.000000000000E+00   0.000000000000E+00   0.000000000000E+00   9.294671948561E-02  -5.300657069162E-01   0.000000000000E+00   3.192263585784E-01  -5.757342219611E-01   0.000000000000E+00   0.000000000000E+00   0.000000000000E+00   0.000000000000E+00   0.000000000000E+00   1.973587684270E-01   6.537101815141E-01   0.000000000000E+00  -3.592770897006E-01   7.250695912087E-01
   0.000000000000E+00   0.000000000000E+00   0.000000000000E+00   0.000000000000E+00   0.000000000000E+00   1.714897465784E-01  -4.345898347249E-01   0.000000000000E+00   3.730580322970E-01  -5.557080124911E-01   0.000000000000E+00   0.000000000000E+00   0.000000000000E+00   0.000000000000E+00   0.000000000000E+00   5.499749782288E-02   5.781002827017E-01   0.000000000000E+00  -3.947668905890E-01   6.750945122269E-01
   0.000000000000E+00   0.000000000000E+00   0.000000000000E+00   0.000000000000E+00   0.000000000000E+00   2.142041011345E-01  -3.555173625074E-01   0.000000000000E+00   3.921447342878E-01  -5.239350650452E-01   0.000000000000E+00   0.000000000000E+00   0.000000000000E+00   0.000000000000E+00   0.000000000000E+00  -6.457608172272E-02   5.049858198578E-01   0.000000000000E+00  -4.136483443969E-01   6.219304381111E-01
   0.000000000000E+00   0.000000000000E+00   0.000000000000E+00   0.000000000000E+00   0.000000000000E+00   2.329693719304E-01  -2.906872852975E-01   0.000000000000E+00   3.871762396354E-01  -4.825215307079E-01   0.000000000000E+00   0.000000000000E+00   0.000000000000E+00   0.000000000000E+00   0.000000000000E+00  -1.593018106165E-01   4.362064524721E-01   0.000000000000E+00  -4.171299907302E-01   5.661691769241E-01
   0.000000000000E+00   0.000000000000E+00   0.000000000000E+00   0.000000000000E+00   0.000000000000E+00   2.365907960213E-01  -2.377655684385E-01   0.000000000000E+00   3.670473727615E-01  -4.354436267863E-01   0.000000000000E+00   0.000000000000E+00   0.000000000000E+00   0.000000000000E+00   0.000000000000E+00  -2.294376097253E-01   3.729497243167E-01   0.000000000000E+00  -4.074950057310E-01   5.090184117575E-01
   0.000000000000E+00   0.000000000000E+00   0.000000000000E+00   0.000000000000E+00   0.000000000000E+00   2.310303431036E-01  -1.945986335408E-01   0.000000000000E+00   3.382921211490E-01  -3.863748468482E-01   0.000000000000E+00   0.000000000000E+00   0.000000000000E+00   0.000000000000E+00   0.000000000000E+00  -2.768439037422E-01   3.158700216390E-01   0.000000000000E+00  -3.875155605739E-01   4.519341997218E-01
   0.000000000000E+00   0.000000000000E+00   0.000000000000E+00   0.000000000000E+00   0.000000000000E+00   2.200993647974E-01  -1.593473523994E-01   0.000000000000E+00   3.053777553724E-01  -3.380523611207E-01   0.000000000000E+00   0.000000000000E+00   0.000000000000E+00   0.000000000000E+00   0.000000000000E+00  -3.043740742621E-01   2.652033473303E-01   0.000000000000E+00  -3.600459955749E-01   3.963505071977E-01
   0.000000000000E+00   0.000000000000E+00   0.000000000000E+00   0.000000000000E+00   0.000000000000E+00   2.061551316926E-01  -1.305041385118E-01   0.000000000000E+00   2.712239629432E-01  -2.922756337848E-01   0.000000000000E+00   0.000000000000E+00   0.000000000000E+00   0.000000000000E+00   0.000000000000E+00  -3.153771645789E-01   2.208717079220E-01   0.000000000000E+00  -3.277609871696E-01   3.435070291032E-01
   0.000000000000E+00   0.000000000000E+00   0.000000000000E+00   0.000000000000E+00   0.000000000000E+00   1.906448325568E-01  -1.068578484884E-01   0.000000000000E+00   2.376811606077E-01  -2.501015636619E-01   0.000000000000E+00   0.000000000000E+00   0.000000000000E+00   0.000000000000E+00   0.000000000000E+00  -3.133129817575E-01   1.825742585144E-01   0.000000000000E+00  -2.930002298067E-01   2.943593111505E-01
   0.000000000000E+00   0.000000000000E+00   0.000000000000E+00   0.000000000000E+00   0.000000000000E+00   1.744774017068E-01  -8.744225766508E-02   0.000000000000E+00   2.058900486984E-01  -2.120569990302E-01   0.000000000000E+00   0.000000000000E+00   0.000000000000E+00   0.000000000000E+00   0.000000000000E+00  -3.014751300198E-01   1.498640121896E-01   0.000000000000E+00  -2.576900471271E-01   2.495510966681E-01
   0.000000000000E+00   0.000000000000E+00   0.000000000000E+00   0.000000000000E+00   0.000000000000E+00   1.582521613712E-01  -7.148542764906E-02   0.000000000000E+00   1.765238282315E-01  -1.783102231401E-01   0.000000000000E+00   0.000000000000E+00   0.000000000000E+00   0.000000000000E+00   0.000000000000E+00  -2.828119722110E-01   1.222099669297E-01   0.000000000000E+00  -2.233209402702E-01   2.094293414564E-01
   0.000000000000E+00   0.000000000000E+00   0.000000000000E+00   0.000000000000E+00   0.000000000000E+00   1.423851137779E-01  -5.836683786328E-02   0.000000000000E+00   1.499413357143E-01  -1.487940299437E-01   0.000000000000E+00   0.000000000000E+00   0.000000000000E+00   0.000000000000E+00   0.000000000000E+00  -2.598304634986E-01   9.904531616394E-02   0.000000000000E+00  -1.909651498406E-01   1.740848548867E-01
   0.000000000000E+00   0.000000000000E+00   0.000000000000E+00   0.000000000000E+00   0.000000000000E+00   1.271723440890E-01  -4.758375178086E-02   0.000000000000E+00   1.262829620346E-01  -1.232906839468E-01   0.000000000000E+00   0.000000000000E+00   0.000000000000E+00   0.000000000000E+00   0.000000000000E+00  -2.345647731760E-01   7.980304507152E-02   0.000000000000E+00  -1.613209326269E-01   1.434049981560E-01
   0.000000000000E+00   0.000000000000E+00   0.000000000000E+00   0.000000000000E+00   0.000000000000E+00   1.128211679270E-01  -3.872580946700E-02   0.000000000000E+00   1.055342827879E-01  -1.014911156897E-01   0.000000000000E+00   0.000000000000E+00   0.000000000000E+00   0.000000000000E+00   0.000000000000E+00  -2.085911192585E-01   6.394064203601E-02   0.000000000000E+00  -1.347720838095E-01   1.171286095053E-01
   0.000000000000E+00   0.000000000000E+00   0.000000000000E+00   0.000000000000E+00   0.000000000000E+00   9.946758855240E-02  -3.145604656972E-02   0.000000000000E+00   8.757236789397E-02  -8.303713894434E-02   0.000000000000E+00   0.000000000000E+00   0.000000000000E+00   0.000000000000E+00   0.000000000000E+00  -1.830718987470E-01   5.095585761343E-02   0.000000000000E+00  -1.114531968593E-01   9.489680060547E-02
   0.000000000000E+00   0.000000000000E+00   0.000000000000E+00   0.000000000000E+00   0.000000000000E+00   8.718884562291E-02  -2.549661045126E-02   0.000000000000E+00   7.220193460395E-02  -6.755182541439E-02   0.000000000000E+00   0.000000000000E+00   0.000000000000E+00   0.000000000000E+00   0.000000000000E+00  -1.588151930689E-01   4.039544503192E-02   0.000000000000E+00  -9.131342671667E-02   7.629614397023E-02
   0.000000000000E+00   0.000000000000E+00   0.000000000000E+00   0.000000000000E+00   0.000000000000E+00   7.601431130436E-02  -2.061781869653E-02   0.000000000000E+00   5.918423902465E-02  -5.466102370904E-02   0.000000000000E+00   0.000000000000E+00   0.000000000000E+00   0.000000000000E+00   0.000000000000E+00  -1.363392301478E-01   3.185866665304E-02   0.000000000000E+00  -7.417389226292E-02   6.089291541230E-02
   0.000000000000E+00   0.000000000000E+00   0.000000000000E+00   0.000000000000E+00   0.000000000000E+00   6.593557883997E-02  -1.662960006871E-02   0.000000000000E+00   4.825985726074E-02  -4.400800404133E-02   0.000000000000E+00   0.000000000000E+00   0.000000000000E+00   0.000000000000E+00   0.000000000000E+00  -1.159347533631E-01   2.499710855587E-02   0.000000000000E+00  -5.977602400025E-02   4.825849109922E-02
   0.000000000000E+00   0.000000000000E+00   0.000000000000E+00   0.000000000000E+00   0.000000000000E+00   5.691576152776E-02  -1.337465491635E-02   0.000000000000E+00   3.916601976186E-02  -3.526274799333E-02   0.000000000000E+00   0.000000000000E+00   0.000000000000E+00   0.000000000000E+00   0.000000000000E+00  -9.772110150783E-02   1.951206345278E-02   0.000000000000E+00  -4.781991792791E-02   3.798683956663E-02
   0.000000000000E+00   0.000000000000E+00   0.000000000000E+00   0.000000000000E+00   0.000000000000E+00   4.889784694825E-02  -1.072289246026E-02   0.000000000000E+00   3.164914206113E-02  -2.812714827652E-02   0.000000000000E+00   0.000000000000E+00   0.000000000000E+00   0.000000000000E+00   0.000000000000E+00  -8.169398781443E-02   1.515046073576E-02   0.000000000000E+00  -3.799301044330E-02   2.970544319836E-02
   0.000000000000E+00   0.000000000000E+00   0.000000000000E+00   0.000000000000E+00   0.000000000000E+00   4.181199472062E-02  -8.566838274904E-03   0.000000000000E+00   2.547327084937E-02  -2.233717948354E-02   0.000000000000E+00   0.000000000000E+00   0.000000000000E+00   0.000000000000E+00   0.000000000000E+00  -6.776448521045E-02   1.170006743908E-02   0.000000000000E+00  -2.999016191804E-02   2.308107514037E-02
   0.000000000000E+00   0.000000000000E+00   0.000000000000E+00   0.000000000000E+00   0.000000000000E+00   3.558171033476E-02  -6.817803971842E-03   0.000000000000E+00   2.042518457600E-02  -1.766290520826E-02   0.000000000000E+00   0.000000000000E+00   0.000000000000E+00   0.000000000000E+00   0.000000000000E+00  -5.578967489973E-02   8.984468549538E-03   0.000000000000E+00  -2.352661223371E-02   1.782176624514E-02
   0.000000000000E+00   0.000000000000E+00   0.000000000000E+00   0.000000000000E+00   0.000000000000E+00   3.012881531749E-02  -5.402668107682E-03   0.000000000000E+00   1.631683384800E-02  -1.390699296358E-02   0.000000000000E+00   0.000000000000E+00   0.000000000000E+00   0.000000000000E+00   0.000000000000E+00  -4.559592755221E-02   6.858163257455E-03   0.000000000000E+00  -1.834535753833E-02   1.367611180760E-02
   0.000000000000E+00   0.000000000000E+00   0.000000000000E+00   0.000000000000E+00   0.000000000000E+00   2.537711234914E-02  -4.261167895913E-03   0.000000000000E+00   1.298572337937E-02  -1.090224677345E-02   0.000000000000E+00   0.000000000000E+00   0.000000000000E+00   0.000000000000E+00   0.000000000000E+00  -3.699599190300E-02   5.201983213921E-03   0.000000000000E+00  -1.422039752587E-02   1.043085004695E-02
   0.000000000000E+00   0.000000000000E+00   0.000000000000E+00   0.000000000000E+00   0.000000000000E+00   2.125470766989E-02  -3.343628183735E-03   0.000000000000E+00   1.029377798872E-02  -8.508552072811E-03   0.000000000000E+00   0.000000000000E+00   0.000000000000E+00   0.000000000000E+00   0.000000000000E+00  -2.980107597274E-02   3.918944165158E-03   0.000000000000E+00  -1.095710203682E-02   7.907430494924E-03
   0.000000000000E+00   0.000000000000E+00   0.000000000000E+00   0.000000000000E+00   0.000000000000E+00   1.769511565195E-02  -2.609074835268E-03   0.000000000000E+00   8.125204870484E-03  -6.609555841008E-03   0.000000000000E+00   0.000000000000E+00   0.000000000000E+00   0.000000000000E+00   0.000000000000E+00  -2.382900654266E-02   2.930576763732E-03   0.000000000000E+00  -8.390707089524E-03   5.958100408618E-03
   0.000000000000E+00   0.000000000000E+00   0.000000000000E+00   0.000000000000E+00   0.000000000000E+00   1.463741684045E-02  -2.023684362664E-03   0.000000000000E+00   6.383813100548E-03  -5.109338291928E-03   0.000000000000E+00   0.000000000000E+00   0.000000000000E+00   0.000000000000E+00   0.000000000000E+00  -1.890940219186E-02   2.173739254812E-03   0.000000000000E+00  -6.383714193248E-03   4.461879194597E-03
   0.000000000000E+00   0.000000000000E+00   0.000000000000E+00   0.000000000000E+00   0.000000000000E+00   1.202588422036E-02  -1.559522917465E-03   0.000000000000E+00   4.990197298702E-03  -3.929279300765E-03   0.000000000000E+00   0.000000000000E+00   0.000000000000E+00   0.000000000000E+00   0.000000000000E+00  -1.488663178084E-02   1.597888215501E-03   0.000000000000E+00  -4.822755968860E-03   3.320665686161E-03
   0.000000000000E+00   0.000000000000E+00   0.000000000000E+00   0.000000000000E+00   0.000000000000E+00   9.809530295838E-03  -1.193524195468E-03   0.000000000000E+00   3.879098009016E-03  -3.005258127761E-03   0.000000000000E+00   0.000000000000E+00   0.000000000000E+00   0.000000000000E+00   0.000000000000E+00  -1.162117521034E-02   1.162768745226E-03   0.000000000000E+00  -3.615315955158E-03   2.455628164345E-03
   0.000000000000E+00   0.000000000000E+00   0.000000000000E+00   0.000000000000E+00   0.000000000000E+00   7.941077483377E-03  -9.066659212454E-04   0.000000000000E+00   2.996821502287E-03  -2.285096264945E-03   0.000000000000E+00   0.000000000000E+00   0.000000000000E+00   0.000000000000E+00   0.000000000000E+00  -8.989866990877E-03   8.364787030183E-04   0.000000000000E+00  -2.686552932125E-03   1.803957736704E-03
   0.000000000000E+00   0.000000000000E+00   0.000000000000E+00   0.000000000000E+00   0.000000000000E+00   6.378003080772E-03  -6.832951208959E-04   0.000000000000E+00   2.299726037555E-03  -1.726737109694E-03   0.000000000000E+00   0.000000000000E+00   0.000000000000E+00   0.000000000000E+00   0.000000000000E+00  -6.885389076388E-03   5.938599655306E-04   0.000000000000E+00  -1.976377252914E-03   1.316017137481E-03
   0.000000000000E+00   0.000000000000E+00   0.000000000000E+00   0.000000000000E+00   0.000000000000E+00   5.080000999579E-03  -5.105704978857E-04   0.000000000000E+00   1.751651467532E-03  -1.296035140846E-03   0.000000000000E+00   0.000000000000E+00   0.000000000000E+00   0.000000000000E+00   0.000000000000E+00  -5.215287076537E-03   4.151712379949E-04   0.000000000000E+00  -1.436853344195E-03   9.528845300133E-04
   0.000000000000E+00   0.000000000000E+00   0.000000000000E+00   0.000000000000E+00   0.000000000000E+00   4.009991537260E-03  -3.780044140968E-04   0.000000000000E+00   1.322967350147E-03  -9.655214482578E-04   0.000000000000E+00   0.000000000000E+00   0.000000000000E+00   0.000000000000E+00   0.000000000000E+00  -3.900710989413E-03   2.850003082615E-04   0.000000000000E+00  -1.029952827439E-03   6.842714406027E-04
   0.000000000000E+00   0.000000000000E+00   0.000000000000E+00   0.000000000000E+00   0.000000000000E+00   3.136712075313E-03  -2.770775114367E-04   0.000000000000E+00   9.902788495551E-04  -7.136222941286E-04   0.000000000000E+00   0.000000000000E+00   0.000000000000E+00   0.000000000000E+00   0.000000000000E+00  -2.875024945069E-03   1.913778723998E-04   0.000000000000E+00  -7.256510207848E-04   4.867822232883E-04
   0.000000000000E+00   0.000000000000E+00   0.000000000000E+00   0.000000000000E+00   0.000000000000E+00   2.429537339215E-03  -2.009055818901E-04   0.000000000000E+00   7.337305670010E-04  -5.227448455807E-04   0.000000000000E+00   0.000000000000E+00   0.000000000000E+00   0.000000000000E+00   0.000000000000E+00  -2.082387079464E-03   1.250595891631E-04   0.000000000000E+00  -5.003410319470E-04   3.424768401635E-04
   0.000000000000E+00   0.000000000000E+00   0.000000000000E+00   0.000000000000E+00   0.000000000000E+00   1.860981335041E-03  -1.439540369386E-04   0.000000000000E+00   5.371496905751E-04  -3.789132274442E-04   0.000000000000E+00   0.000000000000E+00   0.000000000000E+00   0.000000000000E+00   0.000000000000E+00  -1.476367857141E-03   7.894747922625E-05   0.000000000000E+00  -3.355302869627E-04   2.376972548436E-04
   0.000000000000E+00   0.000000000000E+00   0.000000000000E+00   0.000000000000E+00   0.000000000000E+00   1.409058238942E-03  -1.018175481866E-04   0.000000000000E+00   3.881342566872E-04  -2.714510776978E-04   0.000000000000E+00   0.000000000000E+00   0.000000000000E+00   0.000000000000E+00   0.000000000000E+00  -1.018650652845E-03   4.762596643684E-05   0.000000000000E+00  -2.167810910792E-04   1.621189033533E-04
   0.000000000000E+00   0.000000000000E+00   0.000000000000E+00   0.000000000000E+00   0.000000000000E+00   1.052672903785E-03  -7.099872944606E-05   0.000000000000E+00   2.761141146354E-04  -1.916920156225E-04   0.000000000000E+00   0.000000000000E+00   0.000000000000E+00   0.000000000000E+00   0.000000000000E+00  -6.778403443655E-04   2.699165629268E-05   0.000000000000E+00  -1.328574131149E-04   1.079914632567E-04
   0.000000000000E+00   0.000000000000E+00   0.000000000000E+00   0.000000000000E+00   0.000000000000E+00   7.749041922967E-04  -4.875028000826E-05   0.000000000000E+00   1.929788568016E-04  -1.330593931688E-04   0.000000000000E+00   0.000000000000E+00   0.000000000000E+00   0.000000000000E+00   0.000000000000E+00  -4.283925960917E-04   1.395931919992E-05   0.000000000000E+00  -7.504290018600E-05   6.953674035045E-05
   0.000000000000E+00   0.000000000000E+00   0.000000000000E+00   0.000000000000E+00   0.000000000000E+00   5.609907936906E-04  -3.292599791134E-05   0.000000000000E+00   1.321590525230E-04  -9.040352742789E-05   0.000000000000E+00   0.000000000000E+00   0.000000000000E+00   0.000000000000E+00   0.000000000000E+00  -2.496672725278E-04   6.229490131683E-06   0.000000000000E+00  -3.659905468582E-05   4.247542366425E-05
   0.000000000000E+00   0.000000000000E+00   0.000000000000E+00   0.000000000000E+00   0.000000000000E+00   3.982132203240E-04  -2.186492438346E-05   0.000000000000E+00   8.836537466575E-05  -5.971602211586E-05   0.000000000000E+00   0.000000000000E+00   0.000000000000E+00   0.000000000000E+00   0.000000000000E+00  -1.251031072076E-04   2.105631774208E-06   0.000000000000E+00  -1.233681103476E-05   2.365839014878E-05
   0.000000000000E+00   0.000000000000E+00   0.000000000000E+00   0.000000000000E+00   0.000000000000E+00   2.760912104928E-04  -1.429046404470E-05   0.000000000000E+00   5.746254779515E-05  -3.794316916207E-05   0.000000000000E+00   0.000000000000E+00   0.000000000000E+00   0.000000000000E+00   0.000000000000E+00  -4.150665359776E-05   3.509680376689E-07   0.000000000000E+00   1.721013939670E-06   1.078196361130E-05
   0.000000000000E+00   0.000000000000E+00   0.000000000000E+00   0.000000000000E+00   0.000000000000E+00   1.857773996404E-04  -9.231416555157E-06   0.000000000000E+00   3.616145763955E-05  -2.273553928232E-05   0.000000000000E+00   0.000000000000E+00   0.000000000000E+00   0.000000000000E+00   0.000000000000E+00   1.155390044791E-05   7.691682259973E-08   0.000000000000E+00   8.605012550951E-06   2.169930894531E-06
   0.000000000000E+00   0.000000000000E+00   0.000000000000E+00   0.000000000000E+00   0.000000000000E+00   1.203249086328E-04  -5.957015983566E-06   0.000000000000E+00   2.197616544501E-05  -1.235135670627E-05   0.000000000000E+00   0.000000000000E+00   0.000000000000E+00   0.000000000000E+00   0.000000000000E+00   4.226070515382E-05   6.565752100840E-07   0.000000000000E+00   1.060737571785E-05  -3.391863799762E-06
   0.000000000000E+00   0.000000000000E+00   0.000000000000E+00   0.000000000000E+00   0.000000000000E+00   7.395566622374E-05  -3.922627546631E-06   0.000000000000E+00   1.294856796241E-05  -5.462398288262E-06   0.000000000000E+00   0.000000000000E+00   0.000000000000E+00   0.000000000000E+00   0.000000000000E+00   5.697502452803E-05   1.657975592984E-06   0.000000000000E+00   9.445168970544E-06  -6.779902794387E-06
   0.000000000000E+00   0.000000000000E+00   0.000000000000E+00   0.000000000000E+00   0.000000000000E+00   4.213207227543E-05  -2.727924911023E-06   0.000000000000E+00   7.602296379326E-06  -1.087040858733E-06   0.000000000000E+00   0.000000000000E+00   0.000000000000E+00   0.000000000000E+00   0.000000000000E+00   6.059360046760E-05   2.792874272149E-06   0.000000000000E+00   6.388397907649E-06  -8.625674232009E-06
   0.000000000000E+00   0.000000000000E+00   0.000000000000E+00   0.000000000000E+00   0.000000000000E+00   2.108997529962E-05  -2.082243948762E-06   0.000000000000E+00   4.781741789581E-06   1.520010239131E-06   0.000000000000E+00   0.000000000000E+00   0.000000000000E+00   0.000000000000E+00   0.000000000000E+00   5.684277026831E-05   3.877688034104E-06   0.000000000000E+00   2.360523071913E-06  -9.384081280107E-06
   0.000000000000E+00   0.000000000000E+00   0.000000000000E+00   0.000000000000E+00   0.000000000000E+00   7.967507382811E-06  -1.779273360091E-06   0.000000000000E+00   3.643609370997E-06   2.897114611499E-06   0.000000000000E+00   0.000000000000E+00   0.000000000000E+00   0.000000000000E+00   0.000000000000E+00   4.851964976040E-05   4.803889111430E-06   0.000000000000E+00  -1.982569014186E-06  -9.383453809707E-06
   0.000000000000E+00   0.000000000000E+00   0.000000000000E+00   0.000000000000E+00   0.000000000000E+00   5.119236390950E-07  -1.675200673346E-06   0.000000000000E+00   3.559979821249E-06   3.440035926925E-06   0.000000000000E+00   0.000000000000E+00   0.000000000000E+00   0.000000000000E+00   0.000000000000E+00   3.768872526669E-05   5.515730960084E-06   0.000000000000E+00  -6.190452236962E-06  -8.861755166834E-06
   0.000000000000E+00   0.000000000000E+00   0.000000000000E+00   0.000000000000E+00   0.000000000000E+00  -2.999931290916E-06  -1.672282654169E-06   0.000000000000E+00   4.077626602641E-06   3.434660010388E-06   0.000000000000E+00   0.000000000000E+00   0.000000000000E+00   0.000000000000E+00   0.000000000000E+00   2.584119492255E-05   5.993629344683E-06   0.000000000000E+00  -9.969261243406E-06  -7.992539608438E-06
   0.000000000000E+00   0.000000000000E+00   0.000000000000E+00   0.000000000000E+00   0.000000000000E+00  -3.877211849750E-06  -1.706879595090E-06   0.000000000000E+00   4.875636470083E-06   3.085938115688E-06   0.000000000000E+00   0.000000000000E+00   0.000000000000E+00   0.000000000000E+00   0.000000000000E+00   1.402342076999E-05   6.241884841369E-06   0.000000000000E+00  -1.314317841908E-05  -6.903384886066E-06


Spline
12 0.0553585
112.9353346817185 2.801373701455403 -0.1119994835253462
0.035 0.0375    0.204206 -35.71077211012958 2016.504000000031 24177.93762071238
0.0375 0.04    0.12791 -25.17491577974109 2197.838532155373 -120889.6881035729
0.04 0.0425    0.07682029999999999 -16.45240477090621 1291.165871378576 -57585.58520643491
0.0425 0.045    0.0428593 -11.07630513663398 859.2739823303137 16659.22892930921
0.045 0.04533    0.0207993 -6.467574682557872 984.2181993001326 -2167173.572075024
0.04533 0.045334    0.0186943 -6.526006277016704 -1161.283637054166 353213222.4907721
0.045334 0.046259    0.0186682 -6.518342311433599 3077.275032831984 -1324559.571220061
0.046259 0.047184    0.0142234 -4.225362350069925 -598.3777773036936 561811.1110751317
0.047184 0.0493131    0.0102476 -3.890262342340788 960.6480559297889 -100763.5210502349
0.0493131 0.0503195    0.00534702 -1.169934109375229 317.0412179256228 -143026.9144497911
0.0503195 0.0513259    0.00434492 -0.9663840979460291 -114.7856421811885 10348.58893883691
0.0513259 0.0553585    0.00326664 -1.165980214261954 -83.5411824570522 -5782.515169399558 27636944.82683195 -3877959552.095367

This SPLINE is just a DUMMY-SPLINE!!!!!!!!!!!!!!!

