0.200000 56
   0.000000000000E+00 0.0 0.0 0.0 0.0 0.0 0.0 0.0 0.0 0.0 0.0 0.0 0.0 0.0 0.0 0.0 0.0 0.0 0.0 0.0
   0.000000000000E+00   0.000000000000E+00   0.000000000000E+00   0.000000000000E+00   0.000000000000E+00   0.000000000000E+00   0.000000000000E+00   0.000000000000E+00   0.000000000000E+00   0.000000000000E+00   0.000000000000E+00   0.000000000000E+00   0.000000000000E+00   0.000000000000E+00   0.000000000000E+00   0.000000000000E+00   0.000000000000E+00   0.000000000000E+00   0.000000000000E+00   0.000000000000E+00
   0.000000000000E+00   0.000000000000E+00   0.000000000000E+00   0.000000000000E+00   0.000000000000E+00  -7.524549681633E-01  -1.020006560493E+00   0.000000000000E+00  -3.037473135015E-01  -9.297937757472E-01   0.000000000000E+00   0.000000000000E+00   0.000000000000E+00   0.000000000000E+00   0.000000000000E+00   7.573153171964E-01   8.499903084154E-01   0.000000000000E+00  -7.324239557395E-02   8.716726573001E-01
   0.000000000000E+00   0.000000000000E+00   0.000000000000E+00   0.000000000000E+00   0.000000000000E+00  -4.388425591111E-01  -8.768266891759E-01   0.000000000000E+00  -1.466194983529E-01  -6.253241623889E-01   0.000000000000E+00   0.000000000000E+00   0.000000000000E+00   0.000000000000E+00   0.000000000000E+00   6.087043108778E-01   7.952427018326E-01   0.000000000000E+00  -1.305937236202E-01   8.171292301163E-01
   0.000000000000E+00   0.000000000000E+00   0.000000000000E+00   0.000000000000E+00   0.000000000000E+00  -1.811931184184E-01  -7.330882279055E-01   0.000000000000E+00   3.820792640204E-02  -5.207805384442E-01   0.000000000000E+00   0.000000000000E+00   0.000000000000E+00   0.000000000000E+00   0.000000000000E+00   4.387170120755E-01   7.275760443866E-01   0.000000000000E+00  -1.926531846259E-01   7.660398974376E-01
   0.000000000000E+00   0.000000000000E+00   0.000000000000E+00   0.000000000000E+00   0.000000000000E+00   2.204225431391E-03  -6.027586564124E-01   0.000000000000E+00   1.873115631187E-01  -4.965567537018E-01   0.000000000000E+00   0.000000000000E+00   0.000000000000E+00   0.000000000000E+00   0.000000000000E+00   2.676178360573E-01   6.525701435444E-01   0.000000000000E+00  -2.499425728420E-01   7.176010454475E-01
   0.000000000000E+00   0.000000000000E+00   0.000000000000E+00   0.000000000000E+00   0.000000000000E+00   1.198717495305E-01  -4.909136317043E-01   0.000000000000E+00   2.846283815423E-01  -4.898973870639E-01   0.000000000000E+00   0.000000000000E+00   0.000000000000E+00   0.000000000000E+00   0.000000000000E+00   1.105199330762E-01   5.750446460243E-01   0.000000000000E+00  -2.957725469378E-01   6.691264821902E-01
   0.000000000000E+00   0.000000000000E+00   0.000000000000E+00   0.000000000000E+00   0.000000000000E+00   1.877610768306E-01  -3.979159086733E-01   0.000000000000E+00   3.353711690242E-01  -4.765371090890E-01   0.000000000000E+00   0.000000000000E+00   0.000000000000E+00   0.000000000000E+00   0.000000000000E+00  -2.287160507924E-02   4.988354331663E-01   0.000000000000E+00  -3.266574012611E-01   6.186106860754E-01
   0.000000000000E+00   0.000000000000E+00   0.000000000000E+00   0.000000000000E+00   0.000000000000E+00   2.212157029895E-01  -3.219612141498E-01   0.000000000000E+00   3.511218283213E-01  -4.511160186439E-01   0.000000000000E+00   0.000000000000E+00   0.000000000000E+00   0.000000000000E+00   0.000000000000E+00  -1.277835358414E-01   4.267578920002E-01   0.000000000000E+00  -3.417344984840E-01   5.653668963385E-01
   0.000000000000E+00   0.000000000000E+00   0.000000000000E+00   0.000000000000E+00   0.000000000000E+00   2.325184643733E-01  -2.604941486125E-01   0.000000000000E+00   3.434674591916E-01  -4.157603592496E-01   0.000000000000E+00   0.000000000000E+00   0.000000000000E+00   0.000000000000E+00   0.000000000000E+00  -2.034887275917E-01   3.606721287699E-01   0.000000000000E+00  -3.420613794238E-01   5.098761784242E-01
   0.000000000000E+00   0.000000000000E+00   0.000000000000E+00   0.000000000000E+00   0.000000000000E+00   2.303660592267E-01  -2.109311939799E-01   0.000000000000E+00   3.216484012429E-01  -3.744946297302E-01   0.000000000000E+00   0.000000000000E+00   0.000000000000E+00   0.000000000000E+00   0.000000000000E+00  -2.521921724482E-01   3.016105890681E-01   0.000000000000E+00  -3.299633900046E-01   4.533808047723E-01
   0.000000000000E+00   0.000000000000E+00   0.000000000000E+00   0.000000000000E+00   0.000000000000E+00   2.204364098315E-01  -1.709787839414E-01   0.000000000000E+00   2.922402082564E-01  -3.310011880029E-01   0.000000000000E+00   0.000000000000E+00   0.000000000000E+00   0.000000000000E+00   0.000000000000E+00  -2.778834934843E-01   2.499403473481E-01   0.000000000000E+00  -3.084360866512E-01   3.974559190338E-01
   0.000000000000E+00   0.000000000000E+00   0.000000000000E+00   0.000000000000E+00   0.000000000000E+00   2.062517663368E-01  -1.387288154652E-01   0.000000000000E+00   2.596287662453E-01  -2.880069491313E-01   0.000000000000E+00   0.000000000000E+00   0.000000000000E+00   0.000000000000E+00   0.000000000000E+00  -2.853298350983E-01   2.055350299482E-01   0.000000000000E+00  -2.806286673261E-01   3.436611177542E-01
   0.000000000000E+00   0.000000000000E+00   0.000000000000E+00   0.000000000000E+00   0.000000000000E+00   1.899389518801E-01  -1.126460141313E-01   0.000000000000E+00   2.266194191900E-01  -2.473039827391E-01   0.000000000000E+00   0.000000000000E+00   0.000000000000E+00   0.000000000000E+00   0.000000000000E+00  -2.793132126538E-01   1.679358599100E-01   0.000000000000E+00  -2.494515443910E-01   2.933077414100E-01
   0.000000000000E+00   0.000000000000E+00   0.000000000000E+00   0.000000000000E+00   0.000000000000E+00   1.727867978870E-01  -9.151304300497E-02   0.000000000000E+00   1.949464052792E-01  -2.099512606333E-01   0.000000000000E+00   0.000000000000E+00   0.000000000000E+00   0.000000000000E+00   0.000000000000E+00  -2.641382595819E-01   1.364884542210E-01   0.000000000000E+00  -2.173315812431E-01   2.473401236818E-01
   0.000000000000E+00   0.000000000000E+00   0.000000000000E+00   0.000000000000E+00   0.000000000000E+00   1.556081218457E-01  -7.436714246351E-02   0.000000000000E+00   1.656356558316E-01  -1.764828956617E-01   0.000000000000E+00   0.000000000000E+00   0.000000000000E+00   0.000000000000E+00   0.000000000000E+00  -2.433795258936E-01   1.104494570882E-01   0.000000000000E+00  -1.861067549858E-01   2.063087449786E-01
   0.000000000000E+00   0.000000000000E+00   0.000000000000E+00   0.000000000000E+00   0.000000000000E+00   1.389439602805E-01  -6.044338841239E-02   0.000000000000E+00   1.392395265253E-01  -1.470707868341E-01   0.000000000000E+00   0.000000000000E+00   0.000000000000E+00   0.000000000000E+00   0.000000000000E+00  -2.198096479525E-01   8.906299205616E-02   0.000000000000E+00  -1.570290576600E-01   1.704057181019E-01
   0.000000000000E+00   0.000000000000E+00   0.000000000000E+00   0.000000000000E+00   0.000000000000E+00   1.231607051932E-01  -4.912960360956E-02   0.000000000000E+00   1.159830276322E-01  -1.216403962974E-01   0.000000000000E+00   0.000000000000E+00   0.000000000000E+00   0.000000000000E+00   0.000000000000E+00  -1.954450914147E-01   7.161060204654E-02   0.000000000000E+00  -1.308363122657E-01   1.395342370693E-01
   0.000000000000E+00   0.000000000000E+00   0.000000000000E+00   0.000000000000E+00   0.000000000000E+00   1.084941744106E-01  -3.993261850298E-02   0.000000000000E+00   9.586183775154E-02  -9.995484149580E-02   0.000000000000E+00   0.000000000000E+00   0.000000000000E+00   0.000000000000E+00   0.000000000000E+00  -1.716551594865E-01   5.744002406792E-02   0.000000000000E+00  -1.078569734073E-01   1.133895091549E-01
   0.000000000000E+00   0.000000000000E+00   0.000000000000E+00   0.000000000000E+00   0.000000000000E+00   9.507586189289E-02  -3.245337069150E-02   0.000000000000E+00   7.871655549490E-02  -8.167918599685E-02   0.000000000000E+00   0.000000000000E+00   0.000000000000E+00   0.000000000000E+00   0.000000000000E+00  -1.492942770281E-01   4.597838482494E-02   0.000000000000E+00  -8.812111476966E-02   9.153602519398E-02
   0.000000000000E+00   0.000000000000E+00   0.000000000000E+00   0.000000000000E+00   0.000000000000E+00   8.295456267888E-02  -2.636823224802E-02   0.000000000000E+00   6.429189949990E-02  -6.642982049130E-02   0.000000000000E+00   0.000000000000E+00   0.000000000000E+00   0.000000000000E+00   0.000000000000E+00  -1.288318830290E-01   3.673480318885E-02   0.000000000000E+00  -7.146098268719E-02   7.347275052345E-02
   0.000000000000E+00   0.000000000000E+00   0.000000000000E+00   0.000000000000E+00   0.000000000000E+00   7.211616042985E-02  -2.141463426926E-02   0.000000000000E+00   5.228292680635E-02  -5.381090796270E-02   0.000000000000E+00   0.000000000000E+00   0.000000000000E+00   0.000000000000E+00   0.000000000000E+00  -1.104659798412E-01   2.929641653782E-02   0.000000000000E+00  -5.759307094888E-02   5.868297987847E-02
   0.000000000000E+00   0.000000000000E+00   0.000000000000E+00   0.000000000000E+00   0.000000000000E+00   6.250141239243E-02  -1.737971385839E-02   0.000000000000E+00   4.236932753601E-02  -4.343962117584E-02   0.000000000000E+00   0.000000000000E+00   0.000000000000E+00   0.000000000000E+00   0.000000000000E+00  -9.421474447316E-02   2.332081879850E-02   0.000000000000E+00  -4.617971046676E-02   4.666900563522E-02
   0.000000000000E+00   0.000000000000E+00   0.000000000000E+00   0.000000000000E+00   0.000000000000E+00   5.402214469670E-02  -1.409114587569E-02   0.000000000000E+00   3.423933057895E-02  -3.496213129776E-02   0.000000000000E+00   0.000000000000E+00   0.000000000000E+00   0.000000000000E+00   0.000000000000E+00  -7.998587015566E-02   1.852697750642E-02   0.000000000000E+00  -3.687176461770E-02   3.697363656278E-02
   0.000000000000E+00   0.000000000000E+00   0.000000000000E+00   0.000000000000E+00   0.000000000000E+00   4.657474446930E-02  -1.140961834960E-02   0.000000000000E+00   2.760491684279E-02  -2.806243171056E-02   0.000000000000E+00   0.000000000000E+00   0.000000000000E+00   0.000000000000E+00   0.000000000000E+00  -6.762615637519E-02   1.468595549312E-02   0.000000000000E+00  -2.933572553363E-02   2.919137235225E-02
   0.000000000000E+00   0.000000000000E+00   0.000000000000E+00   0.000000000000E+00   0.000000000000E+00   4.005126317125E-02  -9.222595959951E-03   0.000000000000E+00   2.221018519013E-02  -2.246576395353E-02   0.000000000000E+00   0.000000000000E+00   0.000000000000E+00   0.000000000000E+00   0.000000000000E+00  -5.695504639400E-02   1.161220985988E-02   0.000000000000E+00  -2.326895293769E-02   2.297208809759E-02
   0.000000000000E+00   0.000000000000E+00   0.000000000000E+00   0.000000000000E+00   0.000000000000E+00   3.434736462339E-02  -7.439138924223E-03   0.000000000000E+00   1.783446057298E-02  -1.793822593859E-02   0.000000000000E+00   0.000000000000E+00   0.000000000000E+00   0.000000000000E+00   0.000000000000E+00  -4.778596082747E-02   9.155855567955E-03   0.000000000000E+00  -1.840652616531E-02   1.801973887633E-02
   0.000000000000E+00   0.000000000000E+00   0.000000000000E+00   0.000000000000E+00   0.000000000000E+00   2.936711099588E-02  -5.985631359735E-03   0.000000000000E+00   1.429166902573E-02  -1.428387880517E-02   0.000000000000E+00   0.000000000000E+00   0.000000000000E+00   0.000000000000E+00   0.000000000000E+00  -3.993887158546E-02   7.196030025863E-03   0.000000000000E+00  -1.452258155713E-02   1.408808865047E-02
   0.000000000000E+00   0.000000000000E+00   0.000000000000E+00   0.000000000000E+00   0.000000000000E+00   2.502499538795E-02  -4.802306399177E-03   0.000000000000E+00   1.142738668708E-02  -1.134047344660E-02   0.000000000000E+00   0.000000000000E+00   0.000000000000E+00   0.000000000000E+00   0.000000000000E+00  -3.324692422808E-02   5.635344099210E-03   0.000000000000E+00  -1.142832717342E-02   1.097494398361E-02
   0.000000000000E+00   0.000000000000E+00   0.000000000000E+00   0.000000000000E+00   0.000000000000E+00   2.124598601697E-02  -3.840462726221E-03   0.000000000000E+00   9.114752329697E-03  -8.974675764532E-03   0.000000000000E+00   0.000000000000E+00   0.000000000000E+00   0.000000000000E+00   0.000000000000E+00  -2.755924415292E-02   4.395323841210E-03   0.000000000000E+00  -8.968298704415E-03   8.515908687442E-03
   0.000000000000E+00   0.000000000000E+00   0.000000000000E+00   0.000000000000E+00   0.000000000000E+00   1.796467825319E-02  -3.060263501940E-03   0.000000000000E+00   7.250217996224E-03  -7.077455418139E-03   0.000000000000E+00   0.000000000000E+00   0.000000000000E+00   0.000000000000E+00   0.000000000000E+00  -2.274145714832E-02   3.412711936191E-03   0.000000000000E+00  -7.015902794872E-03   6.578301982562E-03
   0.000000000000E+00   0.000000000000E+00   0.000000000000E+00   0.000000000000E+00   0.000000000000E+00   1.512333496026E-02  -2.429008399350E-03   0.000000000000E+00   5.749292064962E-03  -5.559758057215E-03   0.000000000000E+00   0.000000000000E+00   0.000000000000E+00   0.000000000000E+00   0.000000000000E+00  -1.867496139938E-02   2.636490565969E-03   0.000000000000E+00  -5.468899566401E-03   5.055603979128E-03
   0.000000000000E+00   0.000000000000E+00   0.000000000000E+00   0.000000000000E+00   0.000000000000E+00   1.267164243601E-02  -1.919780916257E-03   0.000000000000E+00   4.543487854883E-03  -4.349166478756E-03   0.000000000000E+00   0.000000000000E+00   0.000000000000E+00   0.000000000000E+00   0.000000000000E+00  -1.525561341828E-02   2.025495726067E-03   0.000000000000E+00  -4.245194041027E-03   3.862597709816E-03
   0.000000000000E+00   0.000000000000E+00   0.000000000000E+00   0.000000000000E+00   0.000000000000E+00   1.056465633459E-02  -1.510378178301E-03   0.000000000000E+00   3.577018462998E-03  -3.386666382666E-03   0.000000000000E+00   0.000000000000E+00   0.000000000000E+00   0.000000000000E+00   0.000000000000E+00  -1.239222282002E-02   1.546508753437E-03   0.000000000000E+00  -3.279115889230E-03   2.931250273855E-03
   0.000000000000E+00   0.000000000000E+00   0.000000000000E+00   0.000000000000E+00   0.000000000000E+00   8.761548875321E-03  -1.182467844826E-03   0.000000000000E+00   2.804291537637E-03  -2.624111612951E-03   0.000000000000E+00   0.000000000000E+00   0.000000000000E+00   0.000000000000E+00   0.000000000000E+00  -1.000507058865E-02   1.172728930301E-03   0.000000000000E+00  -2.518246230070E-03   2.207299900971E-03
   0.000000000000E+00   0.000000000000E+00   0.000000000000E+00   0.000000000000E+00   0.000000000000E+00   7.225710864492E-03  -9.209112900574E-04   0.000000000000E+00   2.188257683050E-03  -2.022369872356E-03   0.000000000000E+00   0.000000000000E+00   0.000000000000E+00   0.000000000000E+00   0.000000000000E+00  -8.024551304757E-03   8.825486341989E-04   0.000000000000E+00  -1.920779207786E-03   1.647475867914E-03
   0.000000000000E+00   0.000000000000E+00   0.000000000000E+00   0.000000000000E+00   0.000000000000E+00   5.924173011529E-03  -7.132145701046E-04   0.000000000000E+00   1.698783977577E-03  -1.549646124149E-03   0.000000000000E+00   0.000000000000E+00   0.000000000000E+00   0.000000000000E+00   0.000000000000E+00  -6.389972653594E-03   6.585681864511E-04   0.000000000000E+00  -1.453368696032E-03   1.217262073073E-03
   0.000000000000E+00   0.000000000000E+00   0.000000000000E+00   0.000000000000E+00   0.000000000000E+00   4.827198432280E-03  -5.490806107060E-04   0.000000000000E+00   1.311357345469E-03  -1.180127195904E-03   0.000000000000E+00   0.000000000000E+00   0.000000000000E+00   0.000000000000E+00   0.000000000000E+00  -5.048509876399E-03   4.868007774892E-04   0.000000000000E+00  -1.089394655891E-03   8.891135903118E-04
   0.000000000000E+00   0.000000000000E+00   0.000000000000E+00   0.000000000000E+00   0.000000000000E+00   3.908172565012E-03  -4.200421366491E-04   0.000000000000E+00   1.006093787378E-03  -8.929098168095E-04   0.000000000000E+00   0.000000000000E+00   0.000000000000E+00   0.000000000000E+00   0.000000000000E+00  -3.954296930345E-03   3.560285977613E-04   0.000000000000E+00  -8.075808011654E-04   6.410422331183E-04
   0.000000000000E+00   0.000000000000E+00   0.000000000000E+00   0.000000000000E+00   0.000000000000E+00   3.143574935668E-03  -3.191577876172E-04   0.000000000000E+00   7.669356252205E-04  -6.711257195428E-04   0.000000000000E+00   0.000000000000E+00   0.000000000000E+00   0.000000000000E+00   0.000000000000E+00  -3.067631666799E-03   2.572798188170E-04   0.000000000000E+00  -5.908994861692E-04   4.554977516297E-04
   0.000000000000E+00   0.000000000000E+00   0.000000000000E+00   0.000000000000E+00   0.000000000000E+00   2.510973870658E-03  -2.407526277506E-04   0.000000000000E+00   5.804571135245E-04  -5.009473155419E-04   0.000000000000E+00   0.000000000000E+00   0.000000000000E+00   0.000000000000E+00   0.000000000000E+00  -2.354273780247E-03   1.834026974597E-04   0.000000000000E+00  -4.257073781820E-04   3.184830467764E-04
   0.000000000000E+00   0.000000000000E+00   0.000000000000E+00   0.000000000000E+00   0.000000000000E+00   1.990575540921E-03  -1.802018540526E-04   0.000000000000E+00   4.358281742651E-04  -3.712732711616E-04   0.000000000000E+00   0.000000000000E+00   0.000000000000E+00   0.000000000000E+00   0.000000000000E+00  -1.784818171336E-03   1.287181788561E-04   0.000000000000E+00  -3.010642246936E-04   2.188531443012E-04
   0.000000000000E+00   0.000000000000E+00   0.000000000000E+00   0.000000000000E+00   0.000000000000E+00   1.565003078429E-03  -1.337563982100E-04   0.000000000000E+00   3.243241040296E-04  -2.732191789091E-04   0.000000000000E+00   0.000000000000E+00   0.000000000000E+00   0.000000000000E+00   0.000000000000E+00  -1.334130736811E-03   8.873628288170E-05   0.000000000000E+00  -2.081955794706E-04   1.477578189018E-04
   0.000000000000E+00   0.000000000000E+00   0.000000000000E+00   0.000000000000E+00   0.000000000000E+00   1.220666616151E-03  -9.839696838397E-05   0.000000000000E+00   2.393104109694E-04  -1.998711494203E-04   0.000000000000E+00   0.000000000000E+00   0.000000000000E+00   0.000000000000E+00   0.000000000000E+00  -9.808374587090E-04   5.992455138984E-05   0.000000000000E+00  -1.400680560706E-04   9.819637551966E-05
   0.000000000000E+00   0.000000000000E+00   0.000000000000E+00   0.000000000000E+00   0.000000000000E+00   9.430843057943E-04  -7.169063341992E-05   0.000000000000E+00   1.748111529861E-04  -1.454275811619E-04   0.000000000000E+00   0.000000000000E+00   0.000000000000E+00   0.000000000000E+00   0.000000000000E+00  -7.068606349116E-04   3.951913734811E-05   0.000000000000E+00  -9.105227007041E-05   6.466015114675E-05
   0.000000000000E+00   0.000000000000E+00   0.000000000000E+00   0.000000000000E+00   0.000000000000E+00   7.214152272143E-04  -5.169510984518E-05   0.000000000000E+00   1.264312587549E-04  -1.054824470164E-04   0.000000000000E+00   0.000000000000E+00   0.000000000000E+00   0.000000000000E+00   0.000000000000E+00  -4.969981368196E-04   2.537090377834E-05   0.000000000000E+00  -5.665407699849E-05   4.284392326859E-05
   0.000000000000E+00   0.000000000000E+00   0.000000000000E+00   0.000000000000E+00   0.000000000000E+00   5.460454378303E-04  -3.686930440142E-05   0.000000000000E+00   9.058474666334E-05  -7.652812883705E-05   0.000000000000E+00   0.000000000000E+00   0.000000000000E+00   0.000000000000E+00   0.000000000000E+00  -3.385428300375E-04   1.582030232202E-05   0.000000000000E+00  -3.329909653379E-05   2.941179783091E-05
   0.000000000000E+00   0.000000000000E+00   0.000000000000E+00   0.000000000000E+00   0.000000000000E+00   4.082818440560E-04  -2.599349979475E-05   0.000000000000E+00   6.431093249219E-05  -5.577946511828E-05   0.000000000000E+00   0.000000000000E+00   0.000000000000E+00   0.000000000000E+00   0.000000000000E+00  -2.209399440566E-04   9.595914877559E-06   0.000000000000E+00  -1.815897350767E-05   2.180651627870E-05
   0.000000000000E+00   0.000000000000E+00   0.000000000000E+00   0.000000000000E+00   0.000000000000E+00   3.011240853792E-04  -1.811030628872E-05   0.000000000000E+00   4.534153087692E-05  -4.110657085719E-05   0.000000000000E+00   0.000000000000E+00   0.000000000000E+00   0.000000000000E+00   0.000000000000E+00  -1.354804203833E-04   5.732437518498E-06   0.000000000000E+00  -9.010515681330E-06   1.809367304981E-05
   0.000000000000E+00   0.000000000000E+00   0.000000000000E+00   0.000000000000E+00   0.000000000000E+00   2.187124429241E-04  -1.247385446359E-05   0.000000000000E+00   3.189268871652E-05  -3.086961624212E-05   0.000000000000E+00   0.000000000000E+00   0.000000000000E+00   0.000000000000E+00   0.000000000000E+00  -7.502827023258E-05   3.504614937096E-06   0.000000000000E+00  -4.120914196756E-06   1.683425277619E-05
   0.000000000000E+00   0.000000000000E+00   0.000000000000E+00   0.000000000000E+00   0.000000000000E+00   1.560494827316E-04  -8.506088401510E-06   0.000000000000E+00   2.254630361346E-05  -2.381097418599E-05   0.000000000000E+00   0.000000000000E+00   0.000000000000E+00   0.000000000000E+00   0.000000000000E+00  -3.377985734174E-05   2.374232754061E-06   0.000000000000E+00  -2.153824989741E-06   1.698033096305E-05
   0.000000000000E+00   0.000000000000E+00   0.000000000000E+00   0.000000000000E+00   0.000000000000E+00   1.090386451506E-04  -5.762984326253E-06   0.000000000000E+00   1.620811775485E-05  -1.898561331083E-05   0.000000000000E+00   0.000000000000E+00   0.000000000000E+00   0.000000000000E+00   0.000000000000E+00  -7.052875071558E-06   1.947771091974E-06   0.000000000000E+00  -2.092278524233E-06   1.778985450341E-05
   0.000000000000E+00   0.000000000000E+00   0.000000000000E+00   0.000000000000E+00   0.000000000000E+00   7.431095967442E-05  -3.906494368425E-06   0.000000000000E+00   1.203437586600E-05  -1.569051670878E-05   0.000000000000E+00   0.000000000000E+00   0.000000000000E+00   0.000000000000E+00   0.000000000000E+00   8.897337305336E-06   1.942735679751E-06   0.000000000000E+00  -3.175280710975E-06   1.875722364933E-05
   0.000000000000E+00   0.000000000000E+00   0.000000000000E+00   0.000000000000E+00   0.000000000000E+00   4.911677720057E-05  -2.681428909747E-06   0.000000000000E+00   9.381118395938E-06  -1.341154223188E-05   0.000000000000E+00   0.000000000000E+00   0.000000000000E+00   0.000000000000E+00   0.000000000000E+00   1.703656849107E-05   2.161027414745E-06   0.000000000000E+00  -4.845641401638E-06   1.955700705584E-05
   0.000000000000E+00   0.000000000000E+00   0.000000000000E+00   0.000000000000E+00   0.000000000000E+00   3.125412166987E-05  -1.897364992418E-06   0.000000000000E+00   7.766751186247E-06  -1.177974576310E-05   0.000000000000E+00   0.000000000000E+00   0.000000000000E+00   0.000000000000E+00   0.000000000000E+00   1.968804321085E-05   2.467999346988E-06   0.000000000000E+00  -6.707074163351E-06   1.999858992254E-05
   0.000000000000E+00   0.000000000000E+00   0.000000000000E+00   0.000000000000E+00   0.000000000000E+00   1.893203269915E-05  -1.413853671954E-06   0.000000000000E+00   6.829740291232E-06  -1.053759256267E-05   0.000000000000E+00   0.000000000000E+00   0.000000000000E+00   0.000000000000E+00   0.000000000000E+00   1.864866498242E-05   2.776090695507E-06   0.000000000000E+00  -8.488994942649E-06   1.998992131827E-05
   0.000000000000E+00   0.000000000000E+00   0.000000000000E+00   0.000000000000E+00   0.000000000000E+00   1.074709611873E-05  -1.128901611194E-06   0.000000000000E+00   6.309729754935E-06  -9.510712792716E-06   0.000000000000E+00   0.000000000000E+00   0.000000000000E+00   0.000000000000E+00   0.000000000000E+00   1.528750099076E-05   3.032128228521E-06   0.000000000000E+00  -1.001774005980E-05   1.950881868357E-05


Spline
12 0.0553585
112.9353346817185 2.801373701455403 -0.1119994835253462
0.035 0.0375    0.204206 -35.71077211012958 2016.504000000031 24177.93762071238
0.0375 0.04    0.12791 -25.17491577974109 2197.838532155373 -120889.6881035729
0.04 0.0425    0.07682029999999999 -16.45240477090621 1291.165871378576 -57585.58520643491
0.0425 0.045    0.0428593 -11.07630513663398 859.2739823303137 16659.22892930921
0.045 0.04533    0.0207993 -6.467574682557872 984.2181993001326 -2167173.572075024
0.04533 0.045334    0.0186943 -6.526006277016704 -1161.283637054166 353213222.4907721
0.045334 0.046259    0.0186682 -6.518342311433599 3077.275032831984 -1324559.571220061
0.046259 0.047184    0.0142234 -4.225362350069925 -598.3777773036936 561811.1110751317
0.047184 0.0493131    0.0102476 -3.890262342340788 960.6480559297889 -100763.5210502349
0.0493131 0.0503195    0.00534702 -1.169934109375229 317.0412179256228 -143026.9144497911
0.0503195 0.0513259    0.00434492 -0.9663840979460291 -114.7856421811885 10348.58893883691
0.0513259 0.0553585    0.00326664 -1.165980214261954 -83.5411824570522 -5782.515169399558 27636944.82683195 -3877959552.095367

This SPLINE is just a DUMMY-SPLINE!!!!!!!!!!!!!!!

