0.200000 56
   0.000000000000E+00 0.0 0.0 0.0 0.0 0.0 0.0 0.0 0.0 0.0 0.0 0.0 0.0 0.0 0.0 0.0 0.0 0.0 0.0 0.0
   0.000000000000E+00   0.000000000000E+00   0.000000000000E+00   0.000000000000E+00   0.000000000000E+00   0.000000000000E+00   0.000000000000E+00   0.000000000000E+00   0.000000000000E+00   0.000000000000E+00   0.000000000000E+00   0.000000000000E+00   0.000000000000E+00   0.000000000000E+00   0.000000000000E+00   0.000000000000E+00   0.000000000000E+00   0.000000000000E+00   0.000000000000E+00   0.000000000000E+00
   0.000000000000E+00   0.000000000000E+00   0.000000000000E+00   0.000000000000E+00   0.000000000000E+00  -8.037776086052E-01  -1.059461366296E+00   0.000000000000E+00  -2.521007259357E-01  -1.019279042932E+00   0.000000000000E+00   0.000000000000E+00   0.000000000000E+00   0.000000000000E+00   0.000000000000E+00   8.227672490093E-01   9.080555683750E-01   0.000000000000E+00  -1.034455594170E-01   9.140704378427E-01
   0.000000000000E+00   0.000000000000E+00   0.000000000000E+00   0.000000000000E+00   0.000000000000E+00  -4.963768869653E-01  -9.215570516052E-01   0.000000000000E+00  -9.918625586019E-02  -7.352845877046E-01   0.000000000000E+00   0.000000000000E+00   0.000000000000E+00   0.000000000000E+00   0.000000000000E+00   6.846054773992E-01   8.574965854430E-01   0.000000000000E+00  -1.715603146493E-01   8.644309633875E-01
   0.000000000000E+00   0.000000000000E+00   0.000000000000E+00   0.000000000000E+00   0.000000000000E+00  -2.356098620765E-01  -7.808286008068E-01   0.000000000000E+00   8.045524074244E-02  -6.323425699046E-01   0.000000000000E+00   0.000000000000E+00   0.000000000000E+00   0.000000000000E+00   0.000000000000E+00   5.240426904082E-01   7.944721255455E-01   0.000000000000E+00  -2.418440408932E-01   8.171953611002E-01
   0.000000000000E+00   0.000000000000E+00   0.000000000000E+00   0.000000000000E+00   0.000000000000E+00  -4.246756606946E-02  -6.509799835296E-01   0.000000000000E+00   2.282316710594E-01  -6.025087265519E-01   0.000000000000E+00   0.000000000000E+00   0.000000000000E+00   0.000000000000E+00   0.000000000000E+00   3.586552581501E-01   7.238033078704E-01   0.000000000000E+00  -3.056122137129E-01   7.714254257844E-01
   0.000000000000E+00   0.000000000000E+00   0.000000000000E+00   0.000000000000E+00   0.000000000000E+00   8.774176253772E-02  -5.375661417534E-01   0.000000000000E+00   3.275108427267E-01  -5.883075492854E-01   0.000000000000E+00   0.000000000000E+00   0.000000000000E+00   0.000000000000E+00   0.000000000000E+00   2.017225042433E-01   6.496778523601E-01   0.000000000000E+00  -3.566404120302E-01   7.246321717930E-01
   0.000000000000E+00   0.000000000000E+00   0.000000000000E+00   0.000000000000E+00   0.000000000000E+00   1.681619654851E-01  -4.416302693701E-01   0.000000000000E+00   3.816206929121E-01  -5.672792462963E-01   0.000000000000E+00   0.000000000000E+00   0.000000000000E+00   0.000000000000E+00   0.000000000000E+00   6.211082421817E-02   5.754683153558E-01   0.000000000000E+00  -3.917428593810E-01   6.751127912035E-01
   0.000000000000E+00   0.000000000000E+00   0.000000000000E+00   0.000000000000E+00   0.000000000000E+00   2.125738263049E-01  -3.619872758086E-01   0.000000000000E+00   4.006068827510E-01  -5.344637500538E-01   0.000000000000E+00   0.000000000000E+00   0.000000000000E+00   0.000000000000E+00   0.000000000000E+00  -5.515844228377E-02   5.037212683477E-01   0.000000000000E+00  -4.103303741731E-01   6.224278423748E-01
   0.000000000000E+00   0.000000000000E+00   0.000000000000E+00   0.000000000000E+00   0.000000000000E+00   2.327042458253E-01  -2.965423269820E-01   0.000000000000E+00   3.952193388624E-01  -4.919883510086E-01   0.000000000000E+00   0.000000000000E+00   0.000000000000E+00   0.000000000000E+00   0.000000000000E+00  -1.481189206407E-01   4.362321464651E-01   0.000000000000E+00  -4.136320490598E-01   5.671596208508E-01
   0.000000000000E+00   0.000000000000E+00   0.000000000000E+00   0.000000000000E+00   0.000000000000E+00   2.373046685830E-01  -2.430112186911E-01   0.000000000000E+00   3.744350316830E-01  -4.438601352197E-01   0.000000000000E+00   0.000000000000E+00   0.000000000000E+00   0.000000000000E+00   0.000000000000E+00  -2.170712292871E-01   3.741552260560E-01   0.000000000000E+00  -4.039431324476E-01   5.105043300326E-01
   0.000000000000E+00   0.000000000000E+00   0.000000000000E+00   0.000000000000E+00   0.000000000000E+00   2.323544215093E-01  -1.992735186288E-01   0.000000000000E+00   3.448745723402E-01  -3.937854995247E-01   0.000000000000E+00   0.000000000000E+00   0.000000000000E+00   0.000000000000E+00   0.000000000000E+00  -2.638795805819E-01   3.181217055508E-01   0.000000000000E+00  -3.840389343603E-01   4.539053140314E-01
   0.000000000000E+00   0.000000000000E+00   0.000000000000E+00   0.000000000000E+00   0.000000000000E+00   2.217243483609E-01  -1.635088190574E-01   0.000000000000E+00   3.110848376448E-01  -3.445301921188E-01   0.000000000000E+00   0.000000000000E+00   0.000000000000E+00   0.000000000000E+00   0.000000000000E+00  -2.913735325712E-01   2.683530310599E-01   0.000000000000E+00  -3.567682462864E-01   3.987834491121E-01
   0.000000000000E+00   0.000000000000E+00   0.000000000000E+00   0.000000000000E+00   0.000000000000E+00   2.078492188365E-01  -1.342171184047E-01   0.000000000000E+00   2.760517885296E-01  -2.979142209270E-01   0.000000000000E+00   0.000000000000E+00   0.000000000000E+00   0.000000000000E+00   0.000000000000E+00  -3.028582856557E-01   2.247637698442E-01   0.000000000000E+00  -3.247924458817E-01   3.463657869506E-01
   0.000000000000E+00   0.000000000000E+00   0.000000000000E+00   0.000000000000E+00   0.000000000000E+00   1.922548490735E-01  -1.101870610757E-01   0.000000000000E+00   2.416762035782E-01  -2.550057065919E-01   0.000000000000E+00   0.000000000000E+00   0.000000000000E+00   0.000000000000E+00   0.000000000000E+00  -3.017339182388E-01   1.870514796231E-01   0.000000000000E+00  -2.904317302646E-01   2.975964152731E-01
   0.000000000000E+00   0.000000000000E+00   0.000000000000E+00   0.000000000000E+00   0.000000000000E+00   1.759199208937E-01  -9.044730552538E-02   0.000000000000E+00   2.091331760751E-01  -2.163339229898E-01   0.000000000000E+00   0.000000000000E+00   0.000000000000E+00   0.000000000000E+00   0.000000000000E+00  -2.912208751664E-01   1.547724440808E-01   0.000000000000E+00  -2.555887097662E-01   2.531094354185E-01
   0.000000000000E+00   0.000000000000E+00   0.000000000000E+00   0.000000000000E+00   0.000000000000E+00   1.594998925280E-01  -7.421814523037E-02   0.000000000000E+00   1.791158767957E-01  -1.820624149223E-01   0.000000000000E+00   0.000000000000E+00   0.000000000000E+00   0.000000000000E+00   0.000000000000E+00  -2.741834695653E-01   1.274030424235E-01   0.000000000000E+00  -2.217281209414E-01   2.132444753148E-01
   0.000000000000E+00   0.000000000000E+00   0.000000000000E+00   0.000000000000E+00   0.000000000000E+00   1.434520175488E-01  -6.087026644147E-02   0.000000000000E+00   1.519910899883E-01  -1.521141603668E-01   0.000000000000E+00   0.000000000000E+00   0.000000000000E+00   0.000000000000E+00   0.000000000000E+00  -2.530372958073E-01   1.043872922064E-01   0.000000000000E+00  -1.898964803599E-01   1.780876661358E-01
   0.000000000000E+00   0.000000000000E+00   0.000000000000E+00   0.000000000000E+00   0.000000000000E+00   1.280995244794E-01  -4.989220854241E-02   0.000000000000E+00   1.278978462610E-01  -1.262586031143E-01   0.000000000000E+00   0.000000000000E+00   0.000000000000E+00   0.000000000000E+00   0.000000000000E+00  -2.297225324789E-01   8.517176962838E-02   0.000000000000E+00  -1.607681698208E-01   1.475244899409E-01
   0.000000000000E+00   0.000000000000E+00   0.000000000000E+00   0.000000000000E+00   0.000000000000E+00   1.136646403180E-01  -4.086563178304E-02   0.000000000000E+00   1.068137376937E-01  -1.041726470190E-01   0.000000000000E+00   0.000000000000E+00   0.000000000000E+00   0.000000000000E+00   0.000000000000E+00  -2.057240331456E-01   6.922959388605E-02   0.000000000000E+00  -1.347063453683E-01   1.212946613202E-01
   0.000000000000E+00   0.000000000000E+00   0.000000000000E+00   0.000000000000E+00   0.000000000000E+00   1.002884436826E-01  -3.344669965569E-02   0.000000000000E+00   8.860367010418E-02  -8.548427282700E-02   0.000000000000E+00   0.000000000000E+00   0.000000000000E+00   0.000000000000E+00   0.000000000000E+00  -1.821205475097E-01   5.607541539437E-02   0.000000000000E+00  -1.118291013381E-01   9.904270129701E-02
   0.000000000000E+00   0.000000000000E+00   0.000000000000E+00   0.000000000000E+00   0.000000000000E+00   8.804580244482E-02  -2.735193904382E-02   0.000000000000E+00   7.305807393992E-02  -6.980389298052E-02   0.000000000000E+00   0.000000000000E+00   0.000000000000E+00   0.000000000000E+00   0.000000000000E+00  -1.596484845381E-01   4.527338089649E-02   0.000000000000E+00  -9.207366136454E-02   8.036075587944E-02
   0.000000000000E+00   0.000000000000E+00   0.000000000000E+00   0.000000000000E+00   0.000000000000E+00   7.695846559884E-02  -2.234730100624E-02   0.000000000000E+00   5.992341481392E-02  -5.674646106610E-02   0.000000000000E+00   0.000000000000E+00   0.000000000000E+00   0.000000000000E+00   0.000000000000E+00  -1.387693540086E-01   3.643991033682E-02   0.000000000000E+00  -7.525378824796E-02   6.482236801809E-02
   0.000000000000E+00   0.000000000000E+00   0.000000000000E+00   0.000000000000E+00   0.000000000000E+00   6.700703144360E-02  -1.823951317287E-02   0.000000000000E+00   4.892615725590E-02  -4.594638856064E-02   0.000000000000E+00   0.000000000000E+00   0.000000000000E+00   0.000000000000E+00   0.000000000000E+00  -1.197336525511E-01   2.924287421637E-02   0.000000000000E+00  -6.110780448499E-02   5.200735191379E-02
   0.000000000000E+00   0.000000000000E+00   0.000000000000E+00   0.000000000000E+00   0.000000000000E+00   5.814181583547E-02  -1.486910380998E-02   0.000000000000E+00   3.979088691973E-02  -3.706686689951E-02   0.000000000000E+00   0.000000000000E+00   0.000000000000E+00   0.000000000000E+00   0.000000000000E+00  -1.026370428653E-01   2.339846539927E-02   0.000000000000E+00  -4.933638274168E-02   4.151875720404E-02
   0.000000000000E+00   0.000000000000E+00   0.000000000000E+00   0.000000000000E+00   0.000000000000E+00   5.029249938592E-02  -1.210467734213E-02   0.000000000000E+00   3.225329051926E-02  -2.980492966880E-02   0.000000000000E+00   0.000000000000E+00   0.000000000000E+00   0.000000000000E+00   0.000000000000E+00  -8.746702349257E-02   1.866676181273E-02   0.000000000000E+00  -3.963051794687E-02   3.299329742068E-02
   0.000000000000E+00   0.000000000000E+00   0.000000000000E+00   0.000000000000E+00   0.000000000000E+00   4.337646028695E-02  -9.838154497363E-03   0.000000000000E+00   2.606877166526E-02  -2.389337467782E-02   0.000000000000E+00   0.000000000000E+00   0.000000000000E+00   0.000000000000E+00   0.000000000000E+00  -7.413990013537E-02   1.484670595540E-02   0.000000000000E+00  -3.169085450325E-02   2.610669835458E-02
   0.000000000000E+00   0.000000000000E+00   0.000000000000E+00   0.000000000000E+00   0.000000000000E+00   3.730572284473E-02  -7.980776940721E-03   0.000000000000E+00   2.101750030876E-02  -1.910045993488E-02   0.000000000000E+00   0.000000000000E+00   0.000000000000E+00   0.000000000000E+00   0.000000000000E+00  -6.252885178187E-02   1.177099911985E-02   0.000000000000E+00  -2.523990122033E-02   2.057531944972E-02
   0.000000000000E+00   0.000000000000E+00   0.000000000000E+00   0.000000000000E+00   0.000000000000E+00   3.199245359318E-02  -6.459737311363E-03   0.000000000000E+00   1.690665120370E-02  -1.522808715635E-02   0.000000000000E+00   0.000000000000E+00   0.000000000000E+00   0.000000000000E+00   0.000000000000E+00  -5.248438162055E-02   9.301227556384E-03   0.000000000000E+00  -2.002873387023E-02   1.615520600054E-02
   0.000000000000E+00   0.000000000000E+00   0.000000000000E+00   0.000000000000E+00   0.000000000000E+00   2.735293433480E-02  -5.215336492007E-03   0.000000000000E+00   1.357050305711E-02  -1.210902155364E-02   0.000000000000E+00   0.000000000000E+00   0.000000000000E+00   0.000000000000E+00   0.000000000000E+00  -4.384860088465E-02   7.323402308032E-03   0.000000000000E+00  -1.583966702296E-02   1.263950326703E-02
   0.000000000000E+00   0.000000000000E+00   0.000000000000E+00   0.000000000000E+00   0.000000000000E+00   2.331002597057E-02  -4.198598654555E-03   0.000000000000E+00   1.086900654058E-02  -9.603570530657E-03   0.000000000000E+00   0.000000000000E+00   0.000000000000E+00   0.000000000000E+00   0.000000000000E+00  -3.646473967851E-02   5.743998176604E-03   0.000000000000E+00  -1.248616013118E-02   9.854943153756E-03
   0.000000000000E+00   0.000000000000E+00   0.000000000000E+00   0.000000000000E+00   0.000000000000E+00   1.979428412022E-02  -3.369290023660E-03   0.000000000000E+00   8.685373384342E-03  -7.596056147855E-03   0.000000000000E+00   0.000000000000E+00   0.000000000000E+00   0.000000000000E+00   0.000000000000E+00  -3.018310982933E-02   4.486512778349E-03   0.000000000000E+00  -9.810971022689E-03   7.657919666028E-03
   0.000000000000E+00   0.000000000000E+00   0.000000000000E+00   0.000000000000E+00   0.000000000000E+00   1.674403289009E-02  -2.694292808689E-03   0.000000000000E+00   6.923170811459E-03  -5.991339988069E-03   0.000000000000E+00   0.000000000000E+00   0.000000000000E+00   0.000000000000E+00   0.000000000000E+00  -2.486452919142E-02   3.488526440323E-03   0.000000000000E+00  -7.683323980885E-03   5.930508930934E-03
   0.000000000000E+00   0.000000000000E+00   0.000000000000E+00   0.000000000000E+00   0.000000000000E+00   1.410478172706E-02  -2.146286206666E-03   0.000000000000E+00   5.503311187358E-03  -4.711585115132E-03   0.000000000000E+00   0.000000000000E+00   0.000000000000E+00   0.000000000000E+00   0.000000000000E+00  -2.038199811361E-02   2.699221110729E-03   0.000000000000E+00  -5.995642342572E-03   4.576663865265E-03
   0.000000000000E+00   0.000000000000E+00   0.000000000000E+00   0.000000000000E+00   0.000000000000E+00   1.182844115859E-02  -1.702685201417E-03   0.000000000000E+00   4.361241798836E-03  -3.693382159470E-03   0.000000000000E+00   0.000000000000E+00   0.000000000000E+00   0.000000000000E+00   0.000000000000E+00  -1.662122139548E-02   2.077306015122E-03   0.000000000000E+00  -4.660216862801E-03   3.518719361382E-03
   0.000000000000E+00   0.000000000000E+00   0.000000000000E+00   0.000000000000E+00   0.000000000000E+00   9.872265799518E-03  -1.344789564216E-03   0.000000000000E+00   3.444355482353E-03  -2.885214824097E-03   0.000000000000E+00   0.000000000000E+00   0.000000000000E+00   0.000000000000E+00   0.000000000000E+00  -1.348040401553E-02   1.589295225747E-03   0.000000000000E+00  -3.606042351963E-03   2.694276192034E-03
   0.000000000000E+00   0.000000000000E+00   0.000000000000E+00   0.000000000000E+00   0.000000000000E+00   8.197915490241E-03  -1.057102625967E-03   0.000000000000E+00   2.709786641242E-03  -2.245316921101E-03   0.000000000000E+00   0.000000000000E+00   0.000000000000E+00   0.000000000000E+00   0.000000000000E+00  -1.086961860037E-02   1.208084488329E-03   0.000000000000E+00  -2.775952783296E-03   2.053485374180E-03
   0.000000000000E+00   0.000000000000E+00   0.000000000000E+00   0.000000000000E+00   0.000000000000E+00   6.771507466989E-03  -8.267819233826E-04   0.000000000000E+00   2.122842388638E-03  -1.740019838548E-03   0.000000000000E+00   0.000000000000E+00   0.000000000000E+00   0.000000000000E+00   0.000000000000E+00  -8.709944457245E-03   9.117793762326E-04   0.000000000000E+00  -2.124113424921E-03   1.556724510595E-03
   0.000000000000E+00   0.000000000000E+00   0.000000000000E+00   0.000000000000E+00   0.000000000000E+00   5.562559591392E-03  -6.431910224023E-04   0.000000000000E+00   1.655305861420E-03  -1.342169653988E-03   0.000000000000E+00   0.000000000000E+00   0.000000000000E+00   0.000000000000E+00   0.000000000000E+00  -6.932507090366E-03   6.827326604888E-04   0.000000000000E+00  -1.613881191274E-03   1.172639380510E-03
   0.000000000000E+00   0.000000000000E+00   0.000000000000E+00   0.000000000000E+00   0.000000000000E+00   4.542600078015E-03  -4.975318828206E-04   0.000000000000E+00   1.283923601355E-03  -1.029756949595E-03   0.000000000000E+00   0.000000000000E+00   0.000000000000E+00   0.000000000000E+00   0.000000000000E+00  -5.477497852610E-03   5.067547887673E-04   0.000000000000E+00  -1.216015328209E-03   8.765143148525E-04
   0.000000000000E+00   0.000000000000E+00   0.000000000000E+00   0.000000000000E+00   0.000000000000E+00   3.687008552436E-03  -3.825429189809E-04   0.000000000000E+00   9.900974414835E-04  -7.852654661058E-04   0.000000000000E+00   0.000000000000E+00   0.000000000000E+00   0.000000000000E+00   0.000000000000E+00  -4.293220419876E-03   3.724670373613E-04   0.000000000000E+00  -9.072045839340E-04   6.489309740233E-04
   0.000000000000E+00   0.000000000000E+00   0.000000000000E+00   0.000000000000E+00   0.000000000000E+00   2.974076574943E-03  -2.922539792071E-04   0.000000000000E+00   7.588139121809E-04  -5.947134248716E-04   0.000000000000E+00   0.000000000000E+00   0.000000000000E+00   0.000000000000E+00   0.000000000000E+00  -3.335189550556E-03   2.707719789297E-04   0.000000000000E+00  -6.688700210059E-04   4.746750242430E-04
   0.000000000000E+00   0.000000000000E+00   0.000000000000E+00   0.000000000000E+00   0.000000000000E+00   2.382386369594E-03  -2.217621733384E-04   0.000000000000E+00   5.773246208838E-04  -4.466381346775E-04   0.000000000000E+00   0.000000000000E+00   0.000000000000E+00   0.000000000000E+00   0.000000000000E+00  -2.565294465019E-03   1.944203017500E-04   0.000000000000E+00  -4.862014155649E-04   3.418524107847E-04
   0.000000000000E+00   0.000000000000E+00   0.000000000000E+00   0.000000000000E+00   0.000000000000E+00   1.895311142304E-03  -1.670603458120E-04   0.000000000000E+00   4.359398894794E-04  -3.322243811959E-04   0.000000000000E+00   0.000000000000E+00   0.000000000000E+00   0.000000000000E+00   0.000000000000E+00  -1.951031407520E-03   1.376567283288E-04   0.000000000000E+00  -3.473874478882E-04   2.411804162020E-04
   0.000000000000E+00   0.000000000000E+00   0.000000000000E+00   0.000000000000E+00   0.000000000000E+00   1.496141483051E-03  -1.248878921926E-04   0.000000000000E+00   3.262811438168E-04  -2.441867706049E-04   0.000000000000E+00   0.000000000000E+00   0.000000000000E+00   0.000000000000E+00   0.000000000000E+00  -1.464805569407E-03   9.593086897485E-05   0.000000000000E+00  -2.430039891326E-04   1.654227624132E-04
   0.000000000000E+00   0.000000000000E+00   0.000000000000E+00   0.000000000000E+00   0.000000000000E+00   1.171390882397E-03  -9.260098906498E-05   0.000000000000E+00   2.418734041217E-04  -1.768876579563E-04   0.000000000000E+00   0.000000000000E+00   0.000000000000E+00   0.000000000000E+00   0.000000000000E+00  -1.083300215931E-03   6.566138901936E-05   0.000000000000E+00  -1.655296509269E-04   1.089422055037E-04
   0.000000000000E+00   0.000000000000E+00   0.000000000000E+00   0.000000000000E+00   0.000000000000E+00   9.095736871873E-04  -6.807041079649E-05   0.000000000000E+00   1.775543886840E-04  -1.258875666900E-04   0.000000000000E+00   0.000000000000E+00   0.000000000000E+00   0.000000000000E+00   0.000000000000E+00  -7.869096948302E-04   4.404395042531E-05   0.000000000000E+00  -1.089627048082E-04   6.734809516632E-05
   0.000000000000E+00   0.000000000000E+00   0.000000000000E+00   0.000000000000E+00   0.000000000000E+00   6.998419578666E-04  -4.958646194419E-05   0.000000000000E+00   1.289466263372E-04  -8.756144486908E-05   0.000000000000E+00   0.000000000000E+00   0.000000000000E+00   0.000000000000E+00   0.000000000000E+00  -5.592324749348E-04   2.889508945211E-05   0.000000000000E+00  -6.851810138482E-05   3.722006416677E-05
   0.000000000000E+00   0.000000000000E+00   0.000000000000E+00   0.000000000000E+00   0.000000000000E+00   5.328876533605E-04  -3.578137365703E-05   0.000000000000E+00   9.254491087149E-05  -5.904907327314E-05   0.000000000000E+00   0.000000000000E+00   0.000000000000E+00   0.000000000000E+00   0.000000000000E+00  -3.866201534255E-04   1.852558116332E-05   0.000000000000E+00  -4.038742218122E-05   1.589229805975E-05
   0.000000000000E+00   0.000000000000E+00   0.000000000000E+00   0.000000000000E+00   0.000000000000E+00   4.012799534602E-04  -2.557193956230E-05   0.000000000000E+00   6.565923222142E-05  -3.815103867241E-05   0.000000000000E+00   0.000000000000E+00   0.000000000000E+00   0.000000000000E+00   0.000000000000E+00  -2.577783142443E-04   1.163797816036E-05   0.000000000000E+00  -2.154810531873E-05   1.285687537763E-06
   0.000000000000E+00   0.000000000000E+00   0.000000000000E+00   0.000000000000E+00   0.000000000000E+00   2.986194185531E-04  -1.810410798378E-05   0.000000000000E+00   4.612068363897E-05  -2.312296425329E-05   0.000000000000E+00   0.000000000000E+00   0.000000000000E+00   0.000000000000E+00   0.000000000000E+00  -1.634151357935E-04   7.243943203110E-06   0.000000000000E+00  -9.611201746888E-06  -8.222404355626E-06
   0.000000000000E+00   0.000000000000E+00   0.000000000000E+00   0.000000000000E+00   0.000000000000E+00   2.191723459909E-04  -1.270736530909E-05   0.000000000000E+00   3.213524992333E-05  -1.255856922169E-05   0.000000000000E+00   0.000000000000E+00   0.000000000000E+00   0.000000000000E+00   0.000000000000E+00  -9.593370153405E-05   4.597762441320E-06   0.000000000000E+00  -2.699288112580E-06  -1.389898998619E-05
   0.000000000000E+00   0.000000000000E+00   0.000000000000E+00   0.000000000000E+00   0.000000000000E+00   1.583649224527E-04  -8.859712659946E-06   0.000000000000E+00   2.233269126108E-05  -5.377610747040E-06   0.000000000000E+00   0.000000000000E+00   0.000000000000E+00   0.000000000000E+00   0.000000000000E+00  -4.916405256795E-05   3.143058900871E-06   0.000000000000E+00   6.519474708540E-07  -1.673346312809E-05
   0.000000000000E+00   0.000000000000E+00   0.000000000000E+00   0.000000000000E+00   0.000000000000E+00   1.124572803093E-04  -6.158334913253E-06   0.000000000000E+00   1.564833994295E-05  -7.398055757898E-07   0.000000000000E+00   0.000000000000E+00   0.000000000000E+00   0.000000000000E+00   0.000000000000E+00  -1.813113725818E-05   2.470249429707E-06   0.000000000000E+00   1.573445354880E-06  -1.749792670224E-05
   0.000000000000E+00   0.000000000000E+00   0.000000000000E+00   0.000000000000E+00   0.000000000000E+00   7.826201669658E-05  -4.294364790083E-06   0.000000000000E+00   1.123266485642E-05   2.019659182248E-06   0.000000000000E+00   0.000000000000E+00   0.000000000000E+00   0.000000000000E+00   0.000000000000E+00   1.145039704563E-06   2.282722154619E-06   0.000000000000E+00   9.276867379796E-07  -1.679388874307E-05
   0.000000000000E+00   0.000000000000E+00   0.000000000000E+00   0.000000000000E+00   0.000000000000E+00   5.321065781193E-05  -3.033246520760E-06   0.000000000000E+00   8.437268452273E-06   3.413609895798E-06   0.000000000000E+00   0.000000000000E+00   0.000000000000E+00   0.000000000000E+00   0.000000000000E+00   1.182058771852E-05   2.370071412932E-06   0.000000000000E+00  -6.382587546281E-07  -1.508847718903E-05
   0.000000000000E+00   0.000000000000E+00   0.000000000000E+00   0.000000000000E+00   0.000000000000E+00   3.521951436141E-05  -2.198698882475E-06   0.000000000000E+00   6.767119967657E-06   3.838318981175E-06   0.000000000000E+00   0.000000000000E+00   0.000000000000E+00   0.000000000000E+00   0.000000000000E+00   1.637353241974E-05   2.587025717589E-06   0.000000000000E+00  -2.649260188143E-06  -1.274261186474E-05


Spline
12 0.0553585
112.9353346817185 2.801373701455403 -0.1119994835253462
0.035 0.0375    0.204206 -35.71077211012958 2016.504000000031 24177.93762071238
0.0375 0.04    0.12791 -25.17491577974109 2197.838532155373 -120889.6881035729
0.04 0.0425    0.07682029999999999 -16.45240477090621 1291.165871378576 -57585.58520643491
0.0425 0.045    0.0428593 -11.07630513663398 859.2739823303137 16659.22892930921
0.045 0.04533    0.0207993 -6.467574682557872 984.2181993001326 -2167173.572075024
0.04533 0.045334    0.0186943 -6.526006277016704 -1161.283637054166 353213222.4907721
0.045334 0.046259    0.0186682 -6.518342311433599 3077.275032831984 -1324559.571220061
0.046259 0.047184    0.0142234 -4.225362350069925 -598.3777773036936 561811.1110751317
0.047184 0.0493131    0.0102476 -3.890262342340788 960.6480559297889 -100763.5210502349
0.0493131 0.0503195    0.00534702 -1.169934109375229 317.0412179256228 -143026.9144497911
0.0503195 0.0513259    0.00434492 -0.9663840979460291 -114.7856421811885 10348.58893883691
0.0513259 0.0553585    0.00326664 -1.165980214261954 -83.5411824570522 -5782.515169399558 27636944.82683195 -3877959552.095367

This SPLINE is just a DUMMY-SPLINE!!!!!!!!!!!!!!!

