0.200000 56
   0.000000000000E+00 0.0 0.0 0.0 0.0 0.0 0.0 0.0 0.0 0.0 0.0 0.0 0.0 0.0 0.0 0.0 0.0 0.0 0.0 0.0
   0.000000000000E+00   0.000000000000E+00   0.000000000000E+00   0.000000000000E+00   0.000000000000E+00   0.000000000000E+00   0.000000000000E+00   0.000000000000E+00   0.000000000000E+00   0.000000000000E+00   0.000000000000E+00   0.000000000000E+00   0.000000000000E+00   0.000000000000E+00   0.000000000000E+00   0.000000000000E+00   0.000000000000E+00   0.000000000000E+00   0.000000000000E+00   0.000000000000E+00
   0.000000000000E+00   0.000000000000E+00   0.000000000000E+00   0.000000000000E+00   0.000000000000E+00   0.000000000000E+00   0.000000000000E+00   0.000000000000E+00   2.855781803926E-01  -5.828733891158E-01   0.000000000000E+00   0.000000000000E+00   0.000000000000E+00   0.000000000000E+00   0.000000000000E+00   0.000000000000E+00   0.000000000000E+00   0.000000000000E+00  -2.350067845074E-01   9.012517784364E-01
   0.000000000000E+00   0.000000000000E+00   0.000000000000E+00   0.000000000000E+00   0.000000000000E+00   0.000000000000E+00   0.000000000000E+00   0.000000000000E+00   3.586741246612E-01  -6.242554232239E-01   0.000000000000E+00   0.000000000000E+00   0.000000000000E+00   0.000000000000E+00   0.000000000000E+00   0.000000000000E+00   0.000000000000E+00   0.000000000000E+00  -3.330268103789E-01   8.835712879640E-01
   0.000000000000E+00   0.000000000000E+00   0.000000000000E+00   0.000000000000E+00   0.000000000000E+00   0.000000000000E+00   0.000000000000E+00   0.000000000000E+00   3.939376216953E-01  -6.315636576739E-01   0.000000000000E+00   0.000000000000E+00   0.000000000000E+00   0.000000000000E+00   0.000000000000E+00   0.000000000000E+00   0.000000000000E+00   0.000000000000E+00  -4.125524096523E-01   8.554579183365E-01
   0.000000000000E+00   0.000000000000E+00   0.000000000000E+00   0.000000000000E+00   0.000000000000E+00   0.000000000000E+00   0.000000000000E+00   0.000000000000E+00   4.026754924697E-01  -6.126162099815E-01   0.000000000000E+00   0.000000000000E+00   0.000000000000E+00   0.000000000000E+00   0.000000000000E+00   0.000000000000E+00   0.000000000000E+00   0.000000000000E+00  -4.724866043704E-01   8.172893122657E-01
   0.000000000000E+00   0.000000000000E+00   0.000000000000E+00   0.000000000000E+00   0.000000000000E+00   0.000000000000E+00   0.000000000000E+00   0.000000000000E+00   3.944144877307E-01  -5.766630248305E-01   0.000000000000E+00   0.000000000000E+00   0.000000000000E+00   0.000000000000E+00   0.000000000000E+00   0.000000000000E+00   0.000000000000E+00   0.000000000000E+00  -5.133399502424E-01   7.705650409161E-01
   0.000000000000E+00   0.000000000000E+00   0.000000000000E+00   0.000000000000E+00   0.000000000000E+00   0.000000000000E+00   0.000000000000E+00   0.000000000000E+00   3.760640803349E-01  -5.312177848404E-01   0.000000000000E+00   0.000000000000E+00   0.000000000000E+00   0.000000000000E+00   0.000000000000E+00   0.000000000000E+00   0.000000000000E+00   0.000000000000E+00  -5.366381611721E-01   7.173482019138E-01
   0.000000000000E+00   0.000000000000E+00   0.000000000000E+00   0.000000000000E+00   0.000000000000E+00   0.000000000000E+00   0.000000000000E+00   0.000000000000E+00   3.522397550092E-01  -4.815998753155E-01   0.000000000000E+00   0.000000000000E+00   0.000000000000E+00   0.000000000000E+00   0.000000000000E+00   0.000000000000E+00   0.000000000000E+00   0.000000000000E+00  -5.444788664304E-01   6.598474096606E-01
   0.000000000000E+00   0.000000000000E+00   0.000000000000E+00   0.000000000000E+00   0.000000000000E+00   0.000000000000E+00   0.000000000000E+00   0.000000000000E+00   3.258574251576E-01  -4.312930472102E-01   0.000000000000E+00   0.000000000000E+00   0.000000000000E+00   0.000000000000E+00   0.000000000000E+00   0.000000000000E+00   0.000000000000E+00   0.000000000000E+00  -5.392200512171E-01   6.001537120147E-01
   0.000000000000E+00   0.000000000000E+00   0.000000000000E+00   0.000000000000E+00   0.000000000000E+00   0.000000000000E+00   0.000000000000E+00   0.000000000000E+00   2.986891389321E-01  -3.824523208775E-01   0.000000000000E+00   0.000000000000E+00   0.000000000000E+00   0.000000000000E+00   0.000000000000E+00   0.000000000000E+00   0.000000000000E+00   0.000000000000E+00  -5.232712740032E-01   5.400996968072E-01
   0.000000000000E+00   0.000000000000E+00   0.000000000000E+00   0.000000000000E+00   0.000000000000E+00   0.000000000000E+00   0.000000000000E+00   0.000000000000E+00   2.717845162442E-01  -3.363376840160E-01   0.000000000000E+00   0.000000000000E+00   0.000000000000E+00   0.000000000000E+00   0.000000000000E+00   0.000000000000E+00   0.000000000000E+00   0.000000000000E+00  -4.989594984040E-01   4.812010512992E-01
   0.000000000000E+00   0.000000000000E+00   0.000000000000E+00   0.000000000000E+00   0.000000000000E+00   0.000000000000E+00   0.000000000000E+00   0.000000000000E+00   2.457557972773E-01  -2.936291318213E-01   0.000000000000E+00   0.000000000000E+00   0.000000000000E+00   0.000000000000E+00   0.000000000000E+00   0.000000000000E+00   0.000000000000E+00   0.000000000000E+00  -4.684461556505E-01   4.246480260005E-01
   0.000000000000E+00   0.000000000000E+00   0.000000000000E+00   0.000000000000E+00   0.000000000000E+00   0.000000000000E+00   0.000000000000E+00   0.000000000000E+00   2.209567019827E-01  -2.546381101722E-01   0.000000000000E+00   0.000000000000E+00   0.000000000000E+00   0.000000000000E+00   0.000000000000E+00   0.000000000000E+00   0.000000000000E+00   0.000000000000E+00  -4.336781731864E-01   3.713243137263E-01
   0.000000000000E+00   0.000000000000E+00   0.000000000000E+00   0.000000000000E+00   0.000000000000E+00   0.000000000000E+00   0.000000000000E+00   0.000000000000E+00   1.975890018288E-01  -2.194438325747E-01   0.000000000000E+00   0.000000000000E+00   0.000000000000E+00   0.000000000000E+00   0.000000000000E+00   0.000000000000E+00   0.000000000000E+00   0.000000000000E+00  -3.963614936690E-01   3.218393827170E-01
   0.000000000000E+00   0.000000000000E+00   0.000000000000E+00   0.000000000000E+00   0.000000000000E+00   0.000000000000E+00   0.000000000000E+00   0.000000000000E+00   1.757636666253E-01  -1.879796434578E-01   0.000000000000E+00   0.000000000000E+00   0.000000000000E+00   0.000000000000E+00   0.000000000000E+00   0.000000000000E+00   0.000000000000E+00   0.000000000000E+00  -3.579500756476E-01   2.765662257772E-01
   0.000000000000E+00   0.000000000000E+00   0.000000000000E+00   0.000000000000E+00   0.000000000000E+00   0.000000000000E+00   0.000000000000E+00   0.000000000000E+00   1.555349065894E-01  -1.600877470079E-01   0.000000000000E+00   0.000000000000E+00   0.000000000000E+00   0.000000000000E+00   0.000000000000E+00   0.000000000000E+00   0.000000000000E+00   0.000000000000E+00  -3.196462492417E-01   2.356801199650E-01
   0.000000000000E+00   0.000000000000E+00   0.000000000000E+00   0.000000000000E+00   0.000000000000E+00   0.000000000000E+00   0.000000000000E+00   0.000000000000E+00   1.369187967657E-01  -1.355543491928E-01   0.000000000000E+00   0.000000000000E+00   0.000000000000E+00   0.000000000000E+00   0.000000000000E+00   0.000000000000E+00   0.000000000000E+00   0.000000000000E+00  -2.824098447164E-01   1.991960285512E-01
   0.000000000000E+00   0.000000000000E+00   0.000000000000E+00   0.000000000000E+00   0.000000000000E+00   0.000000000000E+00   0.000000000000E+00   0.000000000000E+00   1.199034927835E-01  -1.141328761020E-01   0.000000000000E+00   0.000000000000E+00   0.000000000000E+00   0.000000000000E+00   0.000000000000E+00   0.000000000000E+00   0.000000000000E+00   0.000000000000E+00  -2.469741698945E-01   1.670033561103E-01
   0.000000000000E+00   0.000000000000E+00   0.000000000000E+00   0.000000000000E+00   0.000000000000E+00   0.000000000000E+00   0.000000000000E+00   0.000000000000E+00   1.044551992052E-01  -9.555983826440E-02   0.000000000000E+00   0.000000000000E+00   0.000000000000E+00   0.000000000000E+00   0.000000000000E+00   0.000000000000E+00   0.000000000000E+00   0.000000000000E+00  -2.138671133441E-01   1.388973372680E-01
   0.000000000000E+00   0.000000000000E+00   0.000000000000E+00   0.000000000000E+00   0.000000000000E+00   0.000000000000E+00   0.000000000000E+00   0.000000000000E+00   9.052216275657E-02  -7.956608900400E-02   0.000000000000E+00   0.000000000000E+00   0.000000000000E+00   0.000000000000E+00   0.000000000000E+00   0.000000000000E+00   0.000000000000E+00   0.000000000000E+00  -1.834356997021E-01   1.146066668190E-01
   0.000000000000E+00   0.000000000000E+00   0.000000000000E+00   0.000000000000E+00   0.000000000000E+00   0.000000000000E+00   0.000000000000E+00   0.000000000000E+00   7.803787010562E-02  -6.588499600072E-02   0.000000000000E+00   0.000000000000E+00   0.000000000000E+00   0.000000000000E+00   0.000000000000E+00   0.000000000000E+00   0.000000000000E+00   0.000000000000E+00  -1.558724901544E-01   9.381720018744E-02
   0.000000000000E+00   0.000000000000E+00   0.000000000000E+00   0.000000000000E+00   0.000000000000E+00   0.000000000000E+00   0.000000000000E+00   0.000000000000E+00   6.692398134863E-02  -5.425844308569E-02   0.000000000000E+00   0.000000000000E+00   0.000000000000E+00   0.000000000000E+00   0.000000000000E+00   0.000000000000E+00   0.000000000000E+00   0.000000000000E+00  -1.312423683288E-01   7.619172658283E-02
   0.000000000000E+00   0.000000000000E+00   0.000000000000E+00   0.000000000000E+00   0.000000000000E+00   0.000000000000E+00   0.000000000000E+00   0.000000000000E+00   5.709315660367E-02  -4.444117899256E-02   0.000000000000E+00   0.000000000000E+00   0.000000000000E+00   0.000000000000E+00   0.000000000000E+00   0.000000000000E+00   0.000000000000E+00   0.000000000000E+00  -1.095084789874E-01   6.138596069879E-02
   0.000000000000E+00   0.000000000000E+00   0.000000000000E+00   0.000000000000E+00   0.000000000000E+00   0.000000000000E+00   0.000000000000E+00   0.000000000000E+00   4.845179166155E-02  -3.620384838482E-02   0.000000000000E+00   0.000000000000E+00   0.000000000000E+00   0.000000000000E+00   0.000000000000E+00   0.000000000000E+00   0.000000000000E+00   0.000000000000E+00  -9.055636400751E-02   4.906101405959E-02
   0.000000000000E+00   0.000000000000E+00   0.000000000000E+00   0.000000000000E+00   0.000000000000E+00   0.000000000000E+00   0.000000000000E+00   0.000000000000E+00   4.090261078951E-02  -2.933495121778E-02   0.000000000000E+00   0.000000000000E+00   0.000000000000E+00   0.000000000000E+00   0.000000000000E+00   0.000000000000E+00   0.000000000000E+00   0.000000000000E+00  -7.421563094119E-02   3.889269186017E-02
   0.000000000000E+00   0.000000000000E+00   0.000000000000E+00   0.000000000000E+00   0.000000000000E+00   0.000000000000E+00   0.000000000000E+00   0.000000000000E+00   3.434706742926E-02  -2.364192874101E-02   0.000000000000E+00   0.000000000000E+00   0.000000000000E+00   0.000000000000E+00   0.000000000000E+00   0.000000000000E+00   0.000000000000E+00   0.000000000000E+00  -6.027876341488E-02   3.057801448576E-02
   0.000000000000E+00   0.000000000000E+00   0.000000000000E+00   0.000000000000E+00   0.000000000000E+00   0.000000000000E+00   0.000000000000E+00   0.000000000000E+00   2.868751881704E-02  -1.895154722180E-02   0.000000000000E+00   0.000000000000E+00   0.000000000000E+00   0.000000000000E+00   0.000000000000E+00   0.000000000000E+00   0.000000000000E+00   0.000000000000E+00  -4.851691939954E-02   2.383938669084E-02
   0.000000000000E+00   0.000000000000E+00   0.000000000000E+00   0.000000000000E+00   0.000000000000E+00   0.000000000000E+00   0.000000000000E+00   0.000000000000E+00   2.382914771141E-02  -1.510972733561E-02   0.000000000000E+00   0.000000000000E+00   0.000000000000E+00   0.000000000000E+00   0.000000000000E+00   0.000000000000E+00   0.000000000000E+00   0.000000000000E+00  -3.869275269937E-02   1.842683583916E-02
   0.000000000000E+00   0.000000000000E+00   0.000000000000E+00   0.000000000000E+00   0.000000000000E+00   0.000000000000E+00   0.000000000000E+00   0.000000000000E+00   1.968158465164E-02  -1.198092484322E-02   0.000000000000E+00   0.000000000000E+00   0.000000000000E+00   0.000000000000E+00   0.000000000000E+00   0.000000000000E+00   0.000000000000E+00   0.000000000000E+00  -3.057043271738E-02   1.411871915694E-02
   0.000000000000E+00   0.000000000000E+00   0.000000000000E+00   0.000000000000E+00   0.000000000000E+00   0.000000000000E+00   0.000000000000E+00   0.000000000000E+00   1.616019101683E-02  -9.447173681134E-03   0.000000000000E+00   0.000000000000E+00   0.000000000000E+00   0.000000000000E+00   0.000000000000E+00   0.000000000000E+00   0.000000000000E+00   0.000000000000E+00  -2.392313097006E-02   1.072126447211E-02
   0.000000000000E+00   0.000000000000E+00   0.000000000000E+00   0.000000000000E+00   0.000000000000E+00   0.000000000000E+00   0.000000000000E+00   0.000000000000E+00   1.318692558446E-02  -7.406843874879E-03   0.000000000000E+00   0.000000000000E+00   0.000000000000E+00   0.000000000000E+00   0.000000000000E+00   0.000000000000E+00   0.000000000000E+00   0.000000000000E+00  -1.853829638545E-02   8.067264875782E-03
   0.000000000000E+00   0.000000000000E+00   0.000000000000E+00   0.000000000000E+00   0.000000000000E+00   0.000000000000E+00   0.000000000000E+00   0.000000000000E+00   1.069076685784E-02  -5.773193434023E-03   0.000000000000E+00   0.000000000000E+00   0.000000000000E+00   0.000000000000E+00   0.000000000000E+00   0.000000000000E+00   0.000000000000E+00   0.000000000000E+00  -1.422106288261E-02   6.014199808536E-03
   0.000000000000E+00   0.000000000000E+00   0.000000000000E+00   0.000000000000E+00   0.000000000000E+00   0.000000000000E+00   0.000000000000E+00   0.000000000000E+00   8.607754017683E-03  -4.472805525953E-03   0.000000000000E+00   0.000000000000E+00   0.000000000000E+00   0.000000000000E+00   0.000000000000E+00   0.000000000000E+00   0.000000000000E+00   0.000000000000E+00  -1.079612992649E-02   4.442006916485E-03
   0.000000000000E+00   0.000000000000E+00   0.000000000000E+00   0.000000000000E+00   0.000000000000E+00   0.000000000000E+00   0.000000000000E+00   0.000000000000E+00   6.880594851384E-03  -3.443947361641E-03   0.000000000000E+00   0.000000000000E+00   0.000000000000E+00   0.000000000000E+00   0.000000000000E+00   0.000000000000E+00   0.000000000000E+00   0.000000000000E+00  -8.108436844676E-03   3.250683302850E-03
   0.000000000000E+00   0.000000000000E+00   0.000000000000E+00   0.000000000000E+00   0.000000000000E+00   0.000000000000E+00   0.000000000000E+00   0.000000000000E+00   5.458465995855E-03  -2.635122072095E-03   0.000000000000E+00   0.000000000000E+00   0.000000000000E+00   0.000000000000E+00   0.000000000000E+00   0.000000000000E+00   0.000000000000E+00   0.000000000000E+00  -6.022920800832E-03   2.357853275617E-03
   0.000000000000E+00   0.000000000000E+00   0.000000000000E+00   0.000000000000E+00   0.000000000000E+00   0.000000000000E+00   0.000000000000E+00   0.000000000000E+00   4.295850395065E-03  -2.003381230879E-03   0.000000000000E+00   0.000000000000E+00   0.000000000000E+00   0.000000000000E+00   0.000000000000E+00   0.000000000000E+00   0.000000000000E+00   0.000000000000E+00  -4.423611391153E-03   1.696403350247E-03
   0.000000000000E+00   0.000000000000E+00   0.000000000000E+00   0.000000000000E+00   0.000000000000E+00   0.000000000000E+00   0.000000000000E+00   0.000000000000E+00   3.353513797091E-03  -1.513613533892E-03   0.000000000000E+00   0.000000000000E+00   0.000000000000E+00   0.000000000000E+00   0.000000000000E+00   0.000000000000E+00   0.000000000000E+00   0.000000000000E+00  -3.212275669175E-03   1.212254502127E-03
   0.000000000000E+00   0.000000000000E+00   0.000000000000E+00   0.000000000000E+00   0.000000000000E+00   0.000000000000E+00   0.000000000000E+00   0.000000000000E+00   2.594962670271E-03  -1.136233178069E-03   0.000000000000E+00   0.000000000000E+00   0.000000000000E+00   0.000000000000E+00   0.000000000000E+00   0.000000000000E+00   0.000000000000E+00   0.000000000000E+00  -2.306788782712E-03   8.623164303922E-04
   0.000000000000E+00   0.000000000000E+00   0.000000000000E+00   0.000000000000E+00   0.000000000000E+00   0.000000000000E+00   0.000000000000E+00   0.000000000000E+00   1.990342784839E-03  -8.478289680830E-04   0.000000000000E+00   0.000000000000E+00   0.000000000000E+00   0.000000000000E+00   0.000000000000E+00   0.000000000000E+00   0.000000000000E+00   0.000000000000E+00  -1.639369218661E-03   6.126485483325E-04
   0.000000000000E+00   0.000000000000E+00   0.000000000000E+00   0.000000000000E+00   0.000000000000E+00   0.000000000000E+00   0.000000000000E+00   0.000000000000E+00   1.512337828324E-03  -6.289029219086E-04   0.000000000000E+00   0.000000000000E+00   0.000000000000E+00   0.000000000000E+00   0.000000000000E+00   0.000000000000E+00   0.000000000000E+00   0.000000000000E+00  -1.154785076248E-03   4.368370276353E-04
   0.000000000000E+00   0.000000000000E+00   0.000000000000E+00   0.000000000000E+00   0.000000000000E+00   0.000000000000E+00   0.000000000000E+00   0.000000000000E+00   1.139419993188E-03  -4.644567369492E-04   0.000000000000E+00   0.000000000000E+00   0.000000000000E+00   0.000000000000E+00   0.000000000000E+00   0.000000000000E+00   0.000000000000E+00   0.000000000000E+00  -8.086094454671E-04   3.145858726820E-04
   0.000000000000E+00   0.000000000000E+00   0.000000000000E+00   0.000000000000E+00   0.000000000000E+00   0.000000000000E+00   0.000000000000E+00   0.000000000000E+00   8.490095416590E-04  -3.410399450324E-04   0.000000000000E+00   0.000000000000E+00   0.000000000000E+00   0.000000000000E+00   0.000000000000E+00   0.000000000000E+00   0.000000000000E+00   0.000000000000E+00  -5.655790554123E-04   2.305120385964E-04
   0.000000000000E+00   0.000000000000E+00   0.000000000000E+00   0.000000000000E+00   0.000000000000E+00   0.000000000000E+00   0.000000000000E+00   0.000000000000E+00   6.272128785245E-04  -2.497603683381E-04   0.000000000000E+00   0.000000000000E+00   0.000000000000E+00   0.000000000000E+00   0.000000000000E+00   0.000000000000E+00   0.000000000000E+00   0.000000000000E+00  -3.980907766940E-04   1.731294040400E-04
   0.000000000000E+00   0.000000000000E+00   0.000000000000E+00   0.000000000000E+00   0.000000000000E+00   0.000000000000E+00   0.000000000000E+00   0.000000000000E+00   4.584084021083E-04  -1.822884290451E-04   0.000000000000E+00   0.000000000000E+00   0.000000000000E+00   0.000000000000E+00   0.000000000000E+00   0.000000000000E+00   0.000000000000E+00   0.000000000000E+00  -2.848550133160E-04   1.340033876571E-04
   0.000000000000E+00   0.000000000000E+00   0.000000000000E+00   0.000000000000E+00   0.000000000000E+00   0.000000000000E+00   0.000000000000E+00   0.000000000000E+00   3.319149248104E-04  -1.328817654977E-04   0.000000000000E+00   0.000000000000E+00   0.000000000000E+00   0.000000000000E+00   0.000000000000E+00   0.000000000000E+00   0.000000000000E+00   0.000000000000E+00  -2.097130800935E-04   1.070566426144E-04
   0.000000000000E+00   0.000000000000E+00   0.000000000000E+00   0.000000000000E+00   0.000000000000E+00   0.000000000000E+00   0.000000000000E+00   0.000000000000E+00   2.381543261689E-04  -9.684383417011E-05   0.000000000000E+00   0.000000000000E+00   0.000000000000E+00   0.000000000000E+00   0.000000000000E+00   0.000000000000E+00   0.000000000000E+00   0.000000000000E+00  -1.606168498049E-04   8.800613781171E-05
   0.000000000000E+00   0.000000000000E+00   0.000000000000E+00   0.000000000000E+00   0.000000000000E+00   0.000000000000E+00   0.000000000000E+00   0.000000000000E+00   1.695119725664E-04  -7.063447798790E-05   0.000000000000E+00   0.000000000000E+00   0.000000000000E+00   0.000000000000E+00   0.000000000000E+00   0.000000000000E+00   0.000000000000E+00   0.000000000000E+00  -1.287627713657E-04   7.391267197924E-05
   0.000000000000E+00   0.000000000000E+00   0.000000000000E+00   0.000000000000E+00   0.000000000000E+00   0.000000000000E+00   0.000000000000E+00   0.000000000000E+00   1.199602765167E-04  -5.160288958802E-05   0.000000000000E+00   0.000000000000E+00   0.000000000000E+00   0.000000000000E+00   0.000000000000E+00   0.000000000000E+00   0.000000000000E+00   0.000000000000E+00  -1.078683247013E-04   6.282517364630E-05
   0.000000000000E+00   0.000000000000E+00   0.000000000000E+00   0.000000000000E+00   0.000000000000E+00   0.000000000000E+00   0.000000000000E+00   0.000000000000E+00   8.457755486166E-05  -3.772346512125E-05   0.000000000000E+00   0.000000000000E+00   0.000000000000E+00   0.000000000000E+00   0.000000000000E+00   0.000000000000E+00   0.000000000000E+00   0.000000000000E+00  -9.357664429171E-05   5.350378444083E-05
   0.000000000000E+00   0.000000000000E+00   0.000000000000E+00   0.000000000000E+00   0.000000000000E+00   0.000000000000E+00   0.000000000000E+00   0.000000000000E+00   5.969333430163E-05  -2.755498407189E-05   0.000000000000E+00   0.000000000000E+00   0.000000000000E+00   0.000000000000E+00   0.000000000000E+00   0.000000000000E+00   0.000000000000E+00   0.000000000000E+00  -8.297401586297E-05   4.520752983974E-05
   0.000000000000E+00   0.000000000000E+00   0.000000000000E+00   0.000000000000E+00   0.000000000000E+00   0.000000000000E+00   0.000000000000E+00   0.000000000000E+00   4.240628305990E-05  -2.002717923624E-05   0.000000000000E+00   0.000000000000E+00   0.000000000000E+00   0.000000000000E+00   0.000000000000E+00   0.000000000000E+00   0.000000000000E+00   0.000000000000E+00  -7.420488832031E-05   3.753422139412E-05
   0.000000000000E+00   0.000000000000E+00   0.000000000000E+00   0.000000000000E+00   0.000000000000E+00   0.000000000000E+00   0.000000000000E+00   0.000000000000E+00   3.051981974430E-05  -1.437388514310E-05   0.000000000000E+00   0.000000000000E+00   0.000000000000E+00   0.000000000000E+00   0.000000000000E+00   0.000000000000E+00   0.000000000000E+00   0.000000000000E+00  -6.616966044085E-05   3.030201714094E-05
   0.000000000000E+00   0.000000000000E+00   0.000000000000E+00   0.000000000000E+00   0.000000000000E+00   0.000000000000E+00   0.000000000000E+00   0.000000000000E+00   2.240493667870E-05  -1.005635372458E-05   0.000000000000E+00   0.000000000000E+00   0.000000000000E+00   0.000000000000E+00   0.000000000000E+00   0.000000000000E+00   0.000000000000E+00   0.000000000000E+00  -5.829156743399E-05   2.346373298905E-05
   0.000000000000E+00   0.000000000000E+00   0.000000000000E+00   0.000000000000E+00   0.000000000000E+00   0.000000000000E+00   0.000000000000E+00   0.000000000000E+00   1.685560061904E-05  -6.696397285864E-06   0.000000000000E+00   0.000000000000E+00   0.000000000000E+00   0.000000000000E+00   0.000000000000E+00   0.000000000000E+00   0.000000000000E+00   0.000000000000E+00  -5.034032287172E-05   1.704651149092E-05
   0.000000000000E+00   0.000000000000E+00   0.000000000000E+00   0.000000000000E+00   0.000000000000E+00   0.000000000000E+00   0.000000000000E+00   0.000000000000E+00   1.300646399948E-05  -4.035062029512E-06   0.000000000000E+00   0.000000000000E+00   0.000000000000E+00   0.000000000000E+00   0.000000000000E+00   0.000000000000E+00   0.000000000000E+00   0.000000000000E+00  -4.230162693719E-05   1.111079821340E-05
   0.000000000000E+00   0.000000000000E+00   0.000000000000E+00   0.000000000000E+00   0.000000000000E+00   0.000000000000E+00   0.000000000000E+00   0.000000000000E+00   1.025961981442E-05  -1.899497731091E-06   0.000000000000E+00   0.000000000000E+00   0.000000000000E+00   0.000000000000E+00   0.000000000000E+00   0.000000000000E+00   0.000000000000E+00   0.000000000000E+00  -3.428312913194E-05   5.723745463148E-06


Spline
12 0.0553585
112.9353346817185 2.801373701455403 -0.1119994835253462
0.035 0.0375    0.204206 -35.71077211012958 2016.504000000031 24177.93762071238
0.0375 0.04    0.12791 -25.17491577974109 2197.838532155373 -120889.6881035729
0.04 0.0425    0.07682029999999999 -16.45240477090621 1291.165871378576 -57585.58520643491
0.0425 0.045    0.0428593 -11.07630513663398 859.2739823303137 16659.22892930921
0.045 0.04533    0.0207993 -6.467574682557872 984.2181993001326 -2167173.572075024
0.04533 0.045334    0.0186943 -6.526006277016704 -1161.283637054166 353213222.4907721
0.045334 0.046259    0.0186682 -6.518342311433599 3077.275032831984 -1324559.571220061
0.046259 0.047184    0.0142234 -4.225362350069925 -598.3777773036936 561811.1110751317
0.047184 0.0493131    0.0102476 -3.890262342340788 960.6480559297889 -100763.5210502349
0.0493131 0.0503195    0.00534702 -1.169934109375229 317.0412179256228 -143026.9144497911
0.0503195 0.0513259    0.00434492 -0.9663840979460291 -114.7856421811885 10348.58893883691
0.0513259 0.0553585    0.00326664 -1.165980214261954 -83.5411824570522 -5782.515169399558 27636944.82683195 -3877959552.095367

This SPLINE is just a DUMMY-SPLINE!!!!!!!!!!!!!!!

