0.200000 61
   0.000000000000E+00 0.0 0.0 0.0 0.0 0.0 0.0 0.0 0.0 0.0 0.0 0.0 0.0 0.0 0.0 0.0 0.0 0.0 0.0 0.0
   0.000000000000E+00   0.000000000000E+00   0.000000000000E+00   0.000000000000E+00   0.000000000000E+00   0.000000000000E+00   0.000000000000E+00   0.000000000000E+00   0.000000000000E+00   0.000000000000E+00   0.000000000000E+00   0.000000000000E+00   0.000000000000E+00   0.000000000000E+00   0.000000000000E+00   0.000000000000E+00   0.000000000000E+00   0.000000000000E+00   0.000000000000E+00   0.000000000000E+00
   0.000000000000E+00   0.000000000000E+00   0.000000000000E+00   0.000000000000E+00   0.000000000000E+00   0.000000000000E+00   0.000000000000E+00   0.000000000000E+00   0.000000000000E+00  -6.216391906788E-01   0.000000000000E+00   0.000000000000E+00   0.000000000000E+00   0.000000000000E+00   0.000000000000E+00   0.000000000000E+00   0.000000000000E+00   0.000000000000E+00   0.000000000000E+00   9.745613625784E-01
   0.000000000000E+00   0.000000000000E+00   0.000000000000E+00   0.000000000000E+00   0.000000000000E+00   0.000000000000E+00   0.000000000000E+00   0.000000000000E+00   0.000000000000E+00  -5.806833451387E-01   0.000000000000E+00   0.000000000000E+00   0.000000000000E+00   0.000000000000E+00   0.000000000000E+00   0.000000000000E+00   0.000000000000E+00   0.000000000000E+00   0.000000000000E+00   9.447386587056E-01
   0.000000000000E+00   0.000000000000E+00   0.000000000000E+00   0.000000000000E+00   0.000000000000E+00   0.000000000000E+00   0.000000000000E+00   0.000000000000E+00   0.000000000000E+00  -5.355374946128E-01   0.000000000000E+00   0.000000000000E+00   0.000000000000E+00   0.000000000000E+00   0.000000000000E+00   0.000000000000E+00   0.000000000000E+00   0.000000000000E+00   0.000000000000E+00   9.059422579080E-01
   0.000000000000E+00   0.000000000000E+00   0.000000000000E+00   0.000000000000E+00   0.000000000000E+00   0.000000000000E+00   0.000000000000E+00   0.000000000000E+00   0.000000000000E+00  -4.894763951461E-01   0.000000000000E+00   0.000000000000E+00   0.000000000000E+00   0.000000000000E+00   0.000000000000E+00   0.000000000000E+00   0.000000000000E+00   0.000000000000E+00   0.000000000000E+00   8.602008114384E-01
   0.000000000000E+00   0.000000000000E+00   0.000000000000E+00   0.000000000000E+00   0.000000000000E+00   0.000000000000E+00   0.000000000000E+00   0.000000000000E+00   0.000000000000E+00  -4.444118401876E-01   0.000000000000E+00   0.000000000000E+00   0.000000000000E+00   0.000000000000E+00   0.000000000000E+00   0.000000000000E+00   0.000000000000E+00   0.000000000000E+00   0.000000000000E+00   8.094615718647E-01
   0.000000000000E+00   0.000000000000E+00   0.000000000000E+00   0.000000000000E+00   0.000000000000E+00   0.000000000000E+00   0.000000000000E+00   0.000000000000E+00   0.000000000000E+00  -4.014100303261E-01   0.000000000000E+00   0.000000000000E+00   0.000000000000E+00   0.000000000000E+00   0.000000000000E+00   0.000000000000E+00   0.000000000000E+00   0.000000000000E+00   0.000000000000E+00   7.554886462489E-01
   0.000000000000E+00   0.000000000000E+00   0.000000000000E+00   0.000000000000E+00   0.000000000000E+00   0.000000000000E+00   0.000000000000E+00   0.000000000000E+00   0.000000000000E+00  -3.610231386437E-01   0.000000000000E+00   0.000000000000E+00   0.000000000000E+00   0.000000000000E+00   0.000000000000E+00   0.000000000000E+00   0.000000000000E+00   0.000000000000E+00   0.000000000000E+00   6.998158188863E-01
   0.000000000000E+00   0.000000000000E+00   0.000000000000E+00   0.000000000000E+00   0.000000000000E+00   0.000000000000E+00   0.000000000000E+00   0.000000000000E+00   0.000000000000E+00  -3.234959449472E-01   0.000000000000E+00   0.000000000000E+00   0.000000000000E+00   0.000000000000E+00   0.000000000000E+00   0.000000000000E+00   0.000000000000E+00   0.000000000000E+00   0.000000000000E+00   6.437336872658E-01
   0.000000000000E+00   0.000000000000E+00   0.000000000000E+00   0.000000000000E+00   0.000000000000E+00   0.000000000000E+00   0.000000000000E+00   0.000000000000E+00   0.000000000000E+00  -2.888920998773E-01   0.000000000000E+00   0.000000000000E+00   0.000000000000E+00   0.000000000000E+00   0.000000000000E+00   0.000000000000E+00   0.000000000000E+00   0.000000000000E+00   0.000000000000E+00   5.882971819750E-01
   0.000000000000E+00   0.000000000000E+00   0.000000000000E+00   0.000000000000E+00   0.000000000000E+00   0.000000000000E+00   0.000000000000E+00   0.000000000000E+00   0.000000000000E+00  -2.571701705422E-01   0.000000000000E+00   0.000000000000E+00   0.000000000000E+00   0.000000000000E+00   0.000000000000E+00   0.000000000000E+00   0.000000000000E+00   0.000000000000E+00   0.000000000000E+00   5.343441690493E-01
   0.000000000000E+00   0.000000000000E+00   0.000000000000E+00   0.000000000000E+00   0.000000000000E+00   0.000000000000E+00   0.000000000000E+00   0.000000000000E+00   0.000000000000E+00  -2.282289720065E-01   0.000000000000E+00   0.000000000000E+00   0.000000000000E+00   0.000000000000E+00   0.000000000000E+00   0.000000000000E+00   0.000000000000E+00   0.000000000000E+00   0.000000000000E+00   4.825191581095E-01
   0.000000000000E+00   0.000000000000E+00   0.000000000000E+00   0.000000000000E+00   0.000000000000E+00   0.000000000000E+00   0.000000000000E+00   0.000000000000E+00   0.000000000000E+00  -2.019343530570E-01   0.000000000000E+00   0.000000000000E+00   0.000000000000E+00   0.000000000000E+00   0.000000000000E+00   0.000000000000E+00   0.000000000000E+00   0.000000000000E+00   0.000000000000E+00   4.332984606815E-01
   0.000000000000E+00   0.000000000000E+00   0.000000000000E+00   0.000000000000E+00   0.000000000000E+00   0.000000000000E+00   0.000000000000E+00   0.000000000000E+00   0.000000000000E+00  -1.781349922563E-01   0.000000000000E+00   0.000000000000E+00   0.000000000000E+00   0.000000000000E+00   0.000000000000E+00   0.000000000000E+00   0.000000000000E+00   0.000000000000E+00   0.000000000000E+00   3.870147060250E-01
   0.000000000000E+00   0.000000000000E+00   0.000000000000E+00   0.000000000000E+00   0.000000000000E+00   0.000000000000E+00   0.000000000000E+00   0.000000000000E+00   0.000000000000E+00  -1.566717145489E-01   0.000000000000E+00   0.000000000000E+00   0.000000000000E+00   0.000000000000E+00   0.000000000000E+00   0.000000000000E+00   0.000000000000E+00   0.000000000000E+00   0.000000000000E+00   3.438796302259E-01
   0.000000000000E+00   0.000000000000E+00   0.000000000000E+00   0.000000000000E+00   0.000000000000E+00   0.000000000000E+00   0.000000000000E+00   0.000000000000E+00   0.000000000000E+00  -1.373830562463E-01   0.000000000000E+00   0.000000000000E+00   0.000000000000E+00   0.000000000000E+00   0.000000000000E+00   0.000000000000E+00   0.000000000000E+00   0.000000000000E+00   0.000000000000E+00   3.040046724677E-01
   0.000000000000E+00   0.000000000000E+00   0.000000000000E+00   0.000000000000E+00   0.000000000000E+00   0.000000000000E+00   0.000000000000E+00   0.000000000000E+00   0.000000000000E+00  -1.201086839479E-01   0.000000000000E+00   0.000000000000E+00   0.000000000000E+00   0.000000000000E+00   0.000000000000E+00   0.000000000000E+00   0.000000000000E+00   0.000000000000E+00   0.000000000000E+00   2.674192675160E-01
   0.000000000000E+00   0.000000000000E+00   0.000000000000E+00   0.000000000000E+00   0.000000000000E+00   0.000000000000E+00   0.000000000000E+00   0.000000000000E+00   0.000000000000E+00  -1.046915660117E-01   0.000000000000E+00   0.000000000000E+00   0.000000000000E+00   0.000000000000E+00   0.000000000000E+00   0.000000000000E+00   0.000000000000E+00   0.000000000000E+00   0.000000000000E+00   2.340869097614E-01
   0.000000000000E+00   0.000000000000E+00   0.000000000000E+00   0.000000000000E+00   0.000000000000E+00   0.000000000000E+00   0.000000000000E+00   0.000000000000E+00   0.000000000000E+00  -9.097941984948E-02   0.000000000000E+00   0.000000000000E+00   0.000000000000E+00   0.000000000000E+00   0.000000000000E+00   0.000000000000E+00   0.000000000000E+00   0.000000000000E+00   0.000000000000E+00   2.039191482966E-01
   0.000000000000E+00   0.000000000000E+00   0.000000000000E+00   0.000000000000E+00   0.000000000000E+00   0.000000000000E+00   0.000000000000E+00   0.000000000000E+00   0.000000000000E+00  -7.882574340457E-02   0.000000000000E+00   0.000000000000E+00   0.000000000000E+00   0.000000000000E+00   0.000000000000E+00   0.000000000000E+00   0.000000000000E+00   0.000000000000E+00   0.000000000000E+00   1.767876992779E-01
   0.000000000000E+00   0.000000000000E+00   0.000000000000E+00   0.000000000000E+00   0.000000000000E+00   0.000000000000E+00   0.000000000000E+00   0.000000000000E+00   0.000000000000E+00  -6.809056120261E-02   0.000000000000E+00   0.000000000000E+00   0.000000000000E+00   0.000000000000E+00   0.000000000000E+00   0.000000000000E+00   0.000000000000E+00   0.000000000000E+00   0.000000000000E+00   1.525348597547E-01
   0.000000000000E+00   0.000000000000E+00   0.000000000000E+00   0.000000000000E+00   0.000000000000E+00   0.000000000000E+00   0.000000000000E+00   0.000000000000E+00   0.000000000000E+00  -5.864098285096E-02   0.000000000000E+00   0.000000000000E+00   0.000000000000E+00   0.000000000000E+00   0.000000000000E+00   0.000000000000E+00   0.000000000000E+00   0.000000000000E+00   0.000000000000E+00   1.309823932057E-01
   0.000000000000E+00   0.000000000000E+00   0.000000000000E+00   0.000000000000E+00   0.000000000000E+00   0.000000000000E+00   0.000000000000E+00   0.000000000000E+00   0.000000000000E+00  -5.035160322007E-02   0.000000000000E+00   0.000000000000E+00   0.000000000000E+00   0.000000000000E+00   0.000000000000E+00   0.000000000000E+00   0.000000000000E+00   0.000000000000E+00   0.000000000000E+00   1.119390403943E-01
   0.000000000000E+00   0.000000000000E+00   0.000000000000E+00   0.000000000000E+00   0.000000000000E+00   0.000000000000E+00   0.000000000000E+00   0.000000000000E+00   0.000000000000E+00  -4.310479225083E-02   0.000000000000E+00   0.000000000000E+00   0.000000000000E+00   0.000000000000E+00   0.000000000000E+00   0.000000000000E+00   0.000000000000E+00   0.000000000000E+00   0.000000000000E+00   9.520679412393E-02
   0.000000000000E+00   0.000000000000E+00   0.000000000000E+00   0.000000000000E+00   0.000000000000E+00   0.000000000000E+00   0.000000000000E+00   0.000000000000E+00   0.000000000000E+00  -3.679085022756E-02   0.000000000000E+00   0.000000000000E+00   0.000000000000E+00   0.000000000000E+00   0.000000000000E+00   0.000000000000E+00   0.000000000000E+00   0.000000000000E+00   0.000000000000E+00   8.058606445597E-02
   0.000000000000E+00   0.000000000000E+00   0.000000000000E+00   0.000000000000E+00   0.000000000000E+00   0.000000000000E+00   0.000000000000E+00   0.000000000000E+00   0.000000000000E+00  -3.130807994023E-02   0.000000000000E+00   0.000000000000E+00   0.000000000000E+00   0.000000000000E+00   0.000000000000E+00   0.000000000000E+00   0.000000000000E+00   0.000000000000E+00   0.000000000000E+00   6.787985184404E-02
   0.000000000000E+00   0.000000000000E+00   0.000000000000E+00   0.000000000000E+00   0.000000000000E+00   0.000000000000E+00   0.000000000000E+00   0.000000000000E+00   0.000000000000E+00  -2.656275407021E-02   0.000000000000E+00   0.000000000000E+00   0.000000000000E+00   0.000000000000E+00   0.000000000000E+00   0.000000000000E+00   0.000000000000E+00   0.000000000000E+00   0.000000000000E+00   5.689703868558E-02
   0.000000000000E+00   0.000000000000E+00   0.000000000000E+00   0.000000000000E+00   0.000000000000E+00   0.000000000000E+00   0.000000000000E+00   0.000000000000E+00   0.000000000000E+00  -2.246900815907E-02   0.000000000000E+00   0.000000000000E+00   0.000000000000E+00   0.000000000000E+00   0.000000000000E+00   0.000000000000E+00   0.000000000000E+00   0.000000000000E+00   0.000000000000E+00   4.745490410967E-02
   0.000000000000E+00   0.000000000000E+00   0.000000000000E+00   0.000000000000E+00   0.000000000000E+00   0.000000000000E+00   0.000000000000E+00   0.000000000000E+00   0.000000000000E+00  -1.894864317122E-02   0.000000000000E+00   0.000000000000E+00   0.000000000000E+00   0.000000000000E+00   0.000000000000E+00   0.000000000000E+00   0.000000000000E+00   0.000000000000E+00   0.000000000000E+00   3.938096161746E-02
   0.000000000000E+00   0.000000000000E+00   0.000000000000E+00   0.000000000000E+00   0.000000000000E+00   0.000000000000E+00   0.000000000000E+00   0.000000000000E+00   0.000000000000E+00  -1.593087919627E-02   0.000000000000E+00   0.000000000000E+00   0.000000000000E+00   0.000000000000E+00   0.000000000000E+00   0.000000000000E+00   0.000000000000E+00   0.000000000000E+00   0.000000000000E+00   3.251421390722E-02
   0.000000000000E+00   0.000000000000E+00   0.000000000000E+00   0.000000000000E+00   0.000000000000E+00   0.000000000000E+00   0.000000000000E+00   0.000000000000E+00   0.000000000000E+00  -1.335201863292E-02   0.000000000000E+00   0.000000000000E+00   0.000000000000E+00   0.000000000000E+00   0.000000000000E+00   0.000000000000E+00   0.000000000000E+00   0.000000000000E+00   0.000000000000E+00   2.670591351485E-02
   0.000000000000E+00   0.000000000000E+00   0.000000000000E+00   0.000000000000E+00   0.000000000000E+00   0.000000000000E+00   0.000000000000E+00   0.000000000000E+00   0.000000000000E+00  -1.115506977958E-02   0.000000000000E+00   0.000000000000E+00   0.000000000000E+00   0.000000000000E+00   0.000000000000E+00   0.000000000000E+00   0.000000000000E+00   0.000000000000E+00   0.000000000000E+00   2.181991164890E-02
   0.000000000000E+00   0.000000000000E+00   0.000000000000E+00   0.000000000000E+00   0.000000000000E+00   0.000000000000E+00   0.000000000000E+00   0.000000000000E+00   0.000000000000E+00  -9.289316748473E-03   0.000000000000E+00   0.000000000000E+00   0.000000000000E+00   0.000000000000E+00   0.000000000000E+00   0.000000000000E+00   0.000000000000E+00   0.000000000000E+00   0.000000000000E+00   1.773267081767E-02
   0.000000000000E+00   0.000000000000E+00   0.000000000000E+00   0.000000000000E+00   0.000000000000E+00   0.000000000000E+00   0.000000000000E+00   0.000000000000E+00   0.000000000000E+00  -7.709850716033E-03   0.000000000000E+00   0.000000000000E+00   0.000000000000E+00   0.000000000000E+00   0.000000000000E+00   0.000000000000E+00   0.000000000000E+00   0.000000000000E+00   0.000000000000E+00   1.433300965254E-02
   0.000000000000E+00   0.000000000000E+00   0.000000000000E+00   0.000000000000E+00   0.000000000000E+00   0.000000000000E+00   0.000000000000E+00   0.000000000000E+00   0.000000000000E+00  -6.377084132923E-03   0.000000000000E+00   0.000000000000E+00   0.000000000000E+00   0.000000000000E+00   0.000000000000E+00   0.000000000000E+00   0.000000000000E+00   0.000000000000E+00   0.000000000000E+00   1.152164090075E-02
   0.000000000000E+00   0.000000000000E+00   0.000000000000E+00   0.000000000000E+00   0.000000000000E+00   0.000000000000E+00   0.000000000000E+00   0.000000000000E+00   0.000000000000E+00  -5.256249168181E-03   0.000000000000E+00   0.000000000000E+00   0.000000000000E+00   0.000000000000E+00   0.000000000000E+00   0.000000000000E+00   0.000000000000E+00   0.000000000000E+00   0.000000000000E+00   9.210556084564E-03
   0.000000000000E+00   0.000000000000E+00   0.000000000000E+00   0.000000000000E+00   0.000000000000E+00   0.000000000000E+00   0.000000000000E+00   0.000000000000E+00   0.000000000000E+00  -4.316933284407E-03   0.000000000000E+00   0.000000000000E+00   0.000000000000E+00   0.000000000000E+00   0.000000000000E+00   0.000000000000E+00   0.000000000000E+00   0.000000000000E+00   0.000000000000E+00   7.322302988537E-03
   0.000000000000E+00   0.000000000000E+00   0.000000000000E+00   0.000000000000E+00   0.000000000000E+00   0.000000000000E+00   0.000000000000E+00   0.000000000000E+00   0.000000000000E+00  -3.532538964246E-03   0.000000000000E+00   0.000000000000E+00   0.000000000000E+00   0.000000000000E+00   0.000000000000E+00   0.000000000000E+00   0.000000000000E+00   0.000000000000E+00   0.000000000000E+00   5.789195104681E-03
   0.000000000000E+00   0.000000000000E+00   0.000000000000E+00   0.000000000000E+00   0.000000000000E+00   0.000000000000E+00   0.000000000000E+00   0.000000000000E+00   0.000000000000E+00  -2.880120155392E-03   0.000000000000E+00   0.000000000000E+00   0.000000000000E+00   0.000000000000E+00   0.000000000000E+00   0.000000000000E+00   0.000000000000E+00   0.000000000000E+00   0.000000000000E+00   4.552485567883E-03
   0.000000000000E+00   0.000000000000E+00   0.000000000000E+00   0.000000000000E+00   0.000000000000E+00   0.000000000000E+00   0.000000000000E+00   0.000000000000E+00   0.000000000000E+00  -2.339303572925E-03   0.000000000000E+00   0.000000000000E+00   0.000000000000E+00   0.000000000000E+00   0.000000000000E+00   0.000000000000E+00   0.000000000000E+00   0.000000000000E+00   0.000000000000E+00   3.561532047357E-03
   0.000000000000E+00   0.000000000000E+00   0.000000000000E+00   0.000000000000E+00   0.000000000000E+00   0.000000000000E+00   0.000000000000E+00   0.000000000000E+00   0.000000000000E+00  -1.893058916422E-03   0.000000000000E+00   0.000000000000E+00   0.000000000000E+00   0.000000000000E+00   0.000000000000E+00   0.000000000000E+00   0.000000000000E+00   0.000000000000E+00   0.000000000000E+00   2.772973585759E-03
   0.000000000000E+00   0.000000000000E+00   0.000000000000E+00   0.000000000000E+00   0.000000000000E+00   0.000000000000E+00   0.000000000000E+00   0.000000000000E+00   0.000000000000E+00  -1.526587068662E-03   0.000000000000E+00   0.000000000000E+00   0.000000000000E+00   0.000000000000E+00   0.000000000000E+00   0.000000000000E+00   0.000000000000E+00   0.000000000000E+00   0.000000000000E+00   2.149935527489E-03
   0.000000000000E+00   0.000000000000E+00   0.000000000000E+00   0.000000000000E+00   0.000000000000E+00   0.000000000000E+00   0.000000000000E+00   0.000000000000E+00   0.000000000000E+00  -1.226212079552E-03   0.000000000000E+00   0.000000000000E+00   0.000000000000E+00   0.000000000000E+00   0.000000000000E+00   0.000000000000E+00   0.000000000000E+00   0.000000000000E+00   0.000000000000E+00   1.661274456107E-03
   0.000000000000E+00   0.000000000000E+00   0.000000000000E+00   0.000000000000E+00   0.000000000000E+00   0.000000000000E+00   0.000000000000E+00   0.000000000000E+00   0.000000000000E+00  -9.815736208512E-04   0.000000000000E+00   0.000000000000E+00   0.000000000000E+00   0.000000000000E+00   0.000000000000E+00   0.000000000000E+00   0.000000000000E+00   0.000000000000E+00   0.000000000000E+00   1.280871452346E-03
   0.000000000000E+00   0.000000000000E+00   0.000000000000E+00   0.000000000000E+00   0.000000000000E+00   0.000000000000E+00   0.000000000000E+00   0.000000000000E+00   0.000000000000E+00  -7.830600085926E-04   0.000000000000E+00   0.000000000000E+00   0.000000000000E+00   0.000000000000E+00   0.000000000000E+00   0.000000000000E+00   0.000000000000E+00   0.000000000000E+00   0.000000000000E+00   9.869789559510E-04
   0.000000000000E+00   0.000000000000E+00   0.000000000000E+00   0.000000000000E+00   0.000000000000E+00   0.000000000000E+00   0.000000000000E+00   0.000000000000E+00   0.000000000000E+00  -6.227897154724E-04   0.000000000000E+00   0.000000000000E+00   0.000000000000E+00   0.000000000000E+00   0.000000000000E+00   0.000000000000E+00   0.000000000000E+00   0.000000000000E+00   0.000000000000E+00   7.616240242309E-04
   0.000000000000E+00   0.000000000000E+00   0.000000000000E+00   0.000000000000E+00   0.000000000000E+00   0.000000000000E+00   0.000000000000E+00   0.000000000000E+00   0.000000000000E+00  -4.942640250077E-04   0.000000000000E+00   0.000000000000E+00   0.000000000000E+00   0.000000000000E+00   0.000000000000E+00   0.000000000000E+00   0.000000000000E+00   0.000000000000E+00   0.000000000000E+00   5.900687767806E-04
   0.000000000000E+00   0.000000000000E+00   0.000000000000E+00   0.000000000000E+00   0.000000000000E+00   0.000000000000E+00   0.000000000000E+00   0.000000000000E+00   0.000000000000E+00  -3.912531549248E-04   0.000000000000E+00   0.000000000000E+00   0.000000000000E+00   0.000000000000E+00   0.000000000000E+00   0.000000000000E+00   0.000000000000E+00   0.000000000000E+00   0.000000000000E+00   4.603272454853E-04
   0.000000000000E+00   0.000000000000E+00   0.000000000000E+00   0.000000000000E+00   0.000000000000E+00   0.000000000000E+00   0.000000000000E+00   0.000000000000E+00   0.000000000000E+00  -3.089286373200E-04   0.000000000000E+00   0.000000000000E+00   0.000000000000E+00   0.000000000000E+00   0.000000000000E+00   0.000000000000E+00   0.000000000000E+00   0.000000000000E+00   0.000000000000E+00   3.627366569126E-04
   0.000000000000E+00   0.000000000000E+00   0.000000000000E+00   0.000000000000E+00   0.000000000000E+00   0.000000000000E+00   0.000000000000E+00   0.000000000000E+00   0.000000000000E+00  -2.435218669082E-04   0.000000000000E+00   0.000000000000E+00   0.000000000000E+00   0.000000000000E+00   0.000000000000E+00   0.000000000000E+00   0.000000000000E+00   0.000000000000E+00   0.000000000000E+00   2.895803064745E-04
   0.000000000000E+00   0.000000000000E+00   0.000000000000E+00   0.000000000000E+00   0.000000000000E+00   0.000000000000E+00   0.000000000000E+00   0.000000000000E+00   0.000000000000E+00  -1.918064786315E-04   0.000000000000E+00   0.000000000000E+00   0.000000000000E+00   0.000000000000E+00   0.000000000000E+00   0.000000000000E+00   0.000000000000E+00   0.000000000000E+00   0.000000000000E+00   2.347585896185E-04
   0.000000000000E+00   0.000000000000E+00   0.000000000000E+00   0.000000000000E+00   0.000000000000E+00   0.000000000000E+00   0.000000000000E+00   0.000000000000E+00   0.000000000000E+00  -1.510391385462E-04   0.000000000000E+00   0.000000000000E+00   0.000000000000E+00   0.000000000000E+00   0.000000000000E+00   0.000000000000E+00   0.000000000000E+00   0.000000000000E+00   0.000000000000E+00   1.935043872930E-04
   0.000000000000E+00   0.000000000000E+00   0.000000000000E+00   0.000000000000E+00   0.000000000000E+00   0.000000000000E+00   0.000000000000E+00   0.000000000000E+00   0.000000000000E+00  -1.189864872054E-04   0.000000000000E+00   0.000000000000E+00   0.000000000000E+00   0.000000000000E+00   0.000000000000E+00   0.000000000000E+00   0.000000000000E+00   0.000000000000E+00   0.000000000000E+00   1.621388185401E-04
   0.000000000000E+00   0.000000000000E+00   0.000000000000E+00   0.000000000000E+00   0.000000000000E+00   0.000000000000E+00   0.000000000000E+00   0.000000000000E+00   0.000000000000E+00  -9.383790508699E-05   0.000000000000E+00   0.000000000000E+00   0.000000000000E+00   0.000000000000E+00   0.000000000000E+00   0.000000000000E+00   0.000000000000E+00   0.000000000000E+00   0.000000000000E+00   1.378633339426E-04
   0.000000000000E+00   0.000000000000E+00   0.000000000000E+00   0.000000000000E+00   0.000000000000E+00   0.000000000000E+00   0.000000000000E+00   0.000000000000E+00   0.000000000000E+00  -7.412224610959E-05   0.000000000000E+00   0.000000000000E+00   0.000000000000E+00   0.000000000000E+00   0.000000000000E+00   0.000000000000E+00   0.000000000000E+00   0.000000000000E+00   0.000000000000E+00   1.185841967288E-04
   0.000000000000E+00   0.000000000000E+00   0.000000000000E+00   0.000000000000E+00   0.000000000000E+00   0.000000000000E+00   0.000000000000E+00   0.000000000000E+00   0.000000000000E+00  -5.865214915753E-05   0.000000000000E+00   0.000000000000E+00   0.000000000000E+00   0.000000000000E+00   0.000000000000E+00   0.000000000000E+00   0.000000000000E+00   0.000000000000E+00   0.000000000000E+00   1.027655551181E-04
   0.000000000000E+00   0.000000000000E+00   0.000000000000E+00   0.000000000000E+00   0.000000000000E+00   0.000000000000E+00   0.000000000000E+00   0.000000000000E+00   0.000000000000E+00  -4.644881280518E-05   0.000000000000E+00   0.000000000000E+00   0.000000000000E+00   0.000000000000E+00   0.000000000000E+00   0.000000000000E+00   0.000000000000E+00   0.000000000000E+00   0.000000000000E+00   8.930752571762E-05
   0.000000000000E+00   0.000000000000E+00   0.000000000000E+00   0.000000000000E+00   0.000000000000E+00   0.000000000000E+00   0.000000000000E+00   0.000000000000E+00   0.000000000000E+00  -3.686228513058E-05   0.000000000000E+00   0.000000000000E+00   0.000000000000E+00   0.000000000000E+00   0.000000000000E+00   0.000000000000E+00   0.000000000000E+00   0.000000000000E+00   0.000000000000E+00   7.744596339273E-05
   0.000000000000E+00   0.000000000000E+00   0.000000000000E+00   0.000000000000E+00   0.000000000000E+00   0.000000000000E+00   0.000000000000E+00   0.000000000000E+00   0.000000000000E+00  -2.923772007806E-05   0.000000000000E+00   0.000000000000E+00   0.000000000000E+00   0.000000000000E+00   0.000000000000E+00   0.000000000000E+00   0.000000000000E+00   0.000000000000E+00   0.000000000000E+00   6.667087204908E-05
   0.000000000000E+00   0.000000000000E+00   0.000000000000E+00   0.000000000000E+00   0.000000000000E+00   0.000000000000E+00   0.000000000000E+00   0.000000000000E+00   0.000000000000E+00  -2.312443654054E-05   0.000000000000E+00   0.000000000000E+00   0.000000000000E+00   0.000000000000E+00   0.000000000000E+00   0.000000000000E+00   0.000000000000E+00   0.000000000000E+00   0.000000000000E+00   5.666069971187E-05
   0.000000000000E+00   0.000000000000E+00   0.000000000000E+00   0.000000000000E+00   0.000000000000E+00   0.000000000000E+00   0.000000000000E+00   0.000000000000E+00   0.000000000000E+00  -1.817732229468E-05   0.000000000000E+00   0.000000000000E+00   0.000000000000E+00   0.000000000000E+00   0.000000000000E+00   0.000000000000E+00   0.000000000000E+00   0.000000000000E+00   0.000000000000E+00   4.723005036675E-05


Spline
12 0.0553585
112.9353346817185 2.801373701455403 -0.1119994835253462
0.035 0.0375    0.204206 -35.71077211012958 2016.504000000031 24177.93762071238
0.0375 0.04    0.12791 -25.17491577974109 2197.838532155373 -120889.6881035729
0.04 0.0425    0.07682029999999999 -16.45240477090621 1291.165871378576 -57585.58520643491
0.0425 0.045    0.0428593 -11.07630513663398 859.2739823303137 16659.22892930921
0.045 0.04533    0.0207993 -6.467574682557872 984.2181993001326 -2167173.572075024
0.04533 0.045334    0.0186943 -6.526006277016704 -1161.283637054166 353213222.4907721
0.045334 0.046259    0.0186682 -6.518342311433599 3077.275032831984 -1324559.571220061
0.046259 0.047184    0.0142234 -4.225362350069925 -598.3777773036936 561811.1110751317
0.047184 0.0493131    0.0102476 -3.890262342340788 960.6480559297889 -100763.5210502349
0.0493131 0.0503195    0.00534702 -1.169934109375229 317.0412179256228 -143026.9144497911
0.0503195 0.0513259    0.00434492 -0.9663840979460291 -114.7856421811885 10348.58893883691
0.0513259 0.0553585    0.00326664 -1.165980214261954 -83.5411824570522 -5782.515169399558 27636944.82683195 -3877959552.095367

This SPLINE is just a DUMMY-SPLINE!!!!!!!!!!!!!!!

