0.200000 61
   0.000000000000E+00 0.0 0.0 0.0 0.0 0.0 0.0 0.0 0.0 0.0 0.0 0.0 0.0 0.0 0.0 0.0 0.0 0.0 0.0 0.0
   0.000000000000E+00   0.000000000000E+00   0.000000000000E+00   0.000000000000E+00   0.000000000000E+00   0.000000000000E+00   0.000000000000E+00   0.000000000000E+00   0.000000000000E+00   0.000000000000E+00   0.000000000000E+00   0.000000000000E+00   0.000000000000E+00   0.000000000000E+00   0.000000000000E+00   0.000000000000E+00   0.000000000000E+00   0.000000000000E+00   0.000000000000E+00   0.000000000000E+00
   0.000000000000E+00   0.000000000000E+00   0.000000000000E+00   0.000000000000E+00   0.000000000000E+00   0.000000000000E+00   0.000000000000E+00   0.000000000000E+00   0.000000000000E+00  -5.713067223066E-01   0.000000000000E+00   0.000000000000E+00   0.000000000000E+00   0.000000000000E+00   0.000000000000E+00   0.000000000000E+00   0.000000000000E+00   0.000000000000E+00   0.000000000000E+00   9.606131357394E-01
   0.000000000000E+00   0.000000000000E+00   0.000000000000E+00   0.000000000000E+00   0.000000000000E+00   0.000000000000E+00   0.000000000000E+00   0.000000000000E+00   0.000000000000E+00  -5.263253647318E-01   0.000000000000E+00   0.000000000000E+00   0.000000000000E+00   0.000000000000E+00   0.000000000000E+00   0.000000000000E+00   0.000000000000E+00   0.000000000000E+00   0.000000000000E+00   9.188156497869E-01
   0.000000000000E+00   0.000000000000E+00   0.000000000000E+00   0.000000000000E+00   0.000000000000E+00   0.000000000000E+00   0.000000000000E+00   0.000000000000E+00   0.000000000000E+00  -4.782431215040E-01   0.000000000000E+00   0.000000000000E+00   0.000000000000E+00   0.000000000000E+00   0.000000000000E+00   0.000000000000E+00   0.000000000000E+00   0.000000000000E+00   0.000000000000E+00   8.646854520976E-01
   0.000000000000E+00   0.000000000000E+00   0.000000000000E+00   0.000000000000E+00   0.000000000000E+00   0.000000000000E+00   0.000000000000E+00   0.000000000000E+00   0.000000000000E+00  -4.304800258885E-01   0.000000000000E+00   0.000000000000E+00   0.000000000000E+00   0.000000000000E+00   0.000000000000E+00   0.000000000000E+00   0.000000000000E+00   0.000000000000E+00   0.000000000000E+00   8.013381303625E-01
   0.000000000000E+00   0.000000000000E+00   0.000000000000E+00   0.000000000000E+00   0.000000000000E+00   0.000000000000E+00   0.000000000000E+00   0.000000000000E+00   0.000000000000E+00  -3.847721976684E-01   0.000000000000E+00   0.000000000000E+00   0.000000000000E+00   0.000000000000E+00   0.000000000000E+00   0.000000000000E+00   0.000000000000E+00   0.000000000000E+00   0.000000000000E+00   7.318642565105E-01
   0.000000000000E+00   0.000000000000E+00   0.000000000000E+00   0.000000000000E+00   0.000000000000E+00   0.000000000000E+00   0.000000000000E+00   0.000000000000E+00   0.000000000000E+00  -3.419149416092E-01   0.000000000000E+00   0.000000000000E+00   0.000000000000E+00   0.000000000000E+00   0.000000000000E+00   0.000000000000E+00   0.000000000000E+00   0.000000000000E+00   0.000000000000E+00   6.591467459209E-01
   0.000000000000E+00   0.000000000000E+00   0.000000000000E+00   0.000000000000E+00   0.000000000000E+00   0.000000000000E+00   0.000000000000E+00   0.000000000000E+00   0.000000000000E+00  -3.022076975685E-01   0.000000000000E+00   0.000000000000E+00   0.000000000000E+00   0.000000000000E+00   0.000000000000E+00   0.000000000000E+00   0.000000000000E+00   0.000000000000E+00   0.000000000000E+00   5.857392475498E-01
   0.000000000000E+00   0.000000000000E+00   0.000000000000E+00   0.000000000000E+00   0.000000000000E+00   0.000000000000E+00   0.000000000000E+00   0.000000000000E+00   0.000000000000E+00  -2.657040940149E-01   0.000000000000E+00   0.000000000000E+00   0.000000000000E+00   0.000000000000E+00   0.000000000000E+00   0.000000000000E+00   0.000000000000E+00   0.000000000000E+00   0.000000000000E+00   5.137936623391E-01
   0.000000000000E+00   0.000000000000E+00   0.000000000000E+00   0.000000000000E+00   0.000000000000E+00   0.000000000000E+00   0.000000000000E+00   0.000000000000E+00   0.000000000000E+00  -2.323443277481E-01   0.000000000000E+00   0.000000000000E+00   0.000000000000E+00   0.000000000000E+00   0.000000000000E+00   0.000000000000E+00   0.000000000000E+00   0.000000000000E+00   0.000000000000E+00   4.450284105772E-01
   0.000000000000E+00   0.000000000000E+00   0.000000000000E+00   0.000000000000E+00   0.000000000000E+00   0.000000000000E+00   0.000000000000E+00   0.000000000000E+00   0.000000000000E+00  -2.020201109456E-01   0.000000000000E+00   0.000000000000E+00   0.000000000000E+00   0.000000000000E+00   0.000000000000E+00   0.000000000000E+00   0.000000000000E+00   0.000000000000E+00   0.000000000000E+00   3.807295495183E-01
   0.000000000000E+00   0.000000000000E+00   0.000000000000E+00   0.000000000000E+00   0.000000000000E+00   0.000000000000E+00   0.000000000000E+00   0.000000000000E+00   0.000000000000E+00  -1.746034061192E-01   0.000000000000E+00   0.000000000000E+00   0.000000000000E+00   0.000000000000E+00   0.000000000000E+00   0.000000000000E+00   0.000000000000E+00   0.000000000000E+00   0.000000000000E+00   3.217767781290E-01
   0.000000000000E+00   0.000000000000E+00   0.000000000000E+00   0.000000000000E+00   0.000000000000E+00   0.000000000000E+00   0.000000000000E+00   0.000000000000E+00   0.000000000000E+00  -1.499575024209E-01   0.000000000000E+00   0.000000000000E+00   0.000000000000E+00   0.000000000000E+00   0.000000000000E+00   0.000000000000E+00   0.000000000000E+00   0.000000000000E+00   0.000000000000E+00   2.686866288037E-01
   0.000000000000E+00   0.000000000000E+00   0.000000000000E+00   0.000000000000E+00   0.000000000000E+00   0.000000000000E+00   0.000000000000E+00   0.000000000000E+00   0.000000000000E+00  -1.279399066158E-01   0.000000000000E+00   0.000000000000E+00   0.000000000000E+00   0.000000000000E+00   0.000000000000E+00   0.000000000000E+00   0.000000000000E+00   0.000000000000E+00   0.000000000000E+00   2.216658821492E-01
   0.000000000000E+00   0.000000000000E+00   0.000000000000E+00   0.000000000000E+00   0.000000000000E+00   0.000000000000E+00   0.000000000000E+00   0.000000000000E+00   0.000000000000E+00  -1.084021686984E-01   0.000000000000E+00   0.000000000000E+00   0.000000000000E+00   0.000000000000E+00   0.000000000000E+00   0.000000000000E+00   0.000000000000E+00   0.000000000000E+00   0.000000000000E+00   1.806693263978E-01
   0.000000000000E+00   0.000000000000E+00   0.000000000000E+00   0.000000000000E+00   0.000000000000E+00   0.000000000000E+00   0.000000000000E+00   0.000000000000E+00   0.000000000000E+00  -9.118929092003E-02   0.000000000000E+00   0.000000000000E+00   0.000000000000E+00   0.000000000000E+00   0.000000000000E+00   0.000000000000E+00   0.000000000000E+00   0.000000000000E+00   0.000000000000E+00   1.454572340643E-01
   0.000000000000E+00   0.000000000000E+00   0.000000000000E+00   0.000000000000E+00   0.000000000000E+00   0.000000000000E+00   0.000000000000E+00   0.000000000000E+00   0.000000000000E+00  -7.613948338843E-02   0.000000000000E+00   0.000000000000E+00   0.000000000000E+00   0.000000000000E+00   0.000000000000E+00   0.000000000000E+00   0.000000000000E+00   0.000000000000E+00   0.000000000000E+00   1.156491857916E-01
   0.000000000000E+00   0.000000000000E+00   0.000000000000E+00   0.000000000000E+00   0.000000000000E+00   0.000000000000E+00   0.000000000000E+00   0.000000000000E+00   0.000000000000E+00  -6.308481685332E-02   0.000000000000E+00   0.000000000000E+00   0.000000000000E+00   0.000000000000E+00   0.000000000000E+00   0.000000000000E+00   0.000000000000E+00   0.000000000000E+00   0.000000000000E+00   9.077202378122E-02
   0.000000000000E+00   0.000000000000E+00   0.000000000000E+00   0.000000000000E+00   0.000000000000E+00   0.000000000000E+00   0.000000000000E+00   0.000000000000E+00   0.000000000000E+00  -5.185285827934E-02   0.000000000000E+00   0.000000000000E+00   0.000000000000E+00   0.000000000000E+00   0.000000000000E+00   0.000000000000E+00   0.000000000000E+00   0.000000000000E+00   0.000000000000E+00   7.030070058847E-02
   0.000000000000E+00   0.000000000000E+00   0.000000000000E+00   0.000000000000E+00   0.000000000000E+00   0.000000000000E+00   0.000000000000E+00   0.000000000000E+00   0.000000000000E+00  -4.226905423459E-02   0.000000000000E+00   0.000000000000E+00   0.000000000000E+00   0.000000000000E+00   0.000000000000E+00   0.000000000000E+00   0.000000000000E+00   0.000000000000E+00   0.000000000000E+00   5.369157642243E-02
   0.000000000000E+00   0.000000000000E+00   0.000000000000E+00   0.000000000000E+00   0.000000000000E+00   0.000000000000E+00   0.000000000000E+00   0.000000000000E+00   0.000000000000E+00  -3.415989073084E-02   0.000000000000E+00   0.000000000000E+00   0.000000000000E+00   0.000000000000E+00   0.000000000000E+00   0.000000000000E+00   0.000000000000E+00   0.000000000000E+00   0.000000000000E+00   4.040830875054E-02
   0.000000000000E+00   0.000000000000E+00   0.000000000000E+00   0.000000000000E+00   0.000000000000E+00   0.000000000000E+00   0.000000000000E+00   0.000000000000E+00   0.000000000000E+00  -2.735627200847E-02   0.000000000000E+00   0.000000000000E+00   0.000000000000E+00   0.000000000000E+00   0.000000000000E+00   0.000000000000E+00   0.000000000000E+00   0.000000000000E+00   0.000000000000E+00   2.994088799973E-02
   0.000000000000E+00   0.000000000000E+00   0.000000000000E+00   0.000000000000E+00   0.000000000000E+00   0.000000000000E+00   0.000000000000E+00   0.000000000000E+00   0.000000000000E+00  -2.169689969731E-02   0.000000000000E+00   0.000000000000E+00   0.000000000000E+00   0.000000000000E+00   0.000000000000E+00   0.000000000000E+00   0.000000000000E+00   0.000000000000E+00   0.000000000000E+00   2.181862780074E-02
   0.000000000000E+00   0.000000000000E+00   0.000000000000E+00   0.000000000000E+00   0.000000000000E+00   0.000000000000E+00   0.000000000000E+00   0.000000000000E+00   0.000000000000E+00  -1.703103722986E-02   0.000000000000E+00   0.000000000000E+00   0.000000000000E+00   0.000000000000E+00   0.000000000000E+00   0.000000000000E+00   0.000000000000E+00   0.000000000000E+00   0.000000000000E+00   1.561804674543E-02
   0.000000000000E+00   0.000000000000E+00   0.000000000000E+00   0.000000000000E+00   0.000000000000E+00   0.000000000000E+00   0.000000000000E+00   0.000000000000E+00   0.000000000000E+00  -1.322028338607E-02   0.000000000000E+00   0.000000000000E+00   0.000000000000E+00   0.000000000000E+00   0.000000000000E+00   0.000000000000E+00   0.000000000000E+00   0.000000000000E+00   0.000000000000E+00   1.096661039601E-02
   0.000000000000E+00   0.000000000000E+00   0.000000000000E+00   0.000000000000E+00   0.000000000000E+00   0.000000000000E+00   0.000000000000E+00   0.000000000000E+00   0.000000000000E+00  -1.013931080408E-02   0.000000000000E+00   0.000000000000E+00   0.000000000000E+00   0.000000000000E+00   0.000000000000E+00   0.000000000000E+00   0.000000000000E+00   0.000000000000E+00   0.000000000000E+00   7.543264469410E-03
   0.000000000000E+00   0.000000000000E+00   0.000000000000E+00   0.000000000000E+00   0.000000000000E+00   0.000000000000E+00   0.000000000000E+00   0.000000000000E+00   0.000000000000E+00  -7.675710129136E-03   0.000000000000E+00   0.000000000000E+00   0.000000000000E+00   0.000000000000E+00   0.000000000000E+00   0.000000000000E+00   0.000000000000E+00   0.000000000000E+00   0.000000000000E+00   5.076606324866E-03
   0.000000000000E+00   0.000000000000E+00   0.000000000000E+00   0.000000000000E+00   0.000000000000E+00   0.000000000000E+00   0.000000000000E+00   0.000000000000E+00   0.000000000000E+00  -5.729486193192E-03   0.000000000000E+00   0.000000000000E+00   0.000000000000E+00   0.000000000000E+00   0.000000000000E+00   0.000000000000E+00   0.000000000000E+00   0.000000000000E+00   0.000000000000E+00   3.341431538090E-03
   0.000000000000E+00   0.000000000000E+00   0.000000000000E+00   0.000000000000E+00   0.000000000000E+00   0.000000000000E+00   0.000000000000E+00   0.000000000000E+00   0.000000000000E+00  -4.212092187181E-03   0.000000000000E+00   0.000000000000E+00   0.000000000000E+00   0.000000000000E+00   0.000000000000E+00   0.000000000000E+00   0.000000000000E+00   0.000000000000E+00   0.000000000000E+00   2.154270631096E-03
   0.000000000000E+00   0.000000000000E+00   0.000000000000E+00   0.000000000000E+00   0.000000000000E+00   0.000000000000E+00   0.000000000000E+00   0.000000000000E+00   0.000000000000E+00  -3.045613203008E-03   0.000000000000E+00   0.000000000000E+00   0.000000000000E+00   0.000000000000E+00   0.000000000000E+00   0.000000000000E+00   0.000000000000E+00   0.000000000000E+00   0.000000000000E+00   1.368409138019E-03
   0.000000000000E+00   0.000000000000E+00   0.000000000000E+00   0.000000000000E+00   0.000000000000E+00   0.000000000000E+00   0.000000000000E+00   0.000000000000E+00   0.000000000000E+00  -2.162847176635E-03   0.000000000000E+00   0.000000000000E+00   0.000000000000E+00   0.000000000000E+00   0.000000000000E+00   0.000000000000E+00   0.000000000000E+00   0.000000000000E+00   0.000000000000E+00   8.687698227522E-04
   0.000000000000E+00   0.000000000000E+00   0.000000000000E+00   0.000000000000E+00   0.000000000000E+00   0.000000000000E+00   0.000000000000E+00   0.000000000000E+00   0.000000000000E+00  -1.506210898353E-03   0.000000000000E+00   0.000000000000E+00   0.000000000000E+00   0.000000000000E+00   0.000000000000E+00   0.000000000000E+00   0.000000000000E+00   0.000000000000E+00   0.000000000000E+00   5.669338033074E-04
   0.000000000000E+00   0.000000000000E+00   0.000000000000E+00   0.000000000000E+00   0.000000000000E+00   0.000000000000E+00   0.000000000000E+00   0.000000000000E+00   0.000000000000E+00  -1.026405578366E-03   0.000000000000E+00   0.000000000000E+00   0.000000000000E+00   0.000000000000E+00   0.000000000000E+00   0.000000000000E+00   0.000000000000E+00   0.000000000000E+00   0.000000000000E+00   3.964900515855E-04
   0.000000000000E+00   0.000000000000E+00   0.000000000000E+00   0.000000000000E+00   0.000000000000E+00   0.000000000000E+00   0.000000000000E+00   0.000000000000E+00   0.000000000000E+00  -6.835132023469E-04   0.000000000000E+00   0.000000000000E+00   0.000000000000E+00   0.000000000000E+00   0.000000000000E+00   0.000000000000E+00   0.000000000000E+00   0.000000000000E+00   0.000000000000E+00   3.088309599012E-04
   0.000000000000E+00   0.000000000000E+00   0.000000000000E+00   0.000000000000E+00   0.000000000000E+00   0.000000000000E+00   0.000000000000E+00   0.000000000000E+00   0.000000000000E+00  -4.441877606342E-04   0.000000000000E+00   0.000000000000E+00   0.000000000000E+00   0.000000000000E+00   0.000000000000E+00   0.000000000000E+00   0.000000000000E+00   0.000000000000E+00   0.000000000000E+00   2.694549074332E-04
   0.000000000000E+00   0.000000000000E+00   0.000000000000E+00   0.000000000000E+00   0.000000000000E+00   0.000000000000E+00   0.000000000000E+00   0.000000000000E+00   0.000000000000E+00  -2.811644960083E-04   0.000000000000E+00   0.000000000000E+00   0.000000000000E+00   0.000000000000E+00   0.000000000000E+00   0.000000000000E+00   0.000000000000E+00   0.000000000000E+00   0.000000000000E+00   2.547937353090E-04
   0.000000000000E+00   0.000000000000E+00   0.000000000000E+00   0.000000000000E+00   0.000000000000E+00   0.000000000000E+00   0.000000000000E+00   0.000000000000E+00   0.000000000000E+00  -1.739319798683E-04   0.000000000000E+00   0.000000000000E+00   0.000000000000E+00   0.000000000000E+00   0.000000000000E+00   0.000000000000E+00   0.000000000000E+00   0.000000000000E+00   0.000000000000E+00   2.495520115893E-04
   0.000000000000E+00   0.000000000000E+00   0.000000000000E+00   0.000000000000E+00   0.000000000000E+00   0.000000000000E+00   0.000000000000E+00   0.000000000000E+00   0.000000000000E+00  -1.059747239720E-04   0.000000000000E+00   0.000000000000E+00   0.000000000000E+00   0.000000000000E+00   0.000000000000E+00   0.000000000000E+00   0.000000000000E+00   0.000000000000E+00   0.000000000000E+00   2.445240095867E-04
   0.000000000000E+00   0.000000000000E+00   0.000000000000E+00   0.000000000000E+00   0.000000000000E+00   0.000000000000E+00   0.000000000000E+00   0.000000000000E+00   0.000000000000E+00  -6.494570199629E-05   0.000000000000E+00   0.000000000000E+00   0.000000000000E+00   0.000000000000E+00   0.000000000000E+00   0.000000000000E+00   0.000000000000E+00   0.000000000000E+00   0.000000000000E+00   2.348415048630E-04
   0.000000000000E+00   0.000000000000E+00   0.000000000000E+00   0.000000000000E+00   0.000000000000E+00   0.000000000000E+00   0.000000000000E+00   0.000000000000E+00   0.000000000000E+00  -4.159204637150E-05   0.000000000000E+00   0.000000000000E+00   0.000000000000E+00   0.000000000000E+00   0.000000000000E+00   0.000000000000E+00   0.000000000000E+00   0.000000000000E+00   0.000000000000E+00   2.185990103414E-04
   0.000000000000E+00   0.000000000000E+00   0.000000000000E+00   0.000000000000E+00   0.000000000000E+00   0.000000000000E+00   0.000000000000E+00   0.000000000000E+00   0.000000000000E+00  -2.927608864531E-05   0.000000000000E+00   0.000000000000E+00   0.000000000000E+00   0.000000000000E+00   0.000000000000E+00   0.000000000000E+00   0.000000000000E+00   0.000000000000E+00   0.000000000000E+00   1.958013057801E-04
   0.000000000000E+00   0.000000000000E+00   0.000000000000E+00   0.000000000000E+00   0.000000000000E+00   0.000000000000E+00   0.000000000000E+00   0.000000000000E+00   0.000000000000E+00  -2.334521522788E-05   0.000000000000E+00   0.000000000000E+00   0.000000000000E+00   0.000000000000E+00   0.000000000000E+00   0.000000000000E+00   0.000000000000E+00   0.000000000000E+00   0.000000000000E+00   1.675797021950E-04
   0.000000000000E+00   0.000000000000E+00   0.000000000000E+00   0.000000000000E+00   0.000000000000E+00   0.000000000000E+00   0.000000000000E+00   0.000000000000E+00   0.000000000000E+00  -2.066320081971E-05   0.000000000000E+00   0.000000000000E+00   0.000000000000E+00   0.000000000000E+00   0.000000000000E+00   0.000000000000E+00   0.000000000000E+00   0.000000000000E+00   0.000000000000E+00   1.356272825185E-04
   0.000000000000E+00   0.000000000000E+00   0.000000000000E+00   0.000000000000E+00   0.000000000000E+00   0.000000000000E+00   0.000000000000E+00   0.000000000000E+00   0.000000000000E+00  -1.924275664230E-05   0.000000000000E+00   0.000000000000E+00   0.000000000000E+00   0.000000000000E+00   0.000000000000E+00   0.000000000000E+00   0.000000000000E+00   0.000000000000E+00   0.000000000000E+00   1.018084789452E-04
   0.000000000000E+00   0.000000000000E+00   0.000000000000E+00   0.000000000000E+00   0.000000000000E+00   0.000000000000E+00   0.000000000000E+00   0.000000000000E+00   0.000000000000E+00  -1.790625951407E-05   0.000000000000E+00   0.000000000000E+00   0.000000000000E+00   0.000000000000E+00   0.000000000000E+00   0.000000000000E+00   0.000000000000E+00   0.000000000000E+00   0.000000000000E+00   6.790409932361E-05
   0.000000000000E+00   0.000000000000E+00   0.000000000000E+00   0.000000000000E+00   0.000000000000E+00   0.000000000000E+00   0.000000000000E+00   0.000000000000E+00   0.000000000000E+00  -1.607757612913E-05   0.000000000000E+00   0.000000000000E+00   0.000000000000E+00   0.000000000000E+00   0.000000000000E+00   0.000000000000E+00   0.000000000000E+00   0.000000000000E+00   0.000000000000E+00   3.545879746323E-05
   0.000000000000E+00   0.000000000000E+00   0.000000000000E+00   0.000000000000E+00   0.000000000000E+00   0.000000000000E+00   0.000000000000E+00   0.000000000000E+00   0.000000000000E+00  -1.354634980352E-05   0.000000000000E+00   0.000000000000E+00   0.000000000000E+00   0.000000000000E+00   0.000000000000E+00   0.000000000000E+00   0.000000000000E+00   0.000000000000E+00   0.000000000000E+00   5.703646671056E-06
   0.000000000000E+00   0.000000000000E+00   0.000000000000E+00   0.000000000000E+00   0.000000000000E+00   0.000000000000E+00   0.000000000000E+00   0.000000000000E+00   0.000000000000E+00  -1.035398879542E-05   0.000000000000E+00   0.000000000000E+00   0.000000000000E+00   0.000000000000E+00   0.000000000000E+00   0.000000000000E+00   0.000000000000E+00   0.000000000000E+00   0.000000000000E+00  -2.046830222931E-05
   0.000000000000E+00   0.000000000000E+00   0.000000000000E+00   0.000000000000E+00   0.000000000000E+00   0.000000000000E+00   0.000000000000E+00   0.000000000000E+00   0.000000000000E+00  -6.679169732648E-06   0.000000000000E+00   0.000000000000E+00   0.000000000000E+00   0.000000000000E+00   0.000000000000E+00   0.000000000000E+00   0.000000000000E+00   0.000000000000E+00   0.000000000000E+00  -4.249094658314E-05
   0.000000000000E+00   0.000000000000E+00   0.000000000000E+00   0.000000000000E+00   0.000000000000E+00   0.000000000000E+00   0.000000000000E+00   0.000000000000E+00   0.000000000000E+00  -2.748568845940E-06   0.000000000000E+00   0.000000000000E+00   0.000000000000E+00   0.000000000000E+00   0.000000000000E+00   0.000000000000E+00   0.000000000000E+00   0.000000000000E+00   0.000000000000E+00  -6.009198627048E-05
   0.000000000000E+00   0.000000000000E+00   0.000000000000E+00   0.000000000000E+00   0.000000000000E+00   0.000000000000E+00   0.000000000000E+00   0.000000000000E+00   0.000000000000E+00   1.187036287803E-06   0.000000000000E+00   0.000000000000E+00   0.000000000000E+00   0.000000000000E+00   0.000000000000E+00   0.000000000000E+00   0.000000000000E+00   0.000000000000E+00   0.000000000000E+00  -7.324776051079E-05
   0.000000000000E+00   0.000000000000E+00   0.000000000000E+00   0.000000000000E+00   0.000000000000E+00   0.000000000000E+00   0.000000000000E+00   0.000000000000E+00   0.000000000000E+00   4.902519831651E-06   0.000000000000E+00   0.000000000000E+00   0.000000000000E+00   0.000000000000E+00   0.000000000000E+00   0.000000000000E+00   0.000000000000E+00   0.000000000000E+00   0.000000000000E+00  -8.213333113844E-05
   0.000000000000E+00   0.000000000000E+00   0.000000000000E+00   0.000000000000E+00   0.000000000000E+00   0.000000000000E+00   0.000000000000E+00   0.000000000000E+00   0.000000000000E+00   8.222058802488E-06   0.000000000000E+00   0.000000000000E+00   0.000000000000E+00   0.000000000000E+00   0.000000000000E+00   0.000000000000E+00   0.000000000000E+00   0.000000000000E+00   0.000000000000E+00  -8.707283563029E-05
   0.000000000000E+00   0.000000000000E+00   0.000000000000E+00   0.000000000000E+00   0.000000000000E+00   0.000000000000E+00   0.000000000000E+00   0.000000000000E+00   0.000000000000E+00   1.100889262062E-05   0.000000000000E+00   0.000000000000E+00   0.000000000000E+00   0.000000000000E+00   0.000000000000E+00   0.000000000000E+00   0.000000000000E+00   0.000000000000E+00   0.000000000000E+00  -8.849337728357E-05
   0.000000000000E+00   0.000000000000E+00   0.000000000000E+00   0.000000000000E+00   0.000000000000E+00   0.000000000000E+00   0.000000000000E+00   0.000000000000E+00   0.000000000000E+00   1.317885673488E-05   0.000000000000E+00   0.000000000000E+00   0.000000000000E+00   0.000000000000E+00   0.000000000000E+00   0.000000000000E+00   0.000000000000E+00   0.000000000000E+00   0.000000000000E+00  -8.688438015737E-05
   0.000000000000E+00   0.000000000000E+00   0.000000000000E+00   0.000000000000E+00   0.000000000000E+00   0.000000000000E+00   0.000000000000E+00   0.000000000000E+00   0.000000000000E+00   1.469586751820E-05   0.000000000000E+00   0.000000000000E+00   0.000000000000E+00   0.000000000000E+00   0.000000000000E+00   0.000000000000E+00   0.000000000000E+00   0.000000000000E+00   0.000000000000E+00  -8.276334486126E-05
   0.000000000000E+00   0.000000000000E+00   0.000000000000E+00   0.000000000000E+00   0.000000000000E+00   0.000000000000E+00   0.000000000000E+00   0.000000000000E+00   0.000000000000E+00   1.555375014085E-05   0.000000000000E+00   0.000000000000E+00   0.000000000000E+00   0.000000000000E+00   0.000000000000E+00   0.000000000000E+00   0.000000000000E+00   0.000000000000E+00   0.000000000000E+00  -7.664823418768E-05
   0.000000000000E+00   0.000000000000E+00   0.000000000000E+00   0.000000000000E+00   0.000000000000E+00   0.000000000000E+00   0.000000000000E+00   0.000000000000E+00   0.000000000000E+00   1.578823613222E-05   0.000000000000E+00   0.000000000000E+00   0.000000000000E+00   0.000000000000E+00   0.000000000000E+00   0.000000000000E+00   0.000000000000E+00   0.000000000000E+00   0.000000000000E+00  -6.903623733077E-05
   0.000000000000E+00   0.000000000000E+00   0.000000000000E+00   0.000000000000E+00   0.000000000000E+00   0.000000000000E+00   0.000000000000E+00   0.000000000000E+00   0.000000000000E+00   1.545863645593E-05   0.000000000000E+00   0.000000000000E+00   0.000000000000E+00   0.000000000000E+00   0.000000000000E+00   0.000000000000E+00   0.000000000000E+00   0.000000000000E+00   0.000000000000E+00  -6.038835773030E-05
   0.000000000000E+00   0.000000000000E+00   0.000000000000E+00   0.000000000000E+00   0.000000000000E+00   0.000000000000E+00   0.000000000000E+00   0.000000000000E+00   0.000000000000E+00   1.464045444889E-05   0.000000000000E+00   0.000000000000E+00   0.000000000000E+00   0.000000000000E+00   0.000000000000E+00   0.000000000000E+00   0.000000000000E+00   0.000000000000E+00   0.000000000000E+00  -5.111909937812E-05
   0.000000000000E+00   0.000000000000E+00   0.000000000000E+00   0.000000000000E+00   0.000000000000E+00   0.000000000000E+00   0.000000000000E+00   0.000000000000E+00   0.000000000000E+00   1.341202903667E-05   0.000000000000E+00   0.000000000000E+00   0.000000000000E+00   0.000000000000E+00   0.000000000000E+00   0.000000000000E+00   0.000000000000E+00   0.000000000000E+00   0.000000000000E+00  -4.159045425975E-05


Spline
12 0.0553585
112.9353346817185 2.801373701455403 -0.1119994835253462
0.035 0.0375    0.204206 -35.71077211012958 2016.504000000031 24177.93762071238
0.0375 0.04    0.12791 -25.17491577974109 2197.838532155373 -120889.6881035729
0.04 0.0425    0.07682029999999999 -16.45240477090621 1291.165871378576 -57585.58520643491
0.0425 0.045    0.0428593 -11.07630513663398 859.2739823303137 16659.22892930921
0.045 0.04533    0.0207993 -6.467574682557872 984.2181993001326 -2167173.572075024
0.04533 0.045334    0.0186943 -6.526006277016704 -1161.283637054166 353213222.4907721
0.045334 0.046259    0.0186682 -6.518342311433599 3077.275032831984 -1324559.571220061
0.046259 0.047184    0.0142234 -4.225362350069925 -598.3777773036936 561811.1110751317
0.047184 0.0493131    0.0102476 -3.890262342340788 960.6480559297889 -100763.5210502349
0.0493131 0.0503195    0.00534702 -1.169934109375229 317.0412179256228 -143026.9144497911
0.0503195 0.0513259    0.00434492 -0.9663840979460291 -114.7856421811885 10348.58893883691
0.0513259 0.0553585    0.00326664 -1.165980214261954 -83.5411824570522 -5782.515169399558 27636944.82683195 -3877959552.095367

This SPLINE is just a DUMMY-SPLINE!!!!!!!!!!!!!!!

