-8.234664916992187500e+00 5.008829116821289062e+00 

-8.217092514038085938e+00 4.801866531372070312e+00 

-8.204556465148925781e+00 4.658251762390136719e+00 

-8.195122718811035156e+00 4.552185058593750000e+00 

-8.187608718872070312e+00 4.469274044036865234e+00 

-8.181347846984863281e+00 4.400353431701660156e+00 

-8.175962448120117188e+00 4.341119766235351562e+00 

-8.171207427978515625e+00 4.288530349731445312e+00 

-8.166911125183105469e+00 4.240492343902587891e+00 

-8.162949562072753906e+00 4.195457935333251953e+00 

-8.159233093261718750e+00 4.152210235595703125e+00 

-8.155687332153320312e+00 4.109718322753906250e+00 

-8.152243614196777344e+00 4.067012786865234375e+00 

-8.148838043212890625e+00 4.023111820220947266e+00 

-8.145409584045410156e+00 3.976928234100341797e+00 

-8.141885757446289062e+00 3.927180528640747070e+00 

-8.138171195983886719e+00 3.872272968292236328e+00 

-8.134162902832031250e+00 3.810126066207885742e+00 

-8.129710197448730469e+00 3.737949371337890625e+00 

-8.124598503112792969e+00 3.651895284652709961e+00 

-8.150967597961425781e+00 5.625425815582275391e+00 

-8.133414268493652344e+00 5.445138931274414062e+00 

-8.120434761047363281e+00 5.316687107086181641e+00 

-8.110411643981933594e+00 5.220292568206787109e+00 

-8.102290153503417969e+00 5.143791675567626953e+00 

-8.095468521118164062e+00 5.080466270446777344e+00 

-8.089570045471191406e+00 5.026277065277099609e+00 

-8.084357261657714844e+00 4.978610038757324219e+00 

-8.079660415649414062e+00 4.935687065124511719e+00 

-8.075354576110839844e+00 4.896214962005615234e+00 

-8.071352005004882812e+00 4.859225749969482422e+00 

-8.067578315734863281e+00 4.823929786682128906e+00 

-8.063970565795898438e+00 4.789660930633544922e+00 

-8.060475349426269531e+00 4.755802631378173828e+00 

-8.057043075561523438e+00 4.721786022186279297e+00 

-8.053625106811523438e+00 4.687001228332519531e+00 

-8.050159454345703125e+00 4.650777816772460938e+00 

-8.046599388122558594e+00 4.612344264984130859e+00 

-8.042866706848144531e+00 4.570775985717773438e+00 

-8.038865089416503906e+00 4.524880409240722656e+00 

-8.345249176025390625e+00 6.822802066802978516e+00 

-8.319117546081542969e+00 6.544599533081054688e+00 

-8.301280021667480469e+00 6.364654541015625000e+00 

-8.288124084472656250e+00 6.236405849456787109e+00 

-8.277748107910156250e+00 6.137173652648925781e+00 

-8.269162178039550781e+00 6.055681705474853516e+00 

-8.261798858642578125e+00 5.985549926757812500e+00 

-8.255290031433105469e+00 5.922769546508789062e+00 

-8.249381065368652344e+00 5.864552497863769531e+00 

-8.243883132934570312e+00 5.808758258819580078e+00 

-8.238636970520019531e+00 5.753540515899658203e+00 

-8.233494758605957031e+00 5.697063446044921875e+00 

-8.228311538696289062e+00 5.637352466583251953e+00 

-8.222907066345214844e+00 5.571952342987060547e+00 

-8.217061042785644531e+00 5.497685909271240234e+00 

-8.210456848144531250e+00 5.410104751586914062e+00 

-8.202641487121582031e+00 5.302854061126708984e+00 

-8.192913055419921875e+00 5.166642189025878906e+00 

-8.180199623107910156e+00 4.987999439239501953e+00 

-8.162359237670898438e+00 4.742358207702636719e+00 

-8.386778831481933594e+00 5.841816425323486328e+00 

-8.364719390869140625e+00 5.570260047912597656e+00 

-8.349444389343261719e+00 5.389209270477294922e+00 

-8.338219642639160156e+00 5.259339332580566406e+00 

-8.329472541809082031e+00 5.159564971923828125e+00 

-8.322363853454589844e+00 5.078911304473876953e+00 

-8.316385269165039062e+00 5.011042118072509766e+00 

-8.311212539672851562e+00 4.952003955841064453e+00 

-8.306631088256835938e+00 4.899151802062988281e+00 

-8.302481651306152344e+00 4.850636959075927734e+00 

-8.298653602600097656e+00 4.805059432983398438e+00 

-8.295049667358398438e+00 4.761329650878906250e+00 

-8.291604042053222656e+00 4.718512058258056641e+00 

-8.288243293762207031e+00 4.675766468048095703e+00 

-8.284906387329101562e+00 4.632276535034179688e+00 

-8.281531333923339844e+00 4.587188243865966797e+00 

-8.278051376342773438e+00 4.539555549621582031e+00 

-8.274388313293457031e+00 4.488283634185791016e+00 

-8.270456314086914062e+00 4.432032585144042969e+00 

-8.266132354736328125e+00 4.369132518768310547e+00 

-7.793930530548095703e+00 3.034554958343505859e+00 

-7.787460803985595703e+00 2.971815109252929688e+00 

-7.781821250915527344e+00 2.917593479156494141e+00 

-7.776944637298583984e+00 2.870986223220825195e+00 

-7.772662162780761719e+00 2.830313205718994141e+00 

-7.768857955932617188e+00 2.794362545013427734e+00 

-7.765439033508300781e+00 2.762224912643432617e+00 

-7.762346744537353516e+00 2.733214378356933594e+00 

-7.759522914886474609e+00 2.706810712814331055e+00 

-7.756926059722900391e+00 2.682590961456298828e+00 

-7.754525184631347656e+00 2.660221815109252930e+00 

-7.752289772033691406e+00 2.639436483383178711e+00 

-7.750205039978027344e+00 2.620008707046508789e+00 

-7.748249053955078125e+00 2.601768732070922852e+00 

-7.746398448944091797e+00 2.584547042846679688e+00 

-7.744648933410644531e+00 2.568228721618652344e+00 

-7.742984771728515625e+00 2.552688837051391602e+00 

-7.741398811340332031e+00 2.537844896316528320e+00 

-7.739874839782714844e+00 2.523604154586791992e+00 

-7.738421916961669922e+00 2.509899854660034180e+00 

-8.329304695129394531e+00 5.315656185150146484e+00 

-8.311091423034667969e+00 5.115208625793457031e+00 

-8.297824859619140625e+00 4.976072788238525391e+00 

-8.287664413452148438e+00 4.873339176177978516e+00 

-8.279459953308105469e+00 4.792578697204589844e+00 

-8.272576332092285156e+00 4.726003646850585938e+00 

-8.266624450683593750e+00 4.669017314910888672e+00 

-8.261360168457031250e+00 4.618672847747802734e+00 

-8.256603240966796875e+00 4.572969913482666016e+00 

-8.252240180969238281e+00 4.530460834503173828e+00 

-8.248169898986816406e+00 4.490010261535644531e+00 

-8.244315147399902344e+00 4.450696945190429688e+00 

-8.240612030029296875e+00 4.411670684814453125e+00 

-8.236995697021484375e+00 4.372099399566650391e+00 

-8.233415603637695312e+00 4.331114292144775391e+00 

-8.229802131652832031e+00 4.287731170654296875e+00 

-8.226078987121582031e+00 4.240745544433593750e+00 

-8.222155570983886719e+00 4.188661575317382812e+00 

-8.217920303344726562e+00 4.129502296447753906e+00 

-8.213208198547363281e+00 4.060606002807617188e+00 

-8.340255737304687500e+00 7.330013751983642578e+00 

-8.309844017028808594e+00 6.928588867187500000e+00 

-8.291156768798828125e+00 6.688947200775146484e+00 

-8.278347015380859375e+00 6.526334285736083984e+00 

-8.268744468688964844e+00 6.404416561126708984e+00 

-8.261076927185058594e+00 6.306196212768554688e+00 

-8.254632949829101562e+00 6.222494602203369141e+00 

-8.248972892761230469e+00 6.147744655609130859e+00 

-8.243800163269042969e+00 6.078185558319091797e+00 

-8.238898277282714844e+00 6.011013507843017578e+00 

-8.234083175659179688e+00 5.943810462951660156e+00 

-8.229179382324218750e+00 5.874279975891113281e+00 

-8.223990440368652344e+00 5.799870491027832031e+00 

-8.218294143676757812e+00 5.717522144317626953e+00 

-8.211777687072753906e+00 5.623219966888427734e+00 

-8.204012870788574219e+00 5.511520862579345703e+00 

-8.194371223449707031e+00 5.374742507934570312e+00 

-8.181903839111328125e+00 5.202097415924072266e+00 

-8.165199279785156250e+00 4.978849887847900391e+00 

-8.139645576477050781e+00 4.661013603210449219e+00 

-8.598294258117675781e+00 8.720381736755371094e+00 

-8.562359809875488281e+00 8.240886688232421875e+00 

-8.541779518127441406e+00 7.982967376708984375e+00 

-8.527588844299316406e+00 7.808652877807617188e+00 

-8.516565322875976562e+00 7.671771049499511719e+00 

-8.507251739501953125e+00 7.551912307739257812e+00 

-8.498786926269531250e+00 7.436540126800537109e+00 

-8.490469932556152344e+00 7.314629077911376953e+00 

-8.481537818908691406e+00 7.172438621520996094e+00 

-8.470781326293945312e+00 6.987709522247314453e+00 

-8.455878257751464844e+00 6.717949867248535156e+00 

-8.431658744812011719e+00 6.269915103912353516e+00 

-8.394271850585937500e+00 5.616226673126220703e+00 

-8.382110595703125000e+00 5.404455661773681641e+00 

-8.376687049865722656e+00 5.305771827697753906e+00 

-8.373449325561523438e+00 5.241562366485595703e+00 

-8.371102333068847656e+00 5.188708782196044922e+00 

-8.369125366210937500e+00 5.135839462280273438e+00 

-8.367164611816406250e+00 5.071276664733886719e+00 

-8.364664077758789062e+00 4.970055103302001953e+00 

-8.424913406372070312e+00 8.892514228820800781e+00 

-8.386704444885253906e+00 8.290884971618652344e+00 

-8.366376876831054688e+00 7.979069709777832031e+00 

-8.353309631347656250e+00 7.777453422546386719e+00 

-8.343692779541015625e+00 7.626129150390625000e+00 

-8.335860252380371094e+00 7.499867439270019531e+00 

-8.328893661499023438e+00 7.385172843933105469e+00 

-8.322181701660156250e+00 7.273036956787109375e+00 

-8.315182685852050781e+00 7.155583858489990234e+00 

-8.307298660278320312e+00 7.024030208587646484e+00 

-8.297686576843261719e+00 6.866384983062744141e+00 

-8.284992218017578125e+00 6.664154052734375000e+00 

-8.266851425170898438e+00 6.386977672576904297e+00 

-8.239034652709960938e+00 5.984772205352783203e+00 

-8.204495429992675781e+00 5.525828361511230469e+00 

-8.188799858093261719e+00 5.330678462982177734e+00 

-8.177380561828613281e+00 5.194690227508544922e+00 

-8.166418075561523438e+00 5.069144725799560547e+00 

-8.154184341430664062e+00 4.934542179107666016e+00 

-8.137147903442382812e+00 4.780745029449462891e+00 

-8.542414665222167969e+00 7.930075645446777344e+00 

-8.512266159057617188e+00 7.530787944793701172e+00 

-8.494200706481933594e+00 7.296899795532226562e+00 

-8.483134269714355469e+00 7.137045860290527344e+00 

-8.473626136779785156e+00 7.012688159942626953e+00 

-8.465840339660644531e+00 6.908527374267578125e+00 

-8.459095001220703125e+00 6.815209865570068359e+00 

-8.452923774719238281e+00 6.726331710815429688e+00 

-8.446970939636230469e+00 6.636507034301757812e+00 

-8.440860748291015625e+00 6.540101051330566406e+00 

-8.434168815612792969e+00 6.429982662200927734e+00 

-8.426256179809570312e+00 6.295783519744873047e+00 

-8.416084289550781250e+00 6.121148586273193359e+00 

-8.401864051818847656e+00 5.879455566406250000e+00 

-8.380162239074707031e+00 5.524630069732666016e+00 

-8.353686332702636719e+00 5.135706901550292969e+00 

-8.343271255493164062e+00 4.994061470031738281e+00 

-8.337320327758789062e+00 4.916799545288085938e+00 

-8.333130836486816406e+00 4.864041328430175781e+00 

-8.329730033874511719e+00 4.822179317474365234e+00 

-8.417572021484375000e+00 6.786407947540283203e+00 

-8.392999649047851562e+00 6.431437492370605469e+00 

-8.377644538879394531e+00 6.214813232421875000e+00 

-8.367017745971679688e+00 6.065649986267089844e+00 

-8.359009742736816406e+00 5.952469348907470703e+00 

-8.352584838867187500e+00 5.860257625579833984e+00 

-8.347170829772949219e+00 5.780746459960937500e+00 

-8.342394828796386719e+00 5.708775520324707031e+00 

-8.338009834289550781e+00 5.640712738037109375e+00 

-8.333811759948730469e+00 5.573616027832031250e+00 

-8.329633712768554688e+00 5.504729747772216797e+00 

-8.325278282165527344e+00 5.431012630462646484e+00 

-8.320536613464355469e+00 5.348700523376464844e+00 

-8.315089225769042969e+00 5.252593517303466797e+00 

-8.308500289916992188e+00 5.135065078735351562e+00 

-8.300064086914062500e+00 4.984322071075439453e+00 

-8.288634300231933594e+00 4.781550407409667969e+00 

-8.272300720214843750e+00 4.496012210845947266e+00 

-8.248303413391113281e+00 4.095531463623046875e+00 

-8.237378120422363281e+00 3.918802499771118164e+00 

-7.985546112060546875e+00 6.035606861114501953e+00 

-7.965163707733154297e+00 5.819115161895751953e+00 

-7.950607776641845703e+00 5.667106628417968750e+00 

-7.939730167388916016e+00 5.554824829101562500e+00 

-7.931173801422119141e+00 5.467126846313476562e+00 

-7.924179077148437500e+00 5.395650386810302734e+00 

-7.918270587921142578e+00 5.335342407226562500e+00 

-7.913159847259521484e+00 5.282949924468994141e+00 

-7.908626556396484375e+00 5.236286163330078125e+00 

-7.904526233673095703e+00 5.193767070770263672e+00 

-7.900745391845703125e+00 5.154221534729003906e+00 

-7.897201061248779297e+00 5.116721630096435547e+00 

-7.893813610076904297e+00 5.080522537231445312e+00 

-7.890532493591308594e+00 5.044954776763916016e+00 

-7.887288570404052734e+00 5.009417057037353516e+00 

-7.884050369262695312e+00 4.973309516906738281e+00 

-7.880743980407714844e+00 4.935995101928710938e+00 

-7.877302169799804688e+00 4.896782875061035156e+00 

-7.873666763305664062e+00 4.854878902435302734e+00 

-7.869744300842285156e+00 4.809309482574462891e+00 

-7.993508338928222656e+00 6.366791725158691406e+00 

-7.971333980560302734e+00 6.101893424987792969e+00 

-7.956159591674804688e+00 5.920913219451904297e+00 

-7.945091247558593750e+00 5.788276672363281250e+00 

-7.936496734619140625e+00 5.684412002563476562e+00 

-7.929494857788085938e+00 5.599005699157714844e+00 

-7.923586368560791016e+00 5.526028156280517578e+00 

-7.918441772460937500e+00 5.461645603179931641e+00 

-7.913836002349853516e+00 5.403225421905517578e+00 

-7.909611701965332031e+00 5.348859786987304688e+00 

-7.905638217926025391e+00 5.297004699707031250e+00 

-7.901807308197021484e+00 5.246360301971435547e+00 

-7.898024559020996094e+00 5.195695400238037109e+00 

-7.894182205200195312e+00 5.143719196319580078e+00 

-7.890174865722656250e+00 5.088992118835449219e+00 

-7.885852336883544922e+00 5.029730319976806641e+00 

-7.881044864654541016e+00 4.963634967803955078e+00 

-7.875501155853271484e+00 4.887571811676025391e+00 

-7.868865013122558594e+00 4.797089099884033203e+00 

-7.860611915588378906e+00 4.685730457305908203e+00 

-8.028676033020019531e+00 4.229779243469238281e+00 

-8.017084121704101562e+00 4.103405952453613281e+00 

-8.007812500000000000e+00 4.003933429718017578e+00 

-8.000332832336425781e+00 3.924546957015991211e+00 

-7.994121551513671875e+00 3.859231472015380859e+00 

-7.988852500915527344e+00 3.804161548614501953e+00 

-7.984304904937744141e+00 3.756770849227905273e+00 

-7.980305194854736328e+00 3.715285778045654297e+00 

-7.976755619049072266e+00 3.678423404693603516e+00 

-7.973562717437744141e+00 3.645224332809448242e+00 

-7.970660209655761719e+00 3.614970445632934570e+00 

-7.967993736267089844e+00 3.587100982666015625e+00 

-7.965528488159179688e+00 3.561167478561401367e+00 

-7.963226795196533203e+00 3.536818742752075195e+00 

-7.961062431335449219e+00 3.513759136199951172e+00 

-7.959010124206542969e+00 3.491743087768554688e+00 

-7.957053184509277344e+00 3.470559597015380859e+00 

-7.955174922943115234e+00 3.450016736984252930e+00 

-7.953360080718994141e+00 3.429961442947387695e+00 

-7.951594352722167969e+00 3.410241842269897461e+00 

-8.337440490722656250e+00 6.253189086914062500e+00 

-8.314323425292968750e+00 5.922593593597412109e+00 

-8.299934387207031250e+00 5.714408874511718750e+00 

-8.289944648742675781e+00 5.567765712738037109e+00 

-8.282352447509765625e+00 5.454330921173095703e+00 

-8.276168823242187500e+00 5.360209941864013672e+00 

-8.270867347717285156e+00 5.277496814727783203e+00 

-8.266107559204101562e+00 5.201055049896240234e+00 

-8.262557983398437500e+00 5.125042915344238281e+00 

-8.258128166198730469e+00 5.050295352935791016e+00 

-8.253608703613281250e+00 4.970968246459960938e+00 

-8.248768806457519531e+00 4.882593154907226562e+00 

-8.243317604064941406e+00 4.778994560241699219e+00 

-8.236792564392089844e+00 4.650846481323242188e+00 

-8.228464126586914062e+00 4.483214855194091797e+00 

-8.217096328735351562e+00 4.251224994659423828e+00 

-8.200580596923828125e+00 3.912995576858520508e+00 

-8.172910690307617188e+00 3.384510993957519531e+00 

-8.159200668334960938e+00 3.131672859191894531e+00 

-8.152764320373535156e+00 3.010903835296630859e+00 

-8.537417411804199219e+00 8.676709175109863281e+00 

-8.508622169494628906e+00 8.179930686950683594e+00 

-8.493314743041992188e+00 7.906597614288330078e+00 

-8.483446121215820312e+00 7.722248077392578125e+00 

-8.476131439208984375e+00 7.579130172729492188e+00 

-8.470089912414550781e+00 7.455622673034667969e+00 

-8.464586257934570312e+00 7.338679790496826172e+00 

-8.459053039550781250e+00 7.217415809631347656e+00 

-8.452831268310546875e+00 7.078980922698974609e+00 

-8.444925308227539062e+00 6.903398036956787109e+00 

-8.433439254760742188e+00 6.653116226196289062e+00 

-8.414121627807617188e+00 6.246350765228271484e+00 

-8.377812385559082031e+00 5.529140472412109375e+00 

-8.363695144653320312e+00 5.235583305358886719e+00 

-8.358715057373046875e+00 5.109161853790283203e+00 

-8.356372833251953125e+00 5.028620243072509766e+00 

-8.355024337768554688e+00 4.962974071502685547e+00 

-8.354061126708984375e+00 4.899507999420166016e+00 

-8.353402137756347656e+00 4.827405452728271484e+00 

-8.352091789245605469e+00 4.735870361328125000e+00 

-8.110157012939453125e+00 5.928365230560302734e+00 

-8.088800430297851562e+00 5.682034015655517578e+00 

-8.073781967163085938e+00 5.511281013488769531e+00 

-8.062669754028320312e+00 5.385928630828857422e+00 

-8.053976058959960938e+00 5.288171291351318359e+00 

-8.046884536743164062e+00 5.208324432373046875e+00 

-8.040903091430664062e+00 5.140597820281982422e+00 

-8.035708427429199219e+00 5.081295967102050781e+00 

-8.031082153320312500e+00 5.027909278869628906e+00 

-8.026869773864746094e+00 4.978623390197753906e+00 

-8.022958755493164062e+00 4.932071685791015625e+00 

-8.019242286682128906e+00 4.887123584747314453e+00 

-8.015648841857910156e+00 4.842805862426757812e+00 

-8.012104034423828125e+00 4.798192501068115234e+00 

-8.008535385131835938e+00 4.752351284027099609e+00 

-8.004866600036621094e+00 4.704246520996093750e+00 

-8.001007080078125000e+00 4.652680397033691406e+00 

-7.996849536895751953e+00 4.596142768859863281e+00 

-7.992257118225097656e+00 4.532705783843994141e+00 

-7.987042427062988281e+00 4.459787845611572266e+00 

-8.084749221801757812e+00 5.113295555114746094e+00 

-8.067774772644042969e+00 4.931537151336669922e+00 

-8.055142402648925781e+00 4.797559261322021484e+00 

-8.045411109924316406e+00 4.694756031036376953e+00 

-8.037567138671875000e+00 4.611996173858642578e+00 

-8.031030654907226562e+00 4.542895793914794922e+00 

-8.025437355041503906e+00 4.483499526977539062e+00 

-8.020538330078125000e+00 4.431200027465820312e+00 

-8.016174316406250000e+00 4.384205818176269531e+00 

-8.012218475341796875e+00 4.341201782226562500e+00 

-8.008582115173339844e+00 4.301212310791015625e+00 

-8.005188941955566406e+00 4.263461589813232422e+00 

-8.001988410949707031e+00 4.227313041687011719e+00 

-7.998928546905517578e+00 4.192224979400634766e+00 

-7.995964050292968750e+00 4.157687664031982422e+00 

-7.993059158325195312e+00 4.123238563537597656e+00 

-7.990174293518066406e+00 4.088383674621582031e+00 

-7.987268924713134766e+00 4.052608966827392578e+00 

-7.984296798706054688e+00 4.015352249145507812e+00 

-7.981209278106689453e+00 3.975933551788330078e+00 

-8.308840751647949219e+00 5.558428287506103516e+00 

-8.290643692016601562e+00 5.330528259277343750e+00 

-8.277853012084960938e+00 5.172488689422607422e+00 

-8.268325805664062500e+00 5.055444240570068359e+00 

-8.260794639587402344e+00 4.962997436523437500e+00 

-8.254575729370117188e+00 4.886378765106201172e+00 

-8.249260902404785156e+00 4.820411205291748047e+00 

-8.244590759277343750e+00 4.761802673339843750e+00 

-8.240385055541992188e+00 4.708270549774169922e+00 

-8.236515998840332031e+00 4.658156394958496094e+00 

-8.232886314392089844e+00 4.610130786895751953e+00 

-8.229418754577636719e+00 4.563066482543945312e+00 

-8.226028442382812500e+00 4.515872478485107422e+00 

-8.222658157348632812e+00 4.467447280883789062e+00 

-8.219218254089355469e+00 4.416547775268554688e+00 

-8.215624809265136719e+00 4.361675262451171875e+00 

-8.211769104003906250e+00 4.300911903381347656e+00 

-8.207498550415039062e+00 4.231696128845214844e+00 

-8.202612876892089844e+00 4.150477886199951172e+00 

-8.196814537048339844e+00 4.052175998687744141e+00 

-8.014673233032226562e+00 3.891215562820434570e+00 

-8.004553794860839844e+00 3.765556097030639648e+00 

-7.996448040008544922e+00 3.666240215301513672e+00 

-7.989887237548828125e+00 3.586727380752563477e+00 

-7.984441757202148438e+00 3.521181344985961914e+00 

-7.979832172393798828e+00 3.465861320495605469e+00 

-7.975852012634277344e+00 3.418246030807495117e+00 

-7.972365856170654297e+00 3.376582622528076172e+00 

-7.969274520874023438e+00 3.339595794677734375e+00 

-7.966496944427490234e+00 3.306345224380493164e+00 

-7.963984489440917969e+00 3.276119470596313477e+00 

-7.961682796478271484e+00 3.248357772827148438e+00 

-7.959560394287109375e+00 3.222624301910400391e+00 

-7.957587718963623047e+00 3.198569059371948242e+00 

-7.955737590789794922e+00 3.175899267196655273e+00 

-7.953991889953613281e+00 3.154375314712524414e+00 

-7.952341556549072266e+00 3.133805036544799805e+00 

-7.950758457183837891e+00 3.114003419876098633e+00 

-7.949239253997802734e+00 3.094834804534912109e+00 

-7.947768211364746094e+00 3.076152086257934570e+00 

-7.828977108001708984e+00 2.653179883956909180e+00 

-7.823626995086669922e+00 2.602151393890380859e+00 

-7.818840980529785156e+00 2.556868791580200195e+00 

-7.814617156982421875e+00 2.517140626907348633e+00 

-7.810849666595458984e+00 2.481911182403564453e+00 

-7.807459831237792969e+00 2.450385570526123047e+00 

-7.804389476776123047e+00 2.421942234039306641e+00 

-7.801588535308837891e+00 2.396097660064697266e+00 

-7.799021720886230469e+00 2.372470378875732422e+00 

-7.796657562255859375e+00 2.350736618041992188e+00 

-7.794460773468017578e+00 2.330640077590942383e+00 

-7.792419433593750000e+00 2.311973333358764648e+00 

-7.790513992309570312e+00 2.294555664062500000e+00 

-7.788728237152099609e+00 2.278233051300048828e+00 

-7.787047863006591797e+00 2.262885808944702148e+00 

-7.785457611083984375e+00 2.248401880264282227e+00 

-7.783960342407226562e+00 2.234683275222778320e+00 

-7.782527446746826172e+00 2.221653699874877930e+00 

-7.781174659729003906e+00 2.209242582321166992e+00 

-7.779882907867431641e+00 2.197386503219604492e+00 

-8.192529678344726562e+00 4.364443302154541016e+00 

-8.179895401000976562e+00 4.212533473968505859e+00 

-8.170096397399902344e+00 4.097101211547851562e+00 

-8.162349700927734375e+00 4.007174015045166016e+00 

-8.156018257141113281e+00 3.934414148330688477e+00 

-8.150709152221679688e+00 3.873759508132934570e+00 

-8.146155357360839844e+00 3.821945190429687500e+00 

-8.142178535461425781e+00 3.776756763458251953e+00 

-8.138662338256835938e+00 3.736641168594360352e+00 

-8.135497093200683594e+00 3.700471878051757812e+00 

-8.132620811462402344e+00 3.667399168014526367e+00 

-8.129978179931640625e+00 3.636772871017456055e+00 

-8.127521514892578125e+00 3.608078002929687500e+00 

-8.125218391418457031e+00 3.580899953842163086e+00 

-8.123039245605468750e+00 3.554885387420654297e+00 

-8.120955467224121094e+00 3.529747962951660156e+00 

-8.118960380554199219e+00 3.505219221115112305e+00 

-8.117010116577148438e+00 3.481068372726440430e+00 

-8.115108489990234375e+00 3.457072019577026367e+00 

-8.113227844238281250e+00 3.433016061782836914e+00 

-8.470447540283203125e+00 8.383503913879394531e+00 

-8.428174018859863281e+00 7.841931343078613281e+00 

-8.404306411743164062e+00 7.550892353057861328e+00 

-8.387701988220214844e+00 7.360424995422363281e+00 

-8.375823974609375000e+00 7.218670368194580078e+00 

-8.366204261779785156e+00 7.102296352386474609e+00 

-8.357879638671875000e+00 6.999245643615722656e+00 

-8.350212097167968750e+00 6.901893615722656250e+00 

-8.342761993408203125e+00 6.804341316223144531e+00 

-8.335087776184082031e+00 6.700939178466796875e+00 

-8.326707839965820312e+00 6.585093021392822266e+00 

-8.316958427429199219e+00 6.447878360748291016e+00 

-8.304826736450195312e+00 6.276110172271728516e+00 

-8.288695335388183594e+00 6.049566268920898438e+00 

-8.265853881835937500e+00 5.737894535064697266e+00 

-8.231861114501953125e+00 5.307917594909667969e+00 

-8.213309288024902344e+00 5.099310874938964844e+00 

-8.201151847839355469e+00 4.974606513977050781e+00 

-8.190641403198242188e+00 4.873448848724365234e+00 

-8.180005073547363281e+00 4.775463104248046875e+00 

-8.293553352355957031e+00 4.958129882812500000e+00 

-8.281172752380371094e+00 4.774423599243164062e+00 

-8.272162437438964844e+00 4.641250610351562500e+00 

-8.265357017517089844e+00 4.540578365325927734e+00 

-8.259969711303710938e+00 4.460616588592529297e+00 

-8.255547523498535156e+00 4.394629478454589844e+00 

-8.251812934875488281e+00 4.338458061218261719e+00 

-8.248574256896972656e+00 4.289366245269775391e+00 

-8.245710372924804688e+00 4.245471954345703125e+00 

-8.243128776550292969e+00 4.205421924591064453e+00 

-8.240754127502441406e+00 4.168186187744140625e+00 

-8.238537788391113281e+00 4.132966518402099609e+00 

-8.236433029174804688e+00 4.099095344543457031e+00 

-8.234402656555175781e+00 4.065999031066894531e+00 

-8.232416152954101562e+00 4.033143997192382812e+00 

-8.230443000793457031e+00 4.000028133392333984e+00 

-8.228444099426269531e+00 3.966114044189453125e+00 

-8.226388931274414062e+00 3.930840015411376953e+00 

-8.224243164062500000e+00 3.893547773361206055e+00 

-8.221960067749023438e+00 3.853471755981445312e+00 

-8.353809356689453125e+00 6.530369281768798828e+00 

-8.330519676208496094e+00 6.273550033569335938e+00 

-8.314582824707031250e+00 6.106460094451904297e+00 

-8.302776336669921875e+00 5.986700057983398438e+00 

-8.293399810791015625e+00 5.893404006958007812e+00 

-8.285590171813964844e+00 5.816189765930175781e+00 

-8.278838157653808594e+00 5.749154090881347656e+00 

-8.272830963134765625e+00 5.688582897186279297e+00 

-8.267336845397949219e+00 5.631833076477050781e+00 

-8.262191772460937500e+00 5.576824188232421875e+00 

-8.257246971130371094e+00 5.521686077117919922e+00 

-8.252368927001953125e+00 5.464463710784912109e+00 

-8.247406959533691406e+00 5.402904987335205078e+00 

-8.242172241210937500e+00 5.334081649780273438e+00 

-8.236424446105957031e+00 5.253939151763916016e+00 

-8.229803085327148438e+00 5.156506061553955078e+00 

-8.221734046936035156e+00 5.032555580139160156e+00 

-8.211302757263183594e+00 4.867276668548583984e+00 

-8.196947097778320312e+00 4.635759353637695312e+00 

-8.172880172729492188e+00 4.259755134582519531e+00 

-8.210896492004394531e+00 5.293467998504638672e+00 

-8.194446563720703125e+00 5.114549636840820312e+00 

-8.182038307189941406e+00 4.983814716339111328e+00 

-8.172359466552734375e+00 4.884170532226562500e+00 

-8.164483070373535156e+00 4.804399490356445312e+00 

-8.157851219177246094e+00 4.738131046295166016e+00 

-8.152141571044921875e+00 4.681434631347656250e+00 

-8.147113800048828125e+00 4.631738662719726562e+00 

-8.142611503601074219e+00 4.587275981903076172e+00 

-8.138525962829589844e+00 4.546768665313720703e+00 

-8.134768486022949219e+00 4.509257793426513672e+00 

-8.131262779235839844e+00 4.473989963531494141e+00 

-8.127958297729492188e+00 4.440355300903320312e+00 

-8.124809265136718750e+00 4.407836914062500000e+00 

-8.121778488159179688e+00 4.375967502593994141e+00 

-8.118824005126953125e+00 4.344312667846679688e+00 

-8.115912437438964844e+00 4.312435150146484375e+00 

-8.113005638122558594e+00 4.279879570007324219e+00 

-8.110067367553710938e+00 4.246166706085205078e+00 

-8.107059478759765625e+00 4.210721969604492188e+00 

-8.005825042724609375e+00 6.107638359069824219e+00 

-7.983718395233154297e+00 5.825349330902099609e+00 

-7.968593120574951172e+00 5.636579990386962891e+00 

-7.957596302032470703e+00 5.501049518585205078e+00 

-7.949107170104980469e+00 5.396961688995361328e+00 

-7.942248344421386719e+00 5.312918663024902344e+00 

-7.936501026153564453e+00 5.242326736450195312e+00 

-7.931543350219726562e+00 5.181074619293212891e+00 

-7.927148818969726562e+00 5.126450538635253906e+00 

-7.923170089721679688e+00 5.076541423797607422e+00 

-7.919482231140136719e+00 5.029942035675048828e+00 

-7.915992259979248047e+00 4.985578060150146484e+00 

-7.912639141082763672e+00 4.942570686340332031e+00 

-7.909346580505371094e+00 4.900161266326904297e+00 

-7.906066894531250000e+00 4.857659816741943359e+00 

-7.902733802795410156e+00 4.814415454864501953e+00 

-7.899294853210449219e+00 4.769746780395507812e+00 

-7.895691394805908203e+00 4.722924709320068359e+00 

-7.891843795776367188e+00 4.673156261444091797e+00 

-7.887676239013671875e+00 4.619522094726562500e+00 

-7.927398681640625000e+00 3.613916158676147461e+00 

-7.920657157897949219e+00 3.527251005172729492e+00 

-7.915044307708740234e+00 3.454476118087768555e+00 

-7.910389423370361328e+00 3.393322944641113281e+00 

-7.906448364257812500e+00 3.340902328491210938e+00 

-7.903064727783203125e+00 3.295228242874145508e+00 

-7.900118827819824219e+00 3.254881143569946289e+00 

-7.897521972656250000e+00 3.218827724456787109e+00 

-7.895213127136230469e+00 3.186258316040039062e+00 

-7.893140316009521484e+00 3.156579971313476562e+00 

-7.891265392303466797e+00 3.129308462142944336e+00 

-7.889553546905517578e+00 3.104067325592041016e+00 

-7.887980937957763672e+00 3.080549240112304688e+00 

-7.886525154113769531e+00 3.058494567871093750e+00 

-7.885170936584472656e+00 3.037697315216064453e+00 

-7.883906841278076172e+00 3.017978191375732422e+00 

-7.882717132568359375e+00 2.999181509017944336e+00 

-7.881587982177734375e+00 2.981181621551513672e+00 

-7.880514621734619141e+00 2.963868379592895508e+00 

-7.879489421844482422e+00 2.947124242782592773e+00 

-7.798305511474609375e+00 2.647297620773315430e+00 

-7.793045043945312500e+00 2.581721782684326172e+00 

-7.788429737091064453e+00 2.524592876434326172e+00 

-7.784424304962158203e+00 2.475255012512207031e+00 

-7.780898094177246094e+00 2.432115077972412109e+00 

-7.777773857116699219e+00 2.393974781036376953e+00 

-7.774977207183837891e+00 2.359942436218261719e+00 

-7.772454738616943359e+00 2.329319477081298828e+00 

-7.770161151885986328e+00 2.301558017730712891e+00 

-7.768063068389892578e+00 2.276223897933959961e+00 

-7.766141414642333984e+00 2.252963781356811523e+00 

-7.764363765716552734e+00 2.231494426727294922e+00 

-7.762717247009277344e+00 2.211573123931884766e+00 

-7.761181354522705078e+00 2.193005800247192383e+00 

-7.759748458862304688e+00 2.175623178482055664e+00 

-7.758399009704589844e+00 2.159289121627807617e+00 

-7.757131576538085938e+00 2.143877983093261719e+00 

-7.755936145782470703e+00 2.129291057586669922e+00 

-7.754801273345947266e+00 2.115432500839233398e+00 

-7.753722190856933594e+00 2.102228403091430664e+00 

-8.136573791503906250e+00 6.236891269683837891e+00 

-8.116045951843261719e+00 6.023263931274414062e+00 

-8.101489067077636719e+00 5.877099514007568359e+00 

-8.090523719787597656e+00 5.769863605499267578e+00 

-8.081758499145507812e+00 5.685733795166015625e+00 

-8.074445724487304688e+00 5.616392135620117188e+00 

-8.068135261535644531e+00 5.556989192962646484e+00 

-8.062552452087402344e+00 5.504455566406250000e+00 

-8.057490348815917969e+00 5.456701755523681641e+00 

-8.052813529968261719e+00 5.412193775177001953e+00 

-8.048408508300781250e+00 5.369754314422607422e+00 

-8.044188499450683594e+00 5.328360080718994141e+00 

-8.040071487426757812e+00 5.287078380584716797e+00 

-8.035969734191894531e+00 5.244962215423583984e+00 

-8.031803131103515625e+00 5.200982093811035156e+00 

-8.027485847473144531e+00 5.153910160064697266e+00 

-8.022882461547851562e+00 5.102236270904541016e+00 

-8.017837524414062500e+00 5.043964862823486328e+00 

-8.012141227722167969e+00 4.976449012756347656e+00 

-8.005486488342285156e+00 4.896015167236328125e+00 

-8.532370567321777344e+00 8.823398590087890625e+00 

-8.497176170349121094e+00 8.371280670166015625e+00 

-8.477179527282714844e+00 8.128635406494140625e+00 

-8.463417053222656250e+00 7.965333938598632812e+00 

-8.452672958374023438e+00 7.837259292602539062e+00 

-8.443519592285156250e+00 7.724895477294921875e+00 

-8.435114860534667969e+00 7.616242885589599609e+00 

-8.426776885986328125e+00 7.500561714172363281e+00 

-8.417715072631835938e+00 7.364125251770019531e+00 

-8.406638145446777344e+00 7.184170246124267578e+00 

-8.390996932983398438e+00 6.916139125823974609e+00 

-8.364926338195800781e+00 6.460334300994873047e+00 

-8.325373649597167969e+00 5.822956085205078125e+00 

-8.312415122985839844e+00 5.625466823577880859e+00 

-8.306255340576171875e+00 5.534671306610107422e+00 

-8.302300453186035156e+00 5.476332187652587891e+00 

-8.299263954162597656e+00 5.428842544555664062e+00 

-8.296610832214355469e+00 5.381777763366699219e+00 

-8.293976783752441406e+00 5.324865818023681641e+00 

-8.290806770324707031e+00 5.237175941467285156e+00 

-8.389188766479492188e+00 8.007977485656738281e+00 

-8.354748725891113281e+00 7.590134620666503906e+00 

-8.333909988403320312e+00 7.349097251892089844e+00 

-8.319531440734863281e+00 7.186048984527587891e+00 

-8.308576583862304688e+00 7.062113285064697266e+00 

-8.299637794494628906e+00 6.959590435028076172e+00 

-8.291906356811523438e+00 6.868633747100830078e+00 

-8.284839630126953125e+00 6.782685279846191406e+00 

-8.278034210205078125e+00 6.696331977844238281e+00 

-8.271088600158691406e+00 6.603962898254394531e+00 

-8.263513565063476562e+00 6.498382091522216797e+00 

-8.254589080810546875e+00 6.368791103363037109e+00 

-8.243133544921875000e+00 6.197056293487548828e+00 

-8.226907730102539062e+00 5.950482368469238281e+00 

-8.201449394226074219e+00 5.563899993896484375e+00 

-8.168917655944824219e+00 5.096550941467285156e+00 

-8.157010078430175781e+00 4.935416221618652344e+00 

-8.150484085083007812e+00 4.851695060729980469e+00 

-8.145997047424316406e+00 4.796482086181640625e+00 

-8.142432212829589844e+00 4.753707885742187500e+00 

-7.810178756713867188e+00 4.651101589202880859e+00 

-7.797169208526611328e+00 4.516691207885742188e+00 

-7.786874294281005859e+00 4.412003517150878906e+00 

-7.778616428375244141e+00 4.329106330871582031e+00 

-7.771786212921142578e+00 4.261322498321533203e+00 

-7.766005992889404297e+00 4.204444408416748047e+00 

-7.761014461517333984e+00 4.155702590942382812e+00 

-7.756630420684814453e+00 4.113178253173828125e+00 

-7.752727985382080078e+00 4.075498580932617188e+00 

-7.749205112457275391e+00 4.041651248931884766e+00 

-7.745998382568359375e+00 4.010869979858398438e+00 

-7.743040084838867188e+00 3.982561588287353516e+00 

-7.740291118621826172e+00 3.956266403198242188e+00 

-7.737716197967529297e+00 3.931601762771606445e+00 

-7.735280990600585938e+00 3.908263206481933594e+00 

-7.732964038848876953e+00 3.885991334915161133e+00 

-7.730738639831542969e+00 3.864561080932617188e+00 

-7.728593826293945312e+00 3.843784332275390625e+00 

-7.726506233215332031e+00 3.823485136032104492e+00 

-7.724464416503906250e+00 3.803511619567871094e+00 

-8.515709877014160156e+00 6.863613128662109375e+00 

-8.494158744812011719e+00 6.535158634185791016e+00 

-8.480385780334472656e+00 6.329608440399169922e+00 

-8.470700263977050781e+00 6.185507297515869141e+00 

-8.463330268859863281e+00 6.074840068817138672e+00 

-8.457374572753906250e+00 5.984027385711669922e+00 

-8.452338218688964844e+00 5.905438899993896484e+00 

-8.447891235351562500e+00 5.834289073944091797e+00 

-8.443810462951660156e+00 5.767151832580566406e+00 

-8.439926147460937500e+00 5.701282978057861328e+00 

-8.436078071594238281e+00 5.634095191955566406e+00 

-8.432100296020507812e+00 5.562806129455566406e+00 

-8.427800178527832031e+00 5.483996391296386719e+00 

-8.422916412353515625e+00 5.393047332763671875e+00 

-8.417072296142578125e+00 5.283285617828369141e+00 

-8.409687042236328125e+00 5.144590377807617188e+00 

-8.399798393249511719e+00 4.961099147796630859e+00 

-8.385833740234375000e+00 4.707075119018554688e+00 

-8.363637924194335938e+00 4.322616100311279297e+00 

-8.351796150207519531e+00 4.124812602996826172e+00 

-8.078425407409667969e+00 4.182067394256591797e+00 

-8.067187309265136719e+00 4.020140647888183594e+00 

-8.058653831481933594e+00 3.895396471023559570e+00 

-8.052050590515136719e+00 3.797022581100463867e+00 

-8.046763420104980469e+00 3.716594219207763672e+00 

-8.042428970336914062e+00 3.648941993713378906e+00 

-8.038778305053710938e+00 3.590696811676025391e+00 

-8.035654067993164062e+00 3.539556264877319336e+00 

-8.032936096191406250e+00 3.493905544281005859e+00 

-8.030529975891113281e+00 3.452554225921630859e+00 

-8.028375625610351562e+00 3.414605617523193359e+00 

-8.026413917541503906e+00 3.379365682601928711e+00 

-8.024617195129394531e+00 3.346287012100219727e+00 

-8.022942543029785156e+00 3.314924001693725586e+00 

-8.021365165710449219e+00 3.284895420074462891e+00 

-8.019865036010742188e+00 3.255884408950805664e+00 

-8.018419265747070312e+00 3.227608442306518555e+00 

-8.017011642456054688e+00 3.199802637100219727e+00 

-8.015625000000000000e+00 3.172228097915649414e+00 

-8.014245033264160156e+00 3.144640445709228516e+00 

-8.491015434265136719e+00 7.370068550109863281e+00 

-8.464113235473632812e+00 7.014445304870605469e+00 

-8.448094367980957031e+00 6.807663917541503906e+00 

-8.437075614929199219e+00 6.666027545928955078e+00 

-8.428633689880371094e+00 6.556412220001220703e+00 

-8.421648979187011719e+00 6.463695526123046875e+00 

-8.415507316589355469e+00 6.379328727722167969e+00 

-8.409811019897460938e+00 6.297386646270751953e+00 

-8.404237747192382812e+00 6.212561130523681641e+00 

-8.398452758789062500e+00 6.118839263916015625e+00 

-8.392021179199218750e+00 6.007897377014160156e+00 

-8.384262084960937500e+00 5.866486072540283203e+00 

-8.373961448669433594e+00 5.671401500701904297e+00 

-8.358835220336914062e+00 5.378630161285400391e+00 

-8.330394744873046875e+00 4.843100070953369141e+00 

-8.308117866516113281e+00 4.439603805541992188e+00 

-8.300014495849609375e+00 4.285989284515380859e+00 

-8.295979499816894531e+00 4.202230930328369141e+00 

-8.293573379516601562e+00 4.145205497741699219e+00 

-8.291940689086914062e+00 4.099845886230468750e+00 

-8.377298355102539062e+00 5.452576160430908203e+00 

-8.361864089965820312e+00 5.198369979858398438e+00 

-8.351216316223144531e+00 5.025737285614013672e+00 

-8.343442916870117188e+00 4.900516033172607422e+00 

-8.337424278259277344e+00 4.803654670715332031e+00 

-8.332558631896972656e+00 4.725007534027099609e+00 

-8.328486442565917969e+00 4.658641338348388672e+00 

-8.324975013732910156e+00 4.600798130035400391e+00 

-8.321871757507324219e+00 4.548962593078613281e+00 

-8.319064140319824219e+00 4.501353263854980469e+00 

-8.316467285156250000e+00 4.456610202789306641e+00 

-8.314013481140136719e+00 4.413671016693115234e+00 

-8.311651229858398438e+00 4.371619701385498047e+00 

-8.309325218200683594e+00 4.329630851745605469e+00 

-8.306988716125488281e+00 4.286865711212158203e+00 

-8.304591178894042969e+00 4.242479801177978516e+00 

-8.302085876464843750e+00 4.195493221282958984e+00 

-8.299387931823730469e+00 4.144763946533203125e+00 

-8.296432495117187500e+00 4.088878154754638672e+00 

-8.293107032775878906e+00 4.025999546051025391e+00 

-8.520717620849609375e+00 8.963099479675292969e+00 

-8.482874870300292969e+00 8.433044433593750000e+00 

-8.462525367736816406e+00 8.148293495178222656e+00 

-8.449029922485351562e+00 7.955785751342773438e+00 

-8.438699722290039062e+00 7.803518295288085938e+00 

-8.429909706115722656e+00 7.667664527893066406e+00 

-8.421666145324707031e+00 7.532251358032226562e+00 

-8.413071632385253906e+00 7.380697250366210938e+00 

-8.402851104736328125e+00 7.187570571899414062e+00 

-8.388525009155273438e+00 6.902180671691894531e+00 

-8.364085197448730469e+00 6.403813362121582031e+00 

-8.319871902465820312e+00 5.567753791809082031e+00 

-8.305565834045410156e+00 5.301258087158203125e+00 

-8.300150871276855469e+00 5.189563274383544922e+00 

-8.297262191772460938e+00 5.118856906890869141e+00 

-8.295344352722167969e+00 5.060948848724365234e+00 

-8.293802261352539062e+00 5.003411769866943359e+00 

-8.292254447937011719e+00 4.934916496276855469e+00 

-8.290150642395019531e+00 4.834377288818359375e+00 

-8.285871505737304688e+00 4.639429569244384766e+00 

-8.544319152832031250e+00 8.579528808593750000e+00 

-8.513593673706054688e+00 8.078470230102539062e+00 

-8.496586799621582031e+00 7.799633979797363281e+00 

-8.485340118408203125e+00 7.610385417938232422e+00 

-8.476921081542968750e+00 7.464419364929199219e+00 

-8.470033645629882812e+00 7.341435909271240234e+00 

-8.463953018188476562e+00 7.230078697204589844e+00 

-8.458184242248535156e+00 7.122237205505371094e+00 

-8.452273368835449219e+00 7.010354042053222656e+00 

-8.445689201354980469e+00 6.885343551635742188e+00 

-8.437630653381347656e+00 6.733961582183837891e+00 

-8.426734924316406250e+00 6.534543991088867188e+00 

-8.410447120666503906e+00 6.249981880187988281e+00 

-8.380957603454589844e+00 5.781285285949707031e+00 

-8.360132217407226562e+00 5.481117248535156250e+00 

-8.351621627807617188e+00 5.360366344451904297e+00 

-8.346766471862792969e+00 5.289954662322998047e+00 

-8.343400955200195312e+00 5.239011764526367188e+00 

-8.340745925903320312e+00 5.196269989013671875e+00 

-8.338447570800781250e+00 5.156079769134521484e+00 

-8.606543540954589844e+00 8.324626922607421875e+00 

-8.583397865295410156e+00 7.775768756866455078e+00 

-8.571136474609375000e+00 7.485663414001464844e+00 

-8.562847137451171875e+00 7.296138286590576172e+00 

-8.556214332580566406e+00 7.152893066406250000e+00 

-8.550299644470214844e+00 7.032555103302001953e+00 

-8.544638633728027344e+00 6.922239780426025391e+00 

-8.538883209228515625e+00 6.812806129455566406e+00 

-8.532685279846191406e+00 6.695596218109130859e+00 

-8.525540351867675781e+00 6.559868335723876953e+00 

-8.516614913940429688e+00 6.389497280120849609e+00 

-8.504428863525390625e+00 6.157279491424560547e+00 

-8.486116409301757812e+00 5.814412593841552734e+00 

-8.454953193664550781e+00 5.259494781494140625e+00 

-8.439609527587890625e+00 5.004606723785400391e+00 

-8.432357788085937500e+00 4.891452789306640625e+00 

-8.427709579467773438e+00 4.823007106781005859e+00 

-8.424103736877441406e+00 4.772345066070556641e+00 

-8.420937538146972656e+00 4.729086875915527344e+00 

-8.417791366577148438e+00 4.688928127288818359e+00 

-8.179862022399902344e+00 4.247056484222412109e+00 

-8.167928695678710938e+00 4.075639247894287109e+00 

-8.159008026123046875e+00 3.946624040603637695e+00 

-8.152160644531250000e+00 3.846769809722900391e+00 

-8.146703720092773438e+00 3.766346693038940430e+00 

-8.142216682434082031e+00 3.699499130249023438e+00 

-8.138438224792480469e+00 3.642478704452514648e+00 

-8.135185241699218750e+00 3.592769622802734375e+00 

-8.132334709167480469e+00 3.548600196838378906e+00 

-8.129796028137207031e+00 3.508695125579833984e+00 

-8.127497673034667969e+00 3.472090959548950195e+00 

-8.125392913818359375e+00 3.438061952590942383e+00 

-8.123437881469726562e+00 3.406001567840576172e+00 

-8.121600151062011719e+00 3.375449895858764648e+00 

-8.119854927062988281e+00 3.345992565155029297e+00 

-8.118168830871582031e+00 3.317285060882568359e+00 

-8.116531372070312500e+00 3.288997888565063477e+00 

-8.114924430847167969e+00 3.260845184326171875e+00 

-8.113315582275390625e+00 3.232532978057861328e+00 

-8.111696243286132812e+00 3.203769922256469727e+00 

-8.426223754882812500e+00 7.346459865570068359e+00 

-8.398427963256835938e+00 6.986110687255859375e+00 

-8.380792617797851562e+00 6.758405685424804688e+00 

-8.368578910827636719e+00 6.599643707275390625e+00 

-8.359397888183593750e+00 6.478641510009765625e+00 

-8.352070808410644531e+00 6.379957199096679688e+00 

-8.345901489257812500e+00 6.294763565063476562e+00 

-8.340471267700195312e+00 6.217476367950439453e+00 

-8.335469245910644531e+00 6.144098758697509766e+00 

-8.330654144287109375e+00 6.071357250213623047e+00 

-8.325803756713867188e+00 5.996113777160644531e+00 

-8.320688247680664062e+00 5.914888858795166016e+00 

-8.315003395080566406e+00 5.823283195495605469e+00 

-8.308344841003417969e+00 5.715244770050048828e+00 

-8.300101280212402344e+00 5.581997871398925781e+00 

-8.289321899414062500e+00 5.410437583923339844e+00 

-8.274484634399414062e+00 5.181291580200195312e+00 

-8.250520706176757812e+00 4.832908630371093750e+00 

-8.233234405517578125e+00 4.600167274475097656e+00 

-8.224437713623046875e+00 4.487503528594970703e+00 

-8.453094482421875000e+00 6.924406051635742188e+00 

-8.431558609008789062e+00 6.604279518127441406e+00 

-8.418628692626953125e+00 6.403122901916503906e+00 

-8.410039901733398438e+00 6.261216640472412109e+00 

-8.403816223144531250e+00 6.151438713073730469e+00 

-8.400588035583496094e+00 6.062222480773925781e+00 

-8.396443367004394531e+00 5.982738494873046875e+00 

-8.392788887023925781e+00 5.909733772277832031e+00 

-8.389395713806152344e+00 5.839563369750976562e+00 

-8.386077880859375000e+00 5.769039630889892578e+00 

-8.382659912109375000e+00 5.694918155670166016e+00 

-8.378931999206542969e+00 5.613290786743164062e+00 

-8.374606132507324219e+00 5.518901824951171875e+00 

-8.369262695312500000e+00 5.403990745544433594e+00 

-8.362226486206054688e+00 5.256316184997558594e+00 

-8.352318763732910156e+00 5.055508136749267578e+00 

-8.337482452392578125e+00 4.765247344970703125e+00 

-8.312619209289550781e+00 4.312215328216552734e+00 

-8.300378799438476562e+00 4.089251518249511719e+00 

-8.294604301452636719e+00 3.979720354080200195e+00 

-8.064758300781250000e+00 2.851142883300781250e+00 

-8.057880401611328125e+00 2.783102035522460938e+00 

-8.051940917968750000e+00 2.725439071655273438e+00 

-8.046841621398925781e+00 2.676671028137207031e+00 

-8.042388916015625000e+00 2.634688138961791992e+00 

-8.038445472717285156e+00 2.597996234893798828e+00 

-8.034916877746582031e+00 2.565515995025634766e+00 

-8.031728744506835938e+00 2.536447286605834961e+00 

-8.028817176818847656e+00 2.510165452957153320e+00 

-8.026149749755859375e+00 2.486204862594604492e+00 

-8.023678779602050781e+00 2.464187145233154297e+00 

-8.021380424499511719e+00 2.443803310394287109e+00 

-8.019230842590332031e+00 2.424826860427856445e+00 

-8.017212867736816406e+00 2.407044649124145508e+00 

-8.015307426452636719e+00 2.390286207199096680e+00 

-8.013499259948730469e+00 2.374415636062622070e+00 

-8.011781692504882812e+00 2.359317541122436523e+00 

-8.010141372680664062e+00 2.344889879226684570e+00 

-8.008567810058593750e+00 2.331035375595092773e+00 

-8.007060050964355469e+00 2.317694664001464844e+00 

-7.854467868804931641e+00 2.727206468582153320e+00 

-7.848397731781005859e+00 2.657975912094116211e+00 

-7.843127250671386719e+00 2.598345279693603516e+00 

-7.838587760925292969e+00 2.547316789627075195e+00 

-7.834624767303466797e+00 2.503017187118530273e+00 

-7.831127643585205078e+00 2.464087009429931641e+00 

-7.828015327453613281e+00 2.429510354995727539e+00 

-7.825216770172119141e+00 2.398513317108154297e+00 

-7.822687149047851562e+00 2.370499849319458008e+00 

-7.820377349853515625e+00 2.344989776611328125e+00 

-7.818263530731201172e+00 2.321614027023315430e+00 

-7.816312313079833984e+00 2.300061702728271484e+00 

-7.814506053924560547e+00 2.280077934265136719e+00 

-7.812828063964843750e+00 2.261456489562988281e+00 

-7.811258316040039062e+00 2.244021892547607422e+00 

-7.809782505035400391e+00 2.227632522583007812e+00 

-7.808396339416503906e+00 2.212157011032104492e+00 

-7.807084083557128906e+00 2.197488784790039062e+00 

-7.805837631225585938e+00 2.183536291122436523e+00 

-7.804653167724609375e+00 2.170220851898193359e+00 

-8.041532516479492188e+00 3.419826984405517578e+00 

-8.032499313354492188e+00 3.328231573104858398e+00 

-8.024960517883300781e+00 3.253752708435058594e+00 

-8.018651962280273438e+00 3.192737340927124023e+00 

-8.013252258300781250e+00 3.141468763351440430e+00 

-8.008548736572265625e+00 3.097484827041625977e+00 

-8.004392623901367188e+00 3.059103965759277344e+00 

-8.000669479370117188e+00 3.025100231170654297e+00 

-7.997307777404785156e+00 2.994603157043457031e+00 

-7.994236469268798828e+00 2.966933012008666992e+00 

-7.991416931152343750e+00 2.941580772399902344e+00 

-7.988800525665283203e+00 2.918143749237060547e+00 

-7.986366748809814453e+00 2.896303415298461914e+00 

-7.984082698822021484e+00 2.875793933868408203e+00 

-7.981931209564208984e+00 2.856399774551391602e+00 

-7.979893684387207031e+00 2.837943315505981445e+00 

-7.977957248687744141e+00 2.820268869400024414e+00 

-7.976107597351074219e+00 2.803239583969116211e+00 

-7.974332332611083984e+00 2.786744117736816406e+00 

-7.972623348236083984e+00 2.770677566528320312e+00 

-8.445954322814941406e+00 6.364752292633056641e+00 

-8.425853729248046875e+00 6.061872482299804688e+00 

-8.413086891174316406e+00 5.869748115539550781e+00 

-8.404174804687500000e+00 5.734714031219482422e+00 

-8.397426605224609375e+00 5.631271839141845703e+00 

-8.392000198364257812e+00 5.546780109405517578e+00 

-8.387417793273925781e+00 5.474176883697509766e+00 

-8.383383750915527344e+00 5.409019947052001953e+00 

-8.379696846008300781e+00 5.348219394683837891e+00 

-8.376197814941406250e+00 5.289384841918945312e+00 

-8.372756958007812500e+00 5.230396270751953125e+00 

-8.369249343872070312e+00 5.169144153594970703e+00 

-8.365530014038085938e+00 5.103205204010009766e+00 

-8.361420631408691406e+00 5.029586791992187500e+00 

-8.356679916381835938e+00 4.944198131561279297e+00 

-8.350963592529296875e+00 4.841218471527099609e+00 

-8.343744277954101562e+00 4.712049961090087891e+00 

-8.334199905395507812e+00 4.543695449829101562e+00 

-8.321041107177734375e+00 4.316392898559570312e+00 

-8.299200057983398438e+00 3.956971883773803711e+00 

-8.243512153625488281e+00 4.823101997375488281e+00 

-8.229568481445312500e+00 4.631167411804199219e+00 

-8.219456672668457031e+00 4.493526458740234375e+00 

-8.211818695068359375e+00 4.390151023864746094e+00 

-8.205762863159179688e+00 4.308340072631835938e+00 

-8.200792312622070312e+00 4.240923881530761719e+00 

-8.196576118469238281e+00 4.183524608612060547e+00 

-8.192912101745605469e+00 4.133286476135253906e+00 

-8.189661979675292969e+00 4.088264465332031250e+00 

-8.186718940734863281e+00 4.047049045562744141e+00 

-8.184004783630371094e+00 4.008582115173339844e+00 

-8.181466102600097656e+00 3.972025871276855469e+00 

-8.179042816162109375e+00 3.936688184738159180e+00 

-8.176701545715332031e+00 3.901948690414428711e+00 

-8.174400329589843750e+00 3.867232561111450195e+00 

-8.172106742858886719e+00 3.831969738006591797e+00 

-8.169770240783691406e+00 3.795544624328613281e+00 

-8.167360305786132812e+00 3.757287502288818359e+00 

-8.164830207824707031e+00 3.716396808624267578e+00 

-8.162116050720214844e+00 3.671904802322387695e+00 

-7.997782707214355469e+00 5.001275539398193359e+00 

-7.984166622161865234e+00 4.868929386138916016e+00 

-7.973592758178710938e+00 4.767210006713867188e+00 

-7.965206623077392578e+00 4.687113761901855469e+00 

-7.958315849304199219e+00 4.621607780456542969e+00 

-7.952500343322753906e+00 4.566430091857910156e+00 

-7.947474956512451172e+00 4.518836021423339844e+00 

-7.943051815032958984e+00 4.476960182189941406e+00 

-7.939099311828613281e+00 4.439490318298339844e+00 

-7.935514926910400391e+00 4.405462265014648438e+00 

-7.932226181030273438e+00 4.374148368835449219e+00 

-7.929174423217773438e+00 4.344985961914062500e+00 

-7.926317691802978516e+00 4.317514896392822266e+00 

-7.923607349395751953e+00 4.291366100311279297e+00 

-7.921025276184082031e+00 4.266221523284912109e+00 

-7.918538093566894531e+00 4.241800308227539062e+00 

-7.916115760803222656e+00 4.217843532562255859e+00 

-7.913743019104003906e+00 4.194107532501220703e+00 

-7.911392688751220703e+00 4.170361518859863281e+00 

-7.909046649932861328e+00 4.146355628967285156e+00 

-8.291711807250976562e+00 5.912754058837890625e+00 

-8.272439002990722656e+00 5.712239742279052734e+00 

-8.258417129516601562e+00 5.573062896728515625e+00 

-8.247712135314941406e+00 5.470199584960937500e+00 

-8.239089012145996094e+00 5.389240264892578125e+00 

-8.231899261474609375e+00 5.322460651397705078e+00 

-8.225709915161132812e+00 5.265285015106201172e+00 

-8.220251083374023438e+00 5.214808464050292969e+00 

-8.215361595153808594e+00 5.169043064117431641e+00 

-8.210874557495117188e+00 5.126548767089843750e+00 

-8.206707954406738281e+00 5.086209297180175781e+00 

-8.202770233154296875e+00 5.047097206115722656e+00 

-8.198982238769531250e+00 5.008389472961425781e+00 

-8.195289611816406250e+00 4.969286441802978516e+00 

-8.191607475280761719e+00 4.928943634033203125e+00 

-8.187883377075195312e+00 4.886420249938964844e+00 

-8.184030532836914062e+00 4.840610504150390625e+00 

-8.179950714111328125e+00 4.790110588073730469e+00 

-8.175509452819824219e+00 4.733136177062988281e+00 

-8.170547485351562500e+00 4.667300701141357422e+00 

