3.336091518402099609e+00 3.339268922805786133e+00 3.339994430541992188e+00 3.339317321777343750e+00 3.339298725128173828e+00 

3.292927026748657227e+00 3.330376863479614258e+00 3.339954137802124023e+00 3.330939292907714844e+00 3.331025123596191406e+00 

3.258594989776611328e+00 3.322205781936645508e+00 3.339945554733276367e+00 3.323173761367797852e+00 3.323728322982788086e+00 

3.229876518249511719e+00 3.314592838287353516e+00 3.339952468872070312e+00 3.315921068191528320e+00 3.317096471786499023e+00 

3.204971790313720703e+00 3.307435512542724609e+00 3.339966535568237305e+00 3.309104442596435547e+00 3.310961484909057617e+00 

3.182764530181884766e+00 3.300662994384765625e+00 3.339983940124511719e+00 3.302664041519165039e+00 3.305219411849975586e+00 

3.162506580352783203e+00 3.294222593307495117e+00 3.340002536773681641e+00 3.296552419662475586e+00 3.299802303314208984e+00 

3.143661737442016602e+00 3.288071393966674805e+00 3.340016841888427734e+00 3.290740728378295898e+00 3.294654607772827148e+00 

3.125837564468383789e+00 3.282182455062866211e+00 3.340031147003173828e+00 3.285187721252441406e+00 3.289753198623657227e+00 

3.108723640441894531e+00 3.276531219482421875e+00 3.340045452117919922e+00 3.279867410659790039e+00 3.285072803497314453e+00 

3.336301326751708984e+00 3.339420795440673828e+00 3.339489221572875977e+00 3.338454961776733398e+00 3.339999198913574219e+00 

3.294566869735717773e+00 3.332224845886230469e+00 3.333420276641845703e+00 3.320072889328002930e+00 3.339997768402099609e+00 

3.261164665222167969e+00 3.325382471084594727e+00 3.328044891357421875e+00 3.303786754608154297e+00 3.340004920959472656e+00 

3.233128786087036133e+00 3.318830966949462891e+00 3.323175430297851562e+00 3.289060354232788086e+00 3.340017080307006836e+00 

3.208778381347656250e+00 3.312530279159545898e+00 3.318698167800903320e+00 3.275563001632690430e+00 3.340033054351806641e+00 

3.187062978744506836e+00 3.306450128555297852e+00 3.314538717269897461e+00 3.263071060180664062e+00 3.340052604675292969e+00 

3.167277336120605469e+00 3.300567388534545898e+00 3.310645103454589844e+00 3.251421928405761719e+00 3.340075016021728516e+00 

3.148920059204101562e+00 3.294862747192382812e+00 3.306978702545166016e+00 3.240492820739746094e+00 3.340099811553955078e+00 

3.131617784500122070e+00 3.289321422576904297e+00 3.303511142730712891e+00 3.230187177658081055e+00 3.340127229690551758e+00 

3.115079641342163086e+00 3.283930063247680664e+00 3.300219774246215820e+00 3.220427036285400391e+00 3.340156793594360352e+00 

3.335003852844238281e+00 3.340034246444702148e+00 3.340148210525512695e+00 3.337803602218627930e+00 3.338753223419189453e+00 

3.281095981597900391e+00 3.340374946594238281e+00 3.341574192047119141e+00 3.312288761138916016e+00 3.324217319488525391e+00 

3.240339040756225586e+00 3.340708732604980469e+00 3.342921018600463867e+00 3.290475606918334961e+00 3.311635017395019531e+00 

3.207114934921264648e+00 3.341034889221191406e+00 3.344213485717773438e+00 3.271255731582641602e+00 3.300377368927001953e+00 

3.178618669509887695e+00 3.341353178024291992e+00 3.345464229583740234e+00 3.253984212875366211e+00 3.290107488632202148e+00 

3.153228759765625000e+00 3.341663599014282227e+00 3.346680164337158203e+00 3.238237380981445312e+00 3.280619621276855469e+00 

3.129903316497802734e+00 3.341967105865478516e+00 3.347865581512451172e+00 3.223716735839843750e+00 3.271776199340820312e+00 

3.107914447784423828e+00 3.342263936996459961e+00 3.349023342132568359e+00 3.210200548171997070e+00 3.263479709625244141e+00 

3.086711645126342773e+00 3.342554330825805664e+00 3.350154638290405273e+00 3.197519540786743164e+00 3.255657672882080078e+00 

3.065846204757690430e+00 3.342838764190673828e+00 3.351262092590332031e+00 3.185540676116943359e+00 3.248256444931030273e+00 

3.335961580276489258e+00 3.340022563934326172e+00 3.340154170989990234e+00 3.340302944183349609e+00 3.337115287780761719e+00 

3.291712760925292969e+00 3.340236186981201172e+00 3.341620683670043945e+00 3.343162298202514648e+00 3.304618358612060547e+00 

3.257271766662597656e+00 3.340430498123168945e+00 3.342976808547973633e+00 3.345787525177001953e+00 3.278147220611572266e+00 

3.228798151016235352e+00 3.340610027313232422e+00 3.344254016876220703e+00 3.348255157470703125e+00 3.255612611770629883e+00 

3.204279184341430664e+00 3.340777397155761719e+00 3.345470190048217773e+00 3.350605726242065430e+00 3.235856771469116211e+00 

3.182520389556884766e+00 3.340934753417968750e+00 3.346636772155761719e+00 3.352864027023315430e+00 3.218162059783935547e+00 

3.162747859954833984e+00 3.341083765029907227e+00 3.347762107849121094e+00 3.355046272277832031e+00 3.202048301696777344e+00 

3.144427061080932617e+00 3.341224908828735352e+00 3.348851442337036133e+00 3.357162475585937500e+00 3.187177181243896484e+00 

3.127167463302612305e+00 3.341359376907348633e+00 3.349908828735351562e+00 3.359220743179321289e+00 3.173299789428710938e+00 

3.110670804977416992e+00 3.341487884521484375e+00 3.350937604904174805e+00 3.361226320266723633e+00 3.160225868225097656e+00 

3.338441610336303711e+00 3.339461565017700195e+00 3.339578390121459961e+00 3.339806795120239258e+00 3.339795112609863281e+00 

3.319672346115112305e+00 3.332750797271728516e+00 3.334364175796508789e+00 3.337388277053833008e+00 3.337251186370849609e+00 

3.302844524383544922e+00 3.326361894607543945e+00 3.329455614089965820e+00 3.335062265396118164e+00 3.334840297698974609e+00 

3.287582397460937500e+00 3.320259571075439453e+00 3.324804067611694336e+00 3.332814931869506836e+00 3.332540512084960938e+00 

3.273606538772583008e+00 3.314413785934448242e+00 3.320372581481933594e+00 3.330636501312255859e+00 3.330335378646850586e+00 

3.260703563690185547e+00 3.308800220489501953e+00 3.316132783889770508e+00 3.328518629074096680e+00 3.328212738037109375e+00 

3.248706340789794922e+00 3.303397417068481445e+00 3.312062263488769531e+00 3.326455354690551758e+00 3.326162576675415039e+00 

3.237482547760009766e+00 3.298187732696533203e+00 3.308142662048339844e+00 3.324440717697143555e+00 3.324176311492919922e+00 

3.226923227310180664e+00 3.293155193328857422e+00 3.304359912872314453e+00 3.322472095489501953e+00 3.322247743606567383e+00 

3.216940164566040039e+00 3.288285970687866211e+00 3.300701141357421875e+00 3.320544958114624023e+00 3.320371150970458984e+00 

3.336171865463256836e+00 3.339974164962768555e+00 3.339873552322387695e+00 3.339089393615722656e+00 3.338878870010375977e+00 

3.293590068817138672e+00 3.339633464813232422e+00 3.338280677795410156e+00 3.328074693679809570e+00 3.325599908828735352e+00 

3.259686946868896484e+00 3.339280366897583008e+00 3.336731672286987305e+00 3.318065404891967773e+00 3.313860893249511719e+00 

3.231313228607177734e+00 3.338921308517456055e+00 3.335223674774169922e+00 3.308836936950683594e+00 3.303216457366943359e+00 

3.206707239151000977e+00 3.338559865951538086e+00 3.333752632141113281e+00 3.300242424011230469e+00 3.293412446975708008e+00 

3.184776306152343750e+00 3.338197469711303711e+00 3.332316160202026367e+00 3.292176008224487305e+00 3.284288167953491211e+00 

3.164790630340576172e+00 3.337836742401123047e+00 3.330911159515380859e+00 3.284559965133666992e+00 3.275733232498168945e+00 

3.146232604980468750e+00 3.337476730346679688e+00 3.329535484313964844e+00 3.277333974838256836e+00 3.267666578292846680e+00 

3.128717422485351562e+00 3.337118387222290039e+00 3.328186511993408203e+00 3.270450115203857422e+00 3.260029554367065430e+00 

3.111943960189819336e+00 3.336760759353637695e+00 3.326862096786499023e+00 3.263869285583496094e+00 3.252774238586425781e+00 

3.334468364715576172e+00 3.339833021163940430e+00 3.340808629989624023e+00 3.335633277893066406e+00 3.339916706085205078e+00 

3.276358127593994141e+00 3.337849140167236328e+00 3.348238468170166016e+00 3.288887262344360352e+00 3.338948726654052734e+00 

3.233814716339111328e+00 3.336044311523437500e+00 3.354847669601440430e+00 3.253240108489990234e+00 3.338096380233764648e+00 

3.199599981307983398e+00 3.334337234497070312e+00 3.360947847366333008e+00 3.223978757858276367e+00 3.337311029434204102e+00 

3.170407056808471680e+00 3.332691431045532227e+00 3.366683959960937500e+00 3.198844671249389648e+00 3.336571216583251953e+00 

3.144413709640502930e+00 3.331088304519653320e+00 3.372134923934936523e+00 3.176554203033447266e+00 3.335865497589111328e+00 

3.120481967926025391e+00 3.329518556594848633e+00 3.377349615097045898e+00 3.156294822692871094e+00 3.335187196731567383e+00 

3.097827196121215820e+00 3.327976703643798828e+00 3.382359266281127930e+00 3.137513160705566406e+00 3.334532260894775391e+00 

3.075856447219848633e+00 3.326459169387817383e+00 3.387183904647827148e+00 3.119809389114379883e+00 3.333898305892944336e+00 

3.054083108901977539e+00 3.324965476989746094e+00 3.391836643218994141e+00 3.102881193161010742e+00 3.333284139633178711e+00 

3.331921100616455078e+00 3.339098691940307617e+00 3.338912248611450195e+00 3.340220451354980469e+00 3.337233304977416992e+00 

3.252527475357055664e+00 3.328743934631347656e+00 3.326860427856445312e+00 3.342601060867309570e+00 3.305175304412841797e+00 

3.198016881942749023e+00 3.320093154907226562e+00 3.317030906677246094e+00 3.345196008682250977e+00 3.277621030807495117e+00 

3.154803752899169922e+00 3.312628269195556641e+00 3.308516025543212891e+00 3.347902059555053711e+00 3.253208875656127930e+00 

3.117284774780273438e+00 3.306025743484497070e+00 3.300908327102661133e+00 3.350654363632202148e+00 3.231221914291381836e+00 

3.082409381866455078e+00 3.300070524215698242e+00 3.293983221054077148e+00 3.353404521942138672e+00 3.211179256439208984e+00 

3.048107385635375977e+00 3.294611215591430664e+00 3.287605524063110352e+00 3.356112718582153320e+00 3.192732334136962891e+00 

3.012639045715332031e+00 3.289535999298095703e+00 3.281690835952758789e+00 3.358739376068115234e+00 3.175629615783691406e+00 

2.974220514297485352e+00 3.284750938415527344e+00 3.276189327239990234e+00 3.361238479614257812e+00 3.159710645675659180e+00 

2.930718898773193359e+00 3.280164241790771484e+00 3.271080017089843750e+00 3.363547325134277344e+00 3.144917726516723633e+00 

3.332260131835937500e+00 3.340122222900390625e+00 3.341076850891113281e+00 3.333766937255859375e+00 3.339874744415283203e+00 

3.256632566452026367e+00 3.341262102127075195e+00 3.350723505020141602e+00 3.271043300628662109e+00 3.338514328002929688e+00 

3.204886436462402344e+00 3.342289924621582031e+00 3.359091043472290039e+00 3.226438522338867188e+00 3.337411642074584961e+00 

3.163993120193481445e+00 3.343240022659301758e+00 3.366710662841796875e+00 3.190839290618896484e+00 3.336447000503540039e+00 

3.128781795501708984e+00 3.344128608703613281e+00 3.373797893524169922e+00 3.160470962524414062e+00 3.335577249526977539e+00 

3.096533298492431641e+00 3.344965457916259766e+00 3.380460023880004883e+00 3.133339405059814453e+00 3.334781885147094727e+00 

3.065499544143676758e+00 3.345756530761718750e+00 3.386756181716918945e+00 3.108224630355834961e+00 3.334052324295043945e+00 

3.034336805343627930e+00 3.346505165100097656e+00 3.392716407775878906e+00 3.084300756454467773e+00 3.333384275436401367e+00 

3.001819133758544922e+00 3.347213029861450195e+00 3.398351907730102539e+00 3.060959100723266602e+00 3.332778692245483398e+00 

2.966657400131225586e+00 3.347881078720092773e+00 3.403657674789428711e+00 3.037729978561401367e+00 3.332239866256713867e+00 

3.333354711532592773e+00 3.339806079864501953e+00 3.339751482009887695e+00 3.339487314224243164e+00 3.337093830108642578e+00 

3.265195846557617188e+00 3.337626695632934570e+00 3.336894750595092773e+00 3.334752082824707031e+00 3.303053617477416992e+00 

3.216660737991333008e+00 3.335882902145385742e+00 3.334473371505737305e+00 3.332328796386718750e+00 3.273639678955078125e+00 

3.177981138229370117e+00 3.334442377090454102e+00 3.332343339920043945e+00 3.331285715103149414e+00 3.247653007507324219e+00 

3.144851446151733398e+00 3.333222389221191406e+00 3.330428600311279297e+00 3.331150293350219727e+00 3.224328756332397461e+00 

3.114921808242797852e+00 3.332169771194458008e+00 3.328680038452148438e+00 3.331653118133544922e+00 3.203102588653564453e+00 

3.086696386337280273e+00 3.331247568130493164e+00 3.327066659927368164e+00 3.332628250122070312e+00 3.183539390563964844e+00 

3.059081077575683594e+00 3.330430746078491211e+00 3.325567007064819336e+00 3.333966016769409180e+00 3.165299415588378906e+00 

3.031160354614257812e+00 3.329701423645019531e+00 3.324166774749755859e+00 3.335587024688720703e+00 3.148115396499633789e+00 

3.002062082290649414e+00 3.329046010971069336e+00 3.322855234146118164e+00 3.337430715560913086e+00 3.131778717041015625e+00 

3.334458112716674805e+00 3.340274572372436523e+00 3.339520215988159180e+00 3.340022087097167969e+00 3.337029457092285156e+00 

3.276676416397094727e+00 3.342762231826782227e+00 3.333964109420776367e+00 3.340170860290527344e+00 3.303924560546875000e+00 

3.233907699584960938e+00 3.344902038574218750e+00 3.329149246215820312e+00 3.340241909027099609e+00 3.277244806289672852e+00 

3.199354410171508789e+00 3.346810340881347656e+00 3.324790477752685547e+00 3.340275049209594727e+00 3.254611730575561523e+00 

3.169781446456909180e+00 3.348546266555786133e+00 3.320749759674072266e+00 3.340285301208496094e+00 3.234783172607421875e+00 

3.143365144729614258e+00 3.350145816802978516e+00 3.316948175430297852e+00 3.340279102325439453e+00 3.217011690139770508e+00 

3.118948936462402344e+00 3.351630449295043945e+00 3.313334703445434570e+00 3.340259075164794922e+00 3.200808763504028320e+00 

3.095721960067749023e+00 3.353016138076782227e+00 3.309876441955566406e+00 3.340225934982299805e+00 3.185834169387817383e+00 

3.073061227798461914e+00 3.354312419891357422e+00 3.306549310684204102e+00 3.340178966522216797e+00 3.171841859817504883e+00 

3.050443172454833984e+00 3.355525970458984375e+00 3.303337097167968750e+00 3.340116739273071289e+00 3.158650875091552734e+00 

3.336177825927734375e+00 3.339824676513671875e+00 3.337274312973022461e+00 3.339862108230590820e+00 3.339777231216430664e+00 

3.293190240859985352e+00 3.337728738784790039e+00 3.306078910827636719e+00 3.338172435760498047e+00 3.337069988250732422e+00 

3.259146213531494141e+00 3.335840702056884766e+00 3.280099868774414062e+00 3.336589097976684570e+00 3.334566116333007812e+00 

3.230733394622802734e+00 3.334090709686279297e+00 3.257675886154174805e+00 3.335078001022338867e+00 3.332204818725585938e+00 

3.206130743026733398e+00 3.332440137863159180e+00 3.237834692001342773e+00 3.333621025085449219e+00 3.329951763153076172e+00 

3.184222936630249023e+00 3.330863714218139648e+00 3.219949007034301758e+00 3.332205772399902344e+00 3.327786684036254883e+00 

3.164270401000976562e+00 3.329345226287841797e+00 3.203585624694824219e+00 3.330825328826904297e+00 3.325695276260375977e+00 

3.145752429962158203e+00 3.327873706817626953e+00 3.188430309295654297e+00 3.329473972320556641e+00 3.323667287826538086e+00 

3.128283023834228516e+00 3.326441764831542969e+00 3.174246788024902344e+00 3.328149557113647461e+00 3.321695327758789062e+00 

3.111562728881835938e+00 3.325044155120849609e+00 3.160851240158081055e+00 3.326848030090332031e+00 3.319773674011230469e+00 

3.335365056991577148e+00 3.340163469314575195e+00 3.338107109069824219e+00 3.340393066406250000e+00 3.337955713272094727e+00 

3.284856319427490234e+00 3.341713190078735352e+00 3.316016674041748047e+00 3.344120264053344727e+00 3.314503669738769531e+00 

3.246030807495117188e+00 3.343137741088867188e+00 3.297040462493896484e+00 3.347572088241577148e+00 3.294769287109375000e+00 

3.214146137237548828e+00 3.344470500946044922e+00 3.280282497406005859e+00 3.350842714309692383e+00 3.277528047561645508e+00 

3.186732053756713867e+00 3.345731258392333984e+00 3.265200376510620117e+00 3.353980302810668945e+00 3.262116432189941406e+00 

3.162323474884033203e+00 3.346932649612426758e+00 3.251434803009033203e+00 3.357013225555419922e+00 3.248124361038208008e+00 

3.139969587326049805e+00 3.348082304000854492e+00 3.238731384277343750e+00 3.359959602355957031e+00 3.235276699066162109e+00 

3.119001626968383789e+00 3.349187612533569336e+00 3.226901292800903320e+00 3.362831592559814453e+00 3.223376274108886719e+00 

3.098918199539184570e+00 3.350252151489257812e+00 3.215801954269409180e+00 3.365637063980102539e+00 3.212276220321655273e+00 

3.079315662384033203e+00 3.351278781890869141e+00 3.205322027206420898e+00 3.368381738662719727e+00 3.201865434646606445e+00 

3.337547540664672852e+00 3.340006589889526367e+00 3.340001821517944336e+00 3.338442564010620117e+00 3.339851856231689453e+00 

3.309057474136352539e+00 3.340073347091674805e+00 3.340025186538696289e+00 3.319878816604614258e+00 3.338052034378051758e+00 

3.284893512725830078e+00 3.340138673782348633e+00 3.340053319931030273e+00 3.303460121154785156e+00 3.336400508880615234e+00 

3.263852596282958984e+00 3.340200662612915039e+00 3.340085268020629883e+00 3.288688182830810547e+00 3.334860563278198242e+00 

3.245159149169921875e+00 3.340258598327636719e+00 3.340119838714599609e+00 3.275223731994628906e+00 3.333408117294311523e+00 

3.228282451629638672e+00 3.340311527252197266e+00 3.340156793594360352e+00 3.262822866439819336e+00 3.332026481628417969e+00 

3.212842226028442383e+00 3.340359449386596680e+00 3.340195178985595703e+00 3.251304149627685547e+00 3.330703973770141602e+00 

3.198556661605834961e+00 3.340402126312255859e+00 3.340235710144042969e+00 3.240528106689453125e+00 3.329431533813476562e+00 

3.185210466384887695e+00 3.340439796447753906e+00 3.340276956558227539e+00 3.230385065078735352e+00 3.328202962875366211e+00 

3.172634840011596680e+00 3.340472459793090820e+00 3.340319871902465820e+00 3.220786809921264648e+00 3.327012538909912109e+00 

3.334496974945068359e+00 3.338123083114624023e+00 3.339076042175292969e+00 3.339763402938842773e+00 3.340148925781250000e+00 

3.276431798934936523e+00 3.316001415252685547e+00 3.328457832336425781e+00 3.336890697479248047e+00 3.341739892959594727e+00 

3.233054637908935547e+00 3.296754360198974609e+00 3.319371938705444336e+00 3.334247112274169922e+00 3.343454837799072266e+00 

3.197844743728637695e+00 3.279629230499267578e+00 3.311240911483764648e+00 3.331776380538940430e+00 3.345242977142333984e+00 

3.167605400085449219e+00 3.264142274856567383e+00 3.303793191909790039e+00 3.329444408416748047e+00 3.347081184387207031e+00 

3.140494108200073242e+00 3.249958276748657227e+00 3.296879529953002930e+00 3.327229261398315430e+00 3.348957061767578125e+00 

3.115319252014160156e+00 3.236835241317749023e+00 3.290407896041870117e+00 3.325114488601684570e+00 3.350862979888916016e+00 

3.091226100921630859e+00 3.224591493606567383e+00 3.284319162368774414e+00 3.323090076446533203e+00 3.352795362472534180e+00 

3.067539453506469727e+00 3.213088989257812500e+00 3.278574228286743164e+00 3.321146488189697266e+00 3.354750394821166992e+00 

3.043668985366821289e+00 3.202221393585205078e+00 3.273147106170654297e+00 3.319278478622436523e+00 3.356727361679077148e+00 

3.332116603851318359e+00 3.340261220932006836e+00 3.336650133132934570e+00 3.339945316314697266e+00 3.338544845581054688e+00 

3.254381656646728516e+00 3.342991113662719727e+00 3.298819303512573242e+00 3.339397192001342773e+00 3.322433710098266602e+00 

3.200617313385009766e+00 3.345822334289550781e+00 3.267771005630493164e+00 3.339004516601562500e+00 3.309347629547119141e+00 

3.157866954803466797e+00 3.348661422729492188e+00 3.241203784942626953e+00 3.338666915893554688e+00 3.298072576522827148e+00 

3.120729207992553711e+00 3.351467370986938477e+00 3.217830896377563477e+00 3.338340520858764648e+00 3.288069009780883789e+00 

3.086242198944091797e+00 3.354218959808349609e+00 3.196822881698608398e+00 3.338002443313598633e+00 3.279050111770629883e+00 

3.052389144897460938e+00 3.356904029846191406e+00 3.177606821060180664e+00 3.337637424468994141e+00 3.270852804183959961e+00 

3.017469882965087891e+00 3.359512805938720703e+00 3.159773588180541992e+00 3.337233781814575195e+00 3.263389587402343750e+00 

2.979738950729370117e+00 3.362035989761352539e+00 3.143028259277343750e+00 3.336781978607177734e+00 3.256630182266235352e+00 

2.937094926834106445e+00 3.364464759826660156e+00 3.127169847488403320e+00 3.336273431777954102e+00 3.250601768493652344e+00 

3.335928440093994141e+00 3.340304613113403320e+00 3.337302684783935547e+00 3.339650869369506836e+00 3.339705944061279297e+00 

3.291044712066650391e+00 3.343271493911743164e+00 3.306437730789184570e+00 3.335547685623168945e+00 3.336149454116821289e+00 

3.255749464035034180e+00 3.346108675003051758e+00 3.280768156051635742e+00 3.331932306289672852e+00 3.332899808883666992e+00 

3.226411104202270508e+00 3.348837614059448242e+00 3.258649826049804688e+00 3.328632116317749023e+00 3.329874753952026367e+00 

3.201052188873291016e+00 3.351474523544311523e+00 3.239108324050903320e+00 3.325556278228759766e+00 3.327025890350341797e+00 

3.178466320037841797e+00 3.354030370712280273e+00 3.221512794494628906e+00 3.322651624679565430e+00 3.324321508407592773e+00 

3.157858610153198242e+00 3.356513738632202148e+00 3.205427646636962891e+00 3.319883823394775391e+00 3.321740865707397461e+00 

3.138668537139892578e+00 3.358930826187133789e+00 3.190537691116333008e+00 3.317230939865112305e+00 3.319268226623535156e+00 

3.120479822158813477e+00 3.361286640167236328e+00 3.176606893539428711e+00 3.314676761627197266e+00 3.316892623901367188e+00 

3.102966308593750000e+00 3.363585472106933594e+00 3.163453578948974609e+00 3.312210321426391602e+00 3.314604997634887695e+00 

3.336521387100219727e+00 3.338835000991821289e+00 3.340363264083862305e+00 3.338762998580932617e+00 3.339645147323608398e+00 

3.297159194946289062e+00 3.324754953384399414e+00 3.343808174133300781e+00 3.324166536331176758e+00 3.335366964340209961e+00 

3.265369892120361328e+00 3.312008619308471680e+00 3.346988201141357422e+00 3.311373949050903320e+00 3.331472635269165039e+00 

3.238562822341918945e+00 3.300322055816650391e+00 3.349985599517822266e+00 3.299872875213623047e+00 3.327851057052612305e+00 

3.215233564376831055e+00 3.289503335952758789e+00 3.352845907211303711e+00 3.289360523223876953e+00 3.324437379837036133e+00 

3.194425582885742188e+00 3.279410600662231445e+00 3.355597734451293945e+00 3.279642105102539062e+00 3.321191787719726562e+00 

3.175490856170654297e+00 3.269935369491577148e+00 3.358260631561279297e+00 3.270582437515258789e+00 3.318086147308349609e+00 

3.157966613769531250e+00 3.260992527008056641e+00 3.360848665237426758e+00 3.262082815170288086e+00 3.315100908279418945e+00 

3.141507387161254883e+00 3.252512454986572266e+00 3.363369703292846680e+00 3.254068613052368164e+00 3.312222003936767578e+00 

3.125846624374389648e+00 3.244438648223876953e+00 3.365831613540649414e+00 3.246481895446777344e+00 3.309438228607177734e+00 

3.335924863815307617e+00 3.338756799697875977e+00 3.340329408645629883e+00 3.339010000228881836e+00 3.339338302612304688e+00 

3.290724754333496094e+00 3.323722600936889648e+00 3.343384504318237305e+00 3.327332258224487305e+00 3.331587553024291992e+00 

3.255128383636474609e+00 3.310103893280029297e+00 3.346121788024902344e+00 3.317057132720947266e+00 3.324833869934082031e+00 

3.225529909133911133e+00 3.297614812850952148e+00 3.348658084869384766e+00 3.307756185531616211e+00 3.318757057189941406e+00 

3.199948072433471680e+00 3.286054849624633789e+00 3.351054906845092773e+00 3.299192428588867188e+00 3.313181400299072266e+00 

3.177169799804687500e+00 3.275274515151977539e+00 3.353346824645996094e+00 3.291218757629394531e+00 3.308000326156616211e+00 

3.156390666961669922e+00 3.265158414840698242e+00 3.355556249618530273e+00 3.283737897872924805e+00 3.303143501281738281e+00 

3.137041330337524414e+00 3.255614519119262695e+00 3.357696771621704102e+00 3.276679992675781250e+00 3.298561573028564453e+00 

3.118697404861450195e+00 3.246569395065307617e+00 3.359778642654418945e+00 3.269993543624877930e+00 3.294219970703125000e+00 

3.101025104522705078e+00 3.237962007522583008e+00 3.361808061599731445e+00 3.263639450073242188e+00 3.290092706680297852e+00 

3.337758541107177734e+00 3.340007305145263672e+00 3.340011358261108398e+00 3.340104103088378906e+00 3.338479518890380859e+00 

3.311750173568725586e+00 3.340076208114624023e+00 3.340108633041381836e+00 3.341103315353393555e+00 3.320384263992309570e+00 

3.289519071578979492e+00 3.340136289596557617e+00 3.340178966522216797e+00 3.342034101486206055e+00 3.304421424865722656e+00 

3.270055770874023438e+00 3.340187549591064453e+00 3.340227365493774414e+00 3.342911720275878906e+00 3.290091037750244141e+00 

3.252698183059692383e+00 3.340230941772460938e+00 3.340259075164794922e+00 3.343747138977050781e+00 3.277053117752075195e+00 

3.236988544464111328e+00 3.340267181396484375e+00 3.340276956558227539e+00 3.344547748565673828e+00 3.265065193176269531e+00 

3.222597122192382812e+00 3.340296030044555664e+00 3.340283870697021484e+00 3.345318317413330078e+00 3.253945827484130859e+00 

3.209277391433715820e+00 3.340318441390991211e+00 3.340281486511230469e+00 3.346063375473022461e+00 3.243556261062622070e+00 

3.196839809417724609e+00 3.340334653854370117e+00 3.340271234512329102e+00 3.346785306930541992e+00 3.233788728713989258e+00 

3.185135841369628906e+00 3.340344667434692383e+00 3.340254068374633789e+00 3.347486734390258789e+00 3.224556207656860352e+00 

3.338720083236694336e+00 3.340000867843627930e+00 3.340003967285156250e+00 3.339245080947875977e+00 3.339772939682006836e+00 

3.323158502578735352e+00 3.340010404586791992e+00 3.340044260025024414e+00 3.329929828643798828e+00 3.336944818496704102e+00 

3.309009313583374023e+00 3.340019941329956055e+00 3.340082406997680664e+00 3.321212768554687500e+00 3.334250926971435547e+00 

3.296029567718505859e+00 3.340029478073120117e+00 3.340120553970336914e+00 3.313011407852172852e+00 3.331673145294189453e+00 

3.284031629562377930e+00 3.340039014816284180e+00 3.340158700942993164e+00 3.305259704589843750e+00 3.329195737838745117e+00 

3.272868633270263672e+00 3.340048551559448242e+00 3.340196847915649414e+00 3.297904014587402344e+00 3.326807260513305664e+00 

3.262423276901245117e+00 3.340058088302612305e+00 3.340234041213989258e+00 3.290900230407714844e+00 3.324497699737548828e+00 

3.252600193023681641e+00 3.340067625045776367e+00 3.340269804000854492e+00 3.284211397171020508e+00 3.322259426116943359e+00 

3.243321418762207031e+00 3.340077161788940430e+00 3.340305566787719727e+00 3.277806520462036133e+00 3.320085525512695312e+00 

3.234520673751831055e+00 3.340086698532104492e+00 3.340341329574584961e+00 3.271658658981323242e+00 3.317970275878906250e+00 

3.337255716323852539e+00 3.340060710906982422e+00 3.339763879776000977e+00 3.340066194534301758e+00 3.338407993316650391e+00 

3.305974483489990234e+00 3.340640306472778320e+00 3.336871862411499023e+00 3.340700626373291016e+00 3.319564342498779297e+00 

3.279856920242309570e+00 3.341176986694335938e+00 3.334182739257812500e+00 3.341291189193725586e+00 3.303069114685058594e+00 

3.257358074188232422e+00 3.341679811477661133e+00 3.331649780273437500e+00 3.341846704483032227e+00 3.288332939147949219e+00 

3.237516403198242188e+00 3.342155456542968750e+00 3.329242706298828125e+00 3.342373371124267578e+00 3.274968624114990234e+00 

3.219691276550292969e+00 3.342607498168945312e+00 3.326940298080444336e+00 3.342875242233276367e+00 3.262706279754638672e+00 

3.203433990478515625e+00 3.343039274215698242e+00 3.324727058410644531e+00 3.343355417251586914e+00 3.251348495483398438e+00 

3.188415765762329102e+00 3.343453407287597656e+00 3.322590827941894531e+00 3.343816280364990234e+00 3.240746736526489258e+00 

3.174389600753784180e+00 3.343851566314697266e+00 3.320522546768188477e+00 3.344259500503540039e+00 3.230785608291625977e+00 

3.161162853240966797e+00 3.344235420227050781e+00 3.318514823913574219e+00 3.344686269760131836e+00 3.221373796463012695e+00 

3.332988977432250977e+00 3.339894294738769531e+00 3.340826034545898438e+00 3.340454816818237305e+00 3.334312677383422852e+00 

3.262785673141479492e+00 3.338459253311157227e+00 3.348248481750488281e+00 3.344843387603759766e+00 3.276114702224731445e+00 

3.213977098464965820e+00 3.336928129196166992e+00 3.354708433151245117e+00 3.349012374877929688e+00 3.233979701995849609e+00 

3.175350904464721680e+00 3.335339069366455078e+00 3.360614299774169922e+00 3.353031635284423828e+00 3.200155973434448242e+00 

3.142330884933471680e+00 3.333710908889770508e+00 3.366134166717529297e+00 3.356934785842895508e+00 3.171324014663696289e+00 

3.112510681152343750e+00 3.332055091857910156e+00 3.371354341506958008e+00 3.360738277435302734e+00 3.145702600479125977e+00 

3.084387540817260742e+00 3.330379962921142578e+00 3.376321792602539062e+00 3.364450931549072266e+00 3.122199535369873047e+00 

3.056876897811889648e+00 3.328692674636840820e+00 3.381065130233764648e+00 3.368075609207153320e+00 3.100077390670776367e+00 

3.029078483581542969e+00 3.326998949050903320e+00 3.385599374771118164e+00 3.371611595153808594e+00 3.078799247741699219e+00 

3.000145196914672852e+00 3.325305700302124023e+00 3.389930009841918945e+00 3.375053882598876953e+00 3.057951927185058594e+00 

3.336644649505615234e+00 3.339844226837158203e+00 3.339831113815307617e+00 3.339852809906005859e+00 3.338478326797485352e+00 

3.298726558685302734e+00 3.337908029556274414e+00 3.337805032730102539e+00 3.338095664978027344e+00 3.320399284362792969e+00 

3.267941713333129883e+00 3.336065292358398438e+00 3.335956573486328125e+00 3.336525201797485352e+00 3.304464578628540039e+00 

3.241893053054809570e+00 3.334296703338623047e+00 3.334217786788940430e+00 3.335091352462768555e+00 3.290142536163330078e+00 

3.219176769256591797e+00 3.332590341567993164e+00 3.332551717758178711e+00 3.333762884140014648e+00 3.277087926864624023e+00 

3.198895454406738281e+00 3.330937385559082031e+00 3.330938577651977539e+00 3.332518339157104492e+00 3.265058755874633789e+00 

3.180438041687011719e+00 3.329330444335937500e+00 3.329364538192749023e+00 3.331342220306396484e+00 3.253878593444824219e+00 

3.163367271423339844e+00 3.327764272689819336e+00 3.327821731567382812e+00 3.330223083496093750e+00 3.243412971496582031e+00 

3.147356510162353516e+00 3.326234817504882812e+00 3.326304197311401367e+00 3.329151868820190430e+00 3.233558177947998047e+00 

3.132153034210205078e+00 3.324739217758178711e+00 3.324809312820434570e+00 3.328121900558471680e+00 3.224229574203491211e+00 

3.335125684738159180e+00 3.339052438735961914e+00 3.339879989624023438e+00 3.338350057601928711e+00 3.339612722396850586e+00 

3.282237768173217773e+00 3.327401638031005859e+00 3.338557004928588867e+00 3.318969488143920898e+00 3.335101842880249023e+00 

3.241860628128051758e+00 3.316545486450195312e+00 3.337525367736816406e+00 3.302047252655029297e+00 3.331207513809204102e+00 

3.208771705627441406e+00 3.306349754333496094e+00 3.336689472198486328e+00 3.286859035491943359e+00 3.327731370925903320e+00 

3.180304765701293945e+00 3.296719074249267578e+00 3.335999011993408203e+00 3.273006200790405273e+00 3.324568271636962891e+00 

3.154891967773437500e+00 3.287578821182250977e+00 3.335423707962036133e+00 3.260235309600830078e+00 3.321653366088867188e+00 

3.131514310836791992e+00 3.278869152069091797e+00 3.334943532943725586e+00 3.248370409011840820e+00 3.318943738937377930e+00 

3.109451055526733398e+00 3.270542144775390625e+00 3.334545135498046875e+00 3.237281560897827148e+00 3.316409826278686523e+00 

3.088151693344116211e+00 3.262555837631225586e+00 3.334218740463256836e+00 3.226869583129882812e+00 3.314029932022094727e+00 

3.067161560058593750e+00 3.254875183105468750e+00 3.333956956863403320e+00 3.217056512832641602e+00 3.311789989471435547e+00 

3.336626052856445312e+00 3.340016126632690430e+00 3.339070796966552734e+00 3.340213775634765625e+00 3.338392257690429688e+00 

3.298340797424316406e+00 3.340179920196533203e+00 3.327834367752075195e+00 3.342293262481689453e+00 3.319374084472656250e+00 

3.267344713211059570e+00 3.340344429016113281e+00 3.317613363265991211e+00 3.344289541244506836e+00 3.302699565887451172e+00 

3.241156816482543945e+00 3.340508937835693359e+00 3.308171272277832031e+00 3.346226692199707031e+00 3.287758350372314453e+00 

3.218338489532470703e+00 3.340671777725219727e+00 3.299355983734130859e+00 3.348118066787719727e+00 3.274168729782104492e+00 

3.197977542877197266e+00 3.340833902359008789e+00 3.291062831878662109e+00 3.349972486495971680e+00 3.261671304702758789e+00 

3.179454803466796875e+00 3.340996026992797852e+00 3.283214569091796875e+00 3.351795434951782227e+00 3.250078439712524414e+00 

3.162329673767089844e+00 3.341156959533691406e+00 3.275752067565917969e+00 3.353590726852416992e+00 3.239249706268310547e+00 

3.146273136138916016e+00 3.341316699981689453e+00 3.268629074096679688e+00 3.355360984802246094e+00 3.229075431823730469e+00 

3.131033420562744141e+00 3.341476440429687500e+00 3.261807680130004883e+00 3.357109308242797852e+00 3.219468593597412109e+00 

3.336035490036010742e+00 3.339941263198852539e+00 3.340633392333984375e+00 3.336345195770263672e+00 3.339865684509277344e+00 

3.292246818542480469e+00 3.339240789413452148e+00 3.346573591232299805e+00 3.296052694320678711e+00 3.338268756866455078e+00 

3.258135795593261719e+00 3.338602542877197266e+00 3.351975679397583008e+00 3.264239549636840820e+00 3.336834192276000977e+00 

3.229902267456054688e+00 3.337997913360595703e+00 3.357013702392578125e+00 3.237688541412353516e+00 3.335504770278930664e+00 

3.205570697784423828e+00 3.337412834167480469e+00 3.361780405044555664e+00 3.214698791503906250e+00 3.334251642227172852e+00 

3.183970689773559570e+00 3.336839914321899414e+00 3.366331577301025391e+00 3.194251060485839844e+00 3.333057403564453125e+00 

3.164344072341918945e+00 3.336274862289428711e+00 3.370703458786010742e+00 3.175679922103881836e+00 3.331910610198974609e+00 

3.146167516708374023e+00 3.335714578628540039e+00 3.374921321868896484e+00 3.158523559570312500e+00 3.330804109573364258e+00 

3.129057884216308594e+00 3.335157632827758789e+00 3.379003524780273438e+00 3.142444849014282227e+00 3.329733133316040039e+00 

3.112721920013427734e+00 3.334603071212768555e+00 3.382962703704833984e+00 3.127187252044677734e+00 3.328694105148315430e+00 

3.338047266006469727e+00 3.340040922164916992e+00 3.339095115661621094e+00 3.339868068695068359e+00 3.339415073394775391e+00 

3.315067291259765625e+00 3.340463161468505859e+00 3.327993154525756836e+00 3.338205814361572266e+00 3.332234859466552734e+00 

3.294904708862304688e+00 3.340902090072631836e+00 3.317698955535888672e+00 3.336587667465209961e+00 3.325566053390502930e+00 

3.276917457580566406e+00 3.341351747512817383e+00 3.308081626892089844e+00 3.335008621215820312e+00 3.319323301315307617e+00 

3.260654926300048828e+00 3.341807842254638672e+00 3.299043178558349609e+00 3.333463907241821289e+00 3.313442230224609375e+00 

3.245786666870117188e+00 3.342267274856567383e+00 3.290506839752197266e+00 3.331950187683105469e+00 3.307873249053955078e+00 

3.232063531875610352e+00 3.342727422714233398e+00 3.282411098480224609e+00 3.330464601516723633e+00 3.302577495574951172e+00 

3.219292402267456055e+00 3.343187570571899414e+00 3.274706363677978516e+00 3.329004287719726562e+00 3.297522783279418945e+00 

3.207320928573608398e+00 3.343645811080932617e+00 3.267351150512695312e+00 3.327567815780639648e+00 3.292683839797973633e+00 

3.196026086807250977e+00 3.344101667404174805e+00 3.260310173034667969e+00 3.326154708862304688e+00 3.288039207458496094e+00 

3.338672637939453125e+00 3.339982271194458008e+00 3.340109109878540039e+00 3.338947772979736328e+00 3.339960098266601562e+00 

3.322600603103637695e+00 3.339764833450317383e+00 3.341170787811279297e+00 3.326149702072143555e+00 3.339466810226440430e+00 

3.308094739913940430e+00 3.339558839797973633e+00 3.342181682586669922e+00 3.314467906951904297e+00 3.338998317718505859e+00 

3.294865131378173828e+00 3.339361906051635742e+00 3.343150377273559570e+00 3.303707838058471680e+00 3.338551521301269531e+00 

3.282693386077880859e+00 3.339171648025512695e+00 3.344083070755004883e+00 3.293721675872802734e+00 3.338122367858886719e+00 

3.271411180496215820e+00 3.338986873626708984e+00 3.344984531402587891e+00 3.284395933151245117e+00 3.337708234786987305e+00 

3.260887145996093750e+00 3.338806629180908203e+00 3.345858573913574219e+00 3.275639057159423828e+00 3.337307691574096680e+00 

3.251015424728393555e+00 3.338629484176635742e+00 3.346708536148071289e+00 3.267378330230712891e+00 3.336918592453002930e+00 

3.241709947586059570e+00 3.338455200195312500e+00 3.347537517547607422e+00 3.259552717208862305e+00 3.336539983749389648e+00 

3.232899188995361328e+00 3.338283300399780273e+00 3.348346948623657227e+00 3.252113103866577148e+00 3.336170434951782227e+00 

3.335705041885375977e+00 3.339290618896484375e+00 3.338270664215087891e+00 3.340045690536499023e+00 3.339310407638549805e+00 

3.288119554519653320e+00 3.330572843551635742e+00 3.317989349365234375e+00 3.340491056442260742e+00 3.331014633178710938e+00 

3.251022815704345703e+00 3.322429656982421875e+00 3.300375699996948242e+00 3.340921640396118164e+00 3.323486804962158203e+00 

3.220330715179443359e+00 3.314745187759399414e+00 3.284658908843994141e+00 3.341344118118286133e+00 3.316512584686279297e+00 

3.193859577178955078e+00 3.307442426681518555e+00 3.270395517349243164e+00 3.341762542724609375e+00 3.309970378875732422e+00 

3.170291900634765625e+00 3.300467729568481445e+00 3.257296085357666016e+00 3.342179536819458008e+00 3.303783655166625977e+00 

3.148763179779052734e+00 3.293779611587524414e+00 3.245158910751342773e+00 3.342594385147094727e+00 3.297900438308715820e+00 

3.128664970397949219e+00 3.287346363067626953e+00 3.233833551406860352e+00 3.343009233474731445e+00 3.292282342910766602e+00 

3.109542608261108398e+00 3.281141042709350586e+00 3.223205089569091797e+00 3.343424081802368164e+00 3.286900281906127930e+00 

3.091035842895507812e+00 3.275142192840576172e+00 3.213182449340820312e+00 3.343840599060058594e+00 3.281732559204101562e+00 

3.332006931304931641e+00 3.339260101318359375e+00 3.338955879211425781e+00 3.339641094207763672e+00 3.337380647659301758e+00 

3.252636909484863281e+00 3.330173730850219727e+00 3.327606439590454102e+00 3.335270643234252930e+00 3.307369232177734375e+00 

3.197868347167968750e+00 3.321669340133666992e+00 3.318499326705932617e+00 3.331401586532592773e+00 3.281919002532958984e+00 

3.154291629791259766e+00 3.313614606857299805e+00 3.310634136199951172e+00 3.327998638153076172e+00 3.259525537490844727e+00 

3.116328954696655273e+00 3.305932521820068359e+00 3.303611993789672852e+00 3.324986696243286133e+00 3.239448070526123047e+00 

3.080908298492431641e+00 3.298569679260253906e+00 3.297237634658813477e+00 3.322297811508178711e+00 3.221223831176757812e+00 

3.045903444290161133e+00 3.291486501693725586e+00 3.291406631469726562e+00 3.319871664047241211e+00 3.204533338546752930e+00 

3.009471178054809570e+00 3.284652233123779297e+00 3.286072254180908203e+00 3.317656993865966797e+00 3.189147472381591797e+00 

2.969656467437744141e+00 3.278041601181030273e+00 3.281233072280883789e+00 3.315604925155639648e+00 3.174912691116333008e+00 

2.924034833908081055e+00 3.271632432937622070e+00 3.276937723159790039e+00 3.313663959503173828e+00 3.161747455596923828e+00 

3.333302736282348633e+00 3.339540958404541016e+00 3.340080738067626953e+00 3.339671134948730469e+00 3.336249351501464844e+00 

3.264702558517456055e+00 3.333793878555297852e+00 3.340639352798461914e+00 3.336615562438964844e+00 3.294882297515869141e+00 

3.215937376022338867e+00 3.328271150588989258e+00 3.340973615646362305e+00 3.334917783737182617e+00 3.261902809143066406e+00 

3.177024841308593750e+00 3.322941780090332031e+00 3.341225147247314453e+00 3.334004640579223633e+00 3.234098911285400391e+00 

3.143610954284667969e+00 3.317782402038574219e+00 3.341436386108398438e+00 3.333629131317138672e+00 3.209860324859619141e+00 

3.113321542739868164e+00 3.312775373458862305e+00 3.341621160507202148e+00 3.333663225173950195e+00 3.188220024108886719e+00 

3.084628582000732422e+00 3.307906389236450195e+00 3.341780900955200195e+00 3.334036588668823242e+00 3.168538570404052734e+00 

3.056391239166259766e+00 3.303163051605224609e+00 3.341910600662231445e+00 3.334710359573364258e+00 3.150367498397827148e+00 

3.027620553970336914e+00 3.298536539077758789e+00 3.342000722885131836e+00 3.335665941238403320e+00 3.133380651473999023e+00 

2.997329473495483398e+00 3.294016838073730469e+00 3.342035770416259766e+00 3.336901426315307617e+00 3.117339611053466797e+00 

3.337405920028686523e+00 3.339980125427246094e+00 3.339666604995727539e+00 3.338131189346313477e+00 3.339982748031616211e+00 

3.307132005691528320e+00 3.339731454849243164e+00 3.335594892501831055e+00 3.316048622131347656e+00 3.339768171310424805e+00 

3.281702041625976562e+00 3.339488744735717773e+00 3.331827878952026367e+00 3.296778917312622070e+00 3.339559316635131836e+00 

3.259698867797851562e+00 3.339251995086669922e+00 3.328295230865478516e+00 3.279613733291625977e+00 3.339355230331420898e+00 

3.240231990814208984e+00 3.339020013809204102e+00 3.324949979782104492e+00 3.264088869094848633e+00 3.339154720306396484e+00 

3.222704887390136719e+00 3.338792324066162109e+00 3.321758747100830078e+00 3.249879360198974609e+00 3.338957548141479492e+00 

3.206695556640625000e+00 3.338568687438964844e+00 3.318697214126586914e+00 3.236748218536376953e+00 3.338762998580932617e+00 

3.191895961761474609e+00 3.338348388671875000e+00 3.315746545791625977e+00 3.224514484405517578e+00 3.338571071624755859e+00 

3.178071498870849609e+00 3.338130950927734375e+00 3.312892913818359375e+00 3.213038444519042969e+00 3.338381290435791016e+00 

3.165039539337158203e+00 3.337916851043701172e+00 3.310124397277832031e+00 3.202208518981933594e+00 3.338193655014038086e+00 

3.334671974182128906e+00 3.340022802352905273e+00 3.340166330337524414e+00 3.339377641677856445e+00 3.337449789047241211e+00 

3.278354644775390625e+00 3.340275526046752930e+00 3.342033863067626953e+00 3.331989288330078125e+00 3.308044433593750000e+00 

3.236304998397827148e+00 3.340559959411621094e+00 3.344118118286132812e+00 3.325381994247436523e+00 3.283257722854614258e+00 

3.202203989028930664e+00 3.340860843658447266e+00 3.346292972564697266e+00 3.319296836853027344e+00 3.261690855026245117e+00 

3.172992467880249023e+00 3.341169595718383789e+00 3.348503351211547852e+00 3.313598394393920898e+00 3.242511749267578125e+00 

3.146928310394287109e+00 3.341481685638427734e+00 3.350721597671508789e+00 3.308205366134643555e+00 3.225170850753784180e+00 

3.122900247573852539e+00 3.341793537139892578e+00 3.352931976318359375e+00 3.303065538406372070e+00 3.209281921386718750e+00 

3.100130319595336914e+00 3.342102766036987305e+00 3.355125427246093750e+00 3.298142671585083008e+00 3.194561719894409180e+00 

3.078025341033935547e+00 3.342408418655395508e+00 3.357294321060180664e+00 3.293412208557128906e+00 3.180795907974243164e+00 

3.056091070175170898e+00 3.342709064483642578e+00 3.359433412551879883e+00 3.288855791091918945e+00 3.167819261550903320e+00 

3.337164878845214844e+00 3.340191841125488281e+00 3.339181900024414062e+00 3.338619232177734375e+00 3.340088367462158203e+00 

3.305228710174560547e+00 3.342010259628295898e+00 3.329309940338134766e+00 3.322219610214233398e+00 3.340964317321777344e+00 

3.278615474700927734e+00 3.343672513961791992e+00 3.320370912551879883e+00 3.307788372039794922e+00 3.341827154159545898e+00 

3.255733728408813477e+00 3.345211267471313477e+00 3.312150716781616211e+00 3.294849634170532227e+00 3.342679738998413086e+00 

3.235588312149047852e+00 3.346649646759033203e+00 3.304508447647094727e+00 3.283085584640502930e+00 3.343524456024169922e+00 

3.217514753341674805e+00 3.348002910614013672e+00 3.297344684600830078e+00 3.272271633148193359e+00 3.344362497329711914e+00 

3.201046705245971680e+00 3.349282979965209961e+00 3.290586471557617188e+00 3.262243509292602539e+00 3.345195293426513672e+00 

3.185843229293823242e+00 3.350499153137207031e+00 3.284178733825683594e+00 3.252875804901123047e+00 3.346023559570312500e+00 

3.171646356582641602e+00 3.351657629013061523e+00 3.278078556060791016e+00 3.244071483612060547e+00 3.346847534179687500e+00 

3.158256530761718750e+00 3.352764129638671875e+00 3.272250413894653320e+00 3.235753297805786133e+00 3.347668409347534180e+00 

3.333602190017700195e+00 3.338536262512207031e+00 3.338898181915283203e+00 3.339487075805664062e+00 3.339772462844848633e+00 

3.267406225204467773e+00 3.320765495300292969e+00 3.326302289962768555e+00 3.333659410476684570e+00 3.336992740631103516e+00 

3.219470024108886719e+00 3.304552555084228516e+00 3.315587759017944336e+00 3.328754901885986328e+00 3.334409952163696289e+00 

3.180946111679077148e+00 3.289596557617187500e+00 3.306047439575195312e+00 3.324424982070922852e+00 3.331975936889648438e+00 

3.147797346115112305e+00 3.275683641433715820e+00 3.297358989715576172e+00 3.320509672164916992e+00 3.329664468765258789e+00 

3.117763757705688477e+00 3.262649536132812500e+00 3.289346456527709961e+00 3.316921472549438477e+00 3.327456712722778320e+00 

3.089372873306274414e+00 3.250362873077392578e+00 3.281904935836791992e+00 3.313610076904296875e+00 3.325340986251831055e+00 

3.061522722244262695e+00 3.238715648651123047e+00 3.274968385696411133e+00 3.310546159744262695e+00 3.323306798934936523e+00 

3.033267021179199219e+00 3.227617979049682617e+00 3.268498182296752930e+00 3.307714939117431641e+00 3.321348190307617188e+00 

3.003675699234008789e+00 3.216996908187866211e+00 3.262476682662963867e+00 3.305116415023803711e+00 3.319461107254028320e+00 

3.336087465286254883e+00 3.340071916580200195e+00 3.340169668197631836e+00 3.337646722793579102e+00 3.339975118637084961e+00 

3.293209075927734375e+00 3.340751171112060547e+00 3.341752290725708008e+00 3.310698509216308594e+00 3.339707136154174805e+00 

3.259449243545532227e+00 3.341366291046142578e+00 3.343178987503051758e+00 3.288212537765502930e+00 3.339510917663574219e+00 

3.231372356414794922e+00 3.341930389404296875e+00 3.344501972198486328e+00 3.268762588500976562e+00 3.339365005493164062e+00 

3.207116842269897461e+00 3.342453002929687500e+00 3.345748901367187500e+00 3.251522302627563477e+00 3.339258670806884766e+00 

3.185552597045898438e+00 3.342939853668212891e+00 3.346935749053955078e+00 3.235963821411132812e+00 3.339183330535888672e+00 

3.165939092636108398e+00 3.343395948410034180e+00 3.348073720932006836e+00 3.221726417541503906e+00 3.339134454727172852e+00 

3.147756814956665039e+00 3.343824386596679688e+00 3.349169254302978516e+00 3.208550214767456055e+00 3.339108228683471680e+00 

3.130625009536743164e+00 3.344228506088256836e+00 3.350226879119873047e+00 3.196241855621337891e+00 3.339102506637573242e+00 

3.114250421524047852e+00 3.344608783721923828e+00 3.351249933242797852e+00 3.184653282165527344e+00 3.339115142822265625e+00 

3.331450700759887695e+00 3.340472221374511719e+00 3.337398529052734375e+00 3.339491844177246094e+00 3.337337255477905273e+00 

3.248266696929931641e+00 3.345005035400390625e+00 3.307373046875000000e+00 3.333560943603515625e+00 3.308538198471069336e+00 

3.191566228866577148e+00 3.349294900894165039e+00 3.281915903091430664e+00 3.328247547149658203e+00 3.285970211029052734e+00 

3.146471500396728516e+00 3.353414297103881836e+00 3.259624004364013672e+00 3.323267459869384766e+00 3.267043828964233398e+00 

3.106861352920532227e+00 3.357389211654663086e+00 3.239685297012329102e+00 3.318513154983520508e+00 3.250611066818237305e+00 

3.069308996200561523e+00 3.361229181289672852e+00 3.221562623977661133e+00 3.313933372497558594e+00 3.236051082611083984e+00 

3.031312227249145508e+00 3.364933252334594727e+00 3.204877853393554688e+00 3.309502601623535156e+00 3.223003387451171875e+00 

2.990504980087280273e+00 3.368491649627685547e+00 3.189361810684204102e+00 3.305211305618286133e+00 3.211271524429321289e+00 

2.944089889526367188e+00 3.371881723403930664e+00 3.174830198287963867e+00 3.301068305969238281e+00 3.200798511505126953e+00 

2.888234853744506836e+00 3.375058889389038086e+00 3.161195993423461914e+00 3.297115087509155273e+00 3.191694974899291992e+00 

3.332414388656616211e+00 3.339625120162963867e+00 3.341435670852661133e+00 3.337129592895507812e+00 3.337369918823242188e+00 

3.257172584533691406e+00 3.335092067718505859e+00 3.354491233825683594e+00 3.305283784866333008e+00 3.308161258697509766e+00 

3.205327272415161133e+00 3.330979108810424805e+00 3.365991592407226562e+00 3.279508829116821289e+00 3.284435033798217773e+00 

3.164383649826049805e+00 3.327153205871582031e+00 3.376530885696411133e+00 3.257493257522583008e+00 3.264127016067504883e+00 

3.129213094711303711e+00 3.323523283004760742e+00 3.386367082595825195e+00 3.238129854202270508e+00 3.246260881423950195e+00 

3.097089290618896484e+00 3.320030212402343750e+00 3.395639181137084961e+00 3.220768451690673828e+00 3.230260610580444336e+00 

3.066260576248168945e+00 3.316635131835937500e+00 3.404430150985717773e+00 3.204985857009887695e+00 3.215745687484741211e+00 

3.035387516021728516e+00 3.313310146331787109e+00 3.412789821624755859e+00 3.190489768981933594e+00 3.202454805374145508e+00 

3.003256320953369141e+00 3.310034036636352539e+00 3.420744419097900391e+00 3.177074909210205078e+00 3.190203428268432617e+00 

2.968597888946533203e+00 3.306787014007568359e+00 3.428300380706787109e+00 3.164600849151611328e+00 3.178866386413574219e+00 

3.332317590713500977e+00 3.339949369430541992e+00 3.340088844299316406e+00 3.340286254882812500e+00 3.335723876953125000e+00 

3.257216215133666992e+00 3.339691877365112305e+00 3.340940713882446289e+00 3.343068599700927734e+00 3.289823293685913086e+00 

3.205506563186645508e+00 3.339799880981445312e+00 3.341568470001220703e+00 3.345911264419555664e+00 3.254541873931884766e+00 

3.164609432220458984e+00 3.340049505233764648e+00 3.341979265213012695e+00 3.348960161209106445e+00 3.225283384323120117e+00 

3.129404306411743164e+00 3.340313196182250977e+00 3.342235088348388672e+00 3.352236032485961914e+00 3.199882030487060547e+00 

3.097180843353271484e+00 3.340614080429077148e+00 3.342438459396362305e+00 3.355667591094970703e+00 3.177117586135864258e+00 

3.066196918487548828e+00 3.340934276580810547e+00 3.342633962631225586e+00 3.359171867370605469e+00 3.156251192092895508e+00 

3.035117387771606445e+00 3.341262102127075195e+00 3.342837572097778320e+00 3.362671375274658203e+00 3.136794805526733398e+00 

3.002731800079345703e+00 3.341587066650390625e+00 3.343044519424438477e+00 3.366101980209350586e+00 3.118410587310791016e+00 

2.967773437500000000e+00 3.341899871826171875e+00 3.343238592147827148e+00 3.369406938552856445e+00 3.100870370864868164e+00 

3.337079524993896484e+00 3.340109825134277344e+00 3.338437795639038086e+00 3.339920043945312500e+00 3.339791297912597656e+00 

3.304108142852783203e+00 3.341140031814575195e+00 3.319970846176147461e+00 3.338945388793945312e+00 3.337290525436401367e+00 

3.276814460754394531e+00 3.342066526412963867e+00 3.303839445114135742e+00 3.338039159774780273e+00 3.335041284561157227e+00 

3.253440618515014648e+00 3.342914342880249023e+00 3.289454221725463867e+00 3.337181568145751953e+00 3.332977533340454102e+00 

3.232910156250000000e+00 3.343698501586914062e+00 3.276427507400512695e+00 3.336360692977905273e+00 3.331057310104370117e+00 

3.214514255523681641e+00 3.344430446624755859e+00 3.264489889144897461e+00 3.335568666458129883e+00 3.329253673553466797e+00 

3.197759628295898438e+00 3.345118284225463867e+00 3.253445148468017578e+00 3.334799766540527344e+00 3.327546834945678711e+00 

3.182289838790893555e+00 3.345767974853515625e+00 3.243146657943725586e+00 3.334050416946411133e+00 3.325922727584838867e+00 

3.167836427688598633e+00 3.346383094787597656e+00 3.233479738235473633e+00 3.333318233489990234e+00 3.324370861053466797e+00 

3.154191732406616211e+00 3.346967697143554688e+00 3.224354028701782227e+00 3.332600593566894531e+00 3.322882890701293945e+00 

3.334197759628295898e+00 3.339913368225097656e+00 3.339694738388061523e+00 3.336931705474853516e+00 3.339846849441528320e+00 

3.273369550704956055e+00 3.339455127716064453e+00 3.337937116622924805e+00 3.300254106521606445e+00 3.338354110717773438e+00 

3.229003190994262695e+00 3.339589118957519531e+00 3.338548183441162109e+00 3.268625974655151367e+00 3.337393283843994141e+00 

3.193405389785766602e+00 3.339896202087402344e+00 3.340187788009643555e+00 3.241281032562255859e+00 3.336690425872802734e+00 

3.163041830062866211e+00 3.340195894241333008e+00 3.341953039169311523e+00 3.217204332351684570e+00 3.336128473281860352e+00 

3.135874509811401367e+00 3.340475559234619141e+00 3.343916893005371094e+00 3.195645809173583984e+00 3.335653543472290039e+00 

3.110681295394897461e+00 3.340749263763427734e+00 3.345990419387817383e+00 3.175998449325561523e+00 3.335238218307495117e+00 

3.086604595184326172e+00 3.341013908386230469e+00 3.348120450973510742e+00 3.157814025878906250e+00 3.334867477416992188e+00 

3.062978744506835938e+00 3.341269731521606445e+00 3.350273370742797852e+00 3.140754699707031250e+00 3.334531068801879883e+00 

3.039234161376953125e+00 3.341517210006713867e+00 3.352426290512084961e+00 3.124559402465820312e+00 3.334223270416259766e+00 

3.334497928619384766e+00 3.339750289916992188e+00 3.339482069015502930e+00 3.337845563888549805e+00 3.339852094650268555e+00 

3.275985240936279297e+00 3.336714744567871094e+00 3.334172248840332031e+00 3.312203645706176758e+00 3.338157892227172852e+00 

3.232414007186889648e+00 3.333931684494018555e+00 3.330501794815063477e+00 3.289561748504638672e+00 3.336745500564575195e+00 

3.197097778320312500e+00 3.331346035003662109e+00 3.327781915664672852e+00 3.269242286682128906e+00 3.335530757904052734e+00 

3.166800975799560547e+00 3.328921079635620117e+00 3.325672864913940430e+00 3.250783681869506836e+00 3.334465265274047852e+00 

3.139674663543701172e+00 3.326629638671875000e+00 3.323986053466796875e+00 3.233840227127075195e+00 3.333518028259277344e+00 

3.114527225494384766e+00 3.324450969696044922e+00 3.322608709335327148e+00 3.218142986297607422e+00 3.332668542861938477e+00 

3.090509176254272461e+00 3.322370052337646484e+00 3.321469068527221680e+00 3.203479766845703125e+00 3.331903934478759766e+00 

3.066954135894775391e+00 3.320375442504882812e+00 3.320519924163818359e+00 3.189680337905883789e+00 3.331213712692260742e+00 

3.043283939361572266e+00 3.318458557128906250e+00 3.319729328155517578e+00 3.176607370376586914e+00 3.330594539642333984e+00 

3.338397741317749023e+00 3.340003728866577148e+00 3.339938879013061523e+00 3.339549303054809570e+00 3.339597225189208984e+00 

3.319257736206054688e+00 3.340037822723388672e+00 3.339173555374145508e+00 3.333940029144287109e+00 3.334616422653198242e+00 

3.302194356918334961e+00 3.340065479278564453e+00 3.338433265686035156e+00 3.328608274459838867e+00 3.329927444458007812e+00 

3.286783695220947266e+00 3.340087652206420898e+00 3.337716102600097656e+00 3.323519706726074219e+00 3.325479745864868164e+00 

3.272718191146850586e+00 3.340105533599853516e+00 3.337018728256225586e+00 3.318646907806396484e+00 3.321236371994018555e+00 

3.259764909744262695e+00 3.340118885040283203e+00 3.336338996887207031e+00 3.313967704772949219e+00 3.317169666290283203e+00 

3.247745275497436523e+00 3.340128660202026367e+00 3.335675001144409180e+00 3.309463024139404297e+00 3.313257694244384766e+00 

3.236517667770385742e+00 3.340135097503662109e+00 3.335025548934936523e+00 3.305117607116699219e+00 3.309483289718627930e+00 

3.225968837738037109e+00 3.340138673782348633e+00 3.334388971328735352e+00 3.300917625427246094e+00 3.305833101272583008e+00 

3.216006517410278320e+00 3.340139389038085938e+00 3.333764314651489258e+00 3.296850681304931641e+00 3.302294969558715820e+00 

3.338567972183227539e+00 3.340004444122314453e+00 3.340052604675292969e+00 3.340039968490600586e+00 3.339021444320678711e+00 

3.321452856063842773e+00 3.340048313140869141e+00 3.340565204620361328e+00 3.340425729751586914e+00 3.327091455459594727e+00 

3.306095123291015625e+00 3.340090513229370117e+00 3.341052770614624023e+00 3.340784549713134766e+00 3.316155910491943359e+00 

3.292153358459472656e+00 3.340130805969238281e+00 3.341519832611083984e+00 3.341122627258300781e+00 3.306044578552246094e+00 

3.279374599456787109e+00 3.340168952941894531e+00 3.341969013214111328e+00 3.341442346572875977e+00 3.296628713607788086e+00 

3.267566442489624023e+00 3.340204954147338867e+00 3.342402696609497070e+00 3.341746330261230469e+00 3.287808418273925781e+00 

3.256579637527465820e+00 3.340239286422729492e+00 3.342822551727294922e+00 3.342036962509155273e+00 3.279502391815185547e+00 

3.246294260025024414e+00 3.340271949768066406e+00 3.343230247497558594e+00 3.342315673828125000e+00 3.271647214889526367e+00 

3.236614942550659180e+00 3.340302944183349609e+00 3.343627214431762695e+00 3.342583656311035156e+00 3.264189004898071289e+00 

3.227462291717529297e+00 3.340331792831420898e+00 3.344014406204223633e+00 3.342842340469360352e+00 3.257083415985107422e+00 

3.337976455688476562e+00 3.339829444885253906e+00 3.339739084243774414e+00 3.339147090911865234e+00 3.340009212493896484e+00 

3.314099550247192383e+00 3.337695360183715820e+00 3.336463928222656250e+00 3.328774213790893555e+00 3.340095520019531250e+00 

3.293325662612915039e+00 3.335641145706176758e+00 3.333302974700927734e+00 3.319274187088012695e+00 3.340171337127685547e+00 

3.274906635284423828e+00 3.333655834197998047e+00 3.330248117446899414e+00 3.310469388961791992e+00 3.340237140655517578e+00 

3.258328199386596680e+00 3.331730127334594727e+00 3.327291011810302734e+00 3.302236080169677734e+00 3.340293407440185547e+00 

3.243222951889038086e+00 3.329857349395751953e+00 3.324423551559448242e+00 3.294485092163085938e+00 3.340341567993164062e+00 

3.229316473007202148e+00 3.328031778335571289e+00 3.321638584136962891e+00 3.287149190902709961e+00 3.340381622314453125e+00 

3.216400623321533203e+00 3.326248884201049805e+00 3.318928956985473633e+00 3.280175924301147461e+00 3.340414762496948242e+00 

3.204311847686767578e+00 3.324505567550659180e+00 3.316290140151977539e+00 3.273523569107055664e+00 3.340440988540649414e+00 

3.192919492721557617e+00 3.322798252105712891e+00 3.313716650009155273e+00 3.267158746719360352e+00 3.340461254119873047e+00 

3.334951400756835938e+00 3.339900970458984375e+00 3.339917421340942383e+00 3.337797164916992188e+00 3.339630842208862305e+00 

3.280960083007812500e+00 3.338673591613769531e+00 3.338879346847534180e+00 3.312366724014282227e+00 3.335428237915039062e+00 

3.240288257598876953e+00 3.337507724761962891e+00 3.337855815887451172e+00 3.290815114974975586e+00 3.331914901733398438e+00 

3.207206249237060547e+00 3.336391210556030273e+00 3.336832523345947266e+00 3.271922111511230469e+00 3.328847169876098633e+00 

3.178872823715209961e+00 3.335315704345703125e+00 3.335803747177124023e+00 3.254992485046386719e+00 3.326097488403320312e+00 

3.153651237487792969e+00 3.334273815155029297e+00 3.334765672683715820e+00 3.239580154418945312e+00 3.323590993881225586e+00 

3.130493402481079102e+00 3.333260774612426758e+00 3.333716630935668945e+00 3.225376367568969727e+00 3.321277856826782227e+00 

3.108668327331542969e+00 3.332272529602050781e+00 3.332654953002929688e+00 3.212157726287841797e+00 3.319124460220336914e+00 

3.087625503540039062e+00 3.331304788589477539e+00 3.331579446792602539e+00 3.199754714965820312e+00 3.317107915878295898e+00 

3.066916704177856445e+00 3.330354928970336914e+00 3.330488681793212891e+00 3.188039064407348633e+00 3.315210580825805664e+00 

3.336530685424804688e+00 3.339630603790283203e+00 3.339869976043701172e+00 3.339940786361694336e+00 3.338508129119873047e+00 

3.297674179077148438e+00 3.335065603256225586e+00 3.338253736495971680e+00 3.339208126068115234e+00 3.320964097976684570e+00 

3.266302108764648438e+00 3.330767393112182617e+00 3.336696147918701172e+00 3.338512897491455078e+00 3.305719375610351562e+00 

3.239847183227539062e+00 3.326685667037963867e+00 3.335171222686767578e+00 3.337847471237182617e+00 3.292140722274780273e+00 

3.216822624206542969e+00 3.322785615921020508e+00 3.333665370941162109e+00 3.337206363677978516e+00 3.279837846755981445e+00 

3.196286916732788086e+00 3.319041967391967773e+00 3.332171916961669922e+00 3.336585521697998047e+00 3.268548727035522461e+00 

3.177601814270019531e+00 3.315434932708740234e+00 3.330686569213867188e+00 3.335982322692871094e+00 3.258088350296020508e+00 

3.160313129425048828e+00 3.311949014663696289e+00 3.329206943511962891e+00 3.335394144058227539e+00 3.248319864273071289e+00 

3.144081830978393555e+00 3.308571577072143555e+00 3.327731847763061523e+00 3.334819555282592773e+00 3.239138603210449219e+00 

3.128645420074462891e+00 3.305292844772338867e+00 3.326260328292846680e+00 3.334256887435913086e+00 3.230462551116943359e+00 

3.337056636810302734e+00 3.339880704879760742e+00 3.339097261428833008e+00 3.339767217636108398e+00 3.338865041732788086e+00 

3.302834749221801758e+00 3.338396549224853516e+00 3.328141450881958008e+00 3.336900949478149414e+00 3.325140476226806641e+00 

3.274425029754638672e+00 3.336978673934936523e+00 3.318134546279907227e+00 3.334205865859985352e+00 3.312680244445800781e+00 

3.250047922134399414e+00 3.335612058639526367e+00 3.308873414993286133e+00 3.331639528274536133e+00 3.301210880279541016e+00 

3.228604316711425781e+00 3.334286451339721680e+00 3.300223350524902344e+00 3.329174518585205078e+00 3.290550708770751953e+00 

3.209364891052246094e+00 3.332994937896728516e+00 3.292088031768798828e+00 3.326792716979980469e+00 3.280569553375244141e+00 

3.191818714141845703e+00 3.331732511520385742e+00 3.284394979476928711e+00 3.324481487274169922e+00 3.271170616149902344e+00 

3.175593852996826172e+00 3.330496311187744141e+00 3.277088880538940430e+00 3.322231054306030273e+00 3.262277841567993164e+00 

3.160408258438110352e+00 3.329281806945800781e+00 3.270123958587646484e+00 3.320034503936767578e+00 3.253830432891845703e+00 

3.146042108535766602e+00 3.328087568283081055e+00 3.263463735580444336e+00 3.317886114120483398e+00 3.245778560638427734e+00 

3.336040496826171875e+00 3.339983224868774414e+00 3.338350772857666016e+00 3.339505195617675781e+00 3.339546680450439453e+00 

3.291789293289184570e+00 3.339797735214233398e+00 3.318754434585571289e+00 3.333549261093139648e+00 3.334084749221801758e+00 

3.256805419921875000e+00 3.339651823043823242e+00 3.301435947418212891e+00 3.328140735626220703e+00 3.329118728637695312e+00 

3.227642059326171875e+00 3.339530706405639648e+00 3.285813808441162109e+00 3.323124170303344727e+00 3.324510097503662109e+00 

3.202401876449584961e+00 3.339426517486572266e+00 3.271524906158447266e+00 3.318410158157348633e+00 3.320177793502807617e+00 

3.179920196533203125e+00 3.339334249496459961e+00 3.258318662643432617e+00 3.313942432403564453e+00 3.316070795059204102e+00 

3.159424304962158203e+00 3.339250326156616211e+00 3.246012926101684570e+00 3.309681177139282227e+00 3.312152624130249023e+00 

3.140368700027465820e+00 3.339172601699829102e+00 3.234468460083007812e+00 3.305599927902221680e+00 3.308398008346557617e+00 

3.122347593307495117e+00 3.339099645614624023e+00 3.223575353622436523e+00 3.301676988601684570e+00 3.304787635803222656e+00 

3.105043888092041016e+00 3.339030027389526367e+00 3.213244438171386719e+00 3.297897338867187500e+00 3.301306724548339844e+00 

