0.200000 71
   0.000000000000E+00  -1.943551799182E-01  -5.048917654803E-01  -4.547905708580E-02   0.000000000000E+00   3.646664973641E-01   3.646664973641E-01   0.000000000000E+00   2.000000000000E+00   2.000000000000E+00
   1.201000000000E+01 0.0 0.0 0.0 0.0 0.0 0.0 0.0 0.0 0.0 0.0 0.0 0.0 0.0 0.0 0.0 0.0 0.0 0.0 0.0
   0.000000000000E+00   0.000000000000E+00   0.000000000000E+00   0.000000000000E+00   0.000000000000E+00   0.000000000000E+00   0.000000000000E+00   0.000000000000E+00   0.000000000000E+00   0.000000000000E+00   0.000000000000E+00   0.000000000000E+00   0.000000000000E+00   0.000000000000E+00   0.000000000000E+00   0.000000000000E+00   0.000000000000E+00   0.000000000000E+00   0.000000000000E+00   0.000000000000E+00
   0.000000000000E+00   0.000000000000E+00   0.000000000000E+00   0.000000000000E+00   0.000000000000E+00  -8.788779724252E-01  -1.116901226933E+00   0.000000000000E+00  -1.832694676261E-01  -1.173561004305E+00   0.000000000000E+00   0.000000000000E+00   0.000000000000E+00   0.000000000000E+00   0.000000000000E+00   8.898241656970E-01   9.621251348558E-01   0.000000000000E+00  -1.306827978494E-01   9.399569281525E-01
   0.000000000000E+00   0.000000000000E+00   0.000000000000E+00   0.000000000000E+00   0.000000000000E+00  -5.839949447521E-01  -9.873181450772E-01   0.000000000000E+00  -3.180631369164E-02  -9.018391890143E-01   0.000000000000E+00   0.000000000000E+00   0.000000000000E+00   0.000000000000E+00   0.000000000000E+00   7.721391369881E-01   9.191955610937E-01   0.000000000000E+00  -2.093398508314E-01   8.959870115844E-01
   0.000000000000E+00   0.000000000000E+00   0.000000000000E+00   0.000000000000E+00   0.000000000000E+00  -3.243475080014E-01  -8.524576310868E-01   0.000000000000E+00   1.442050043885E-01  -7.967639819281E-01   0.000000000000E+00   0.000000000000E+00   0.000000000000E+00   0.000000000000E+00   0.000000000000E+00   6.342145960209E-01   8.654528991301E-01   0.000000000000E+00  -2.890803388018E-01   8.543714277523E-01
   0.000000000000E+00   0.000000000000E+00   0.000000000000E+00   0.000000000000E+00   0.000000000000E+00  -1.228175886072E-01  -7.253598395135E-01   0.000000000000E+00   2.920732892787E-01  -7.594489068540E-01   0.000000000000E+00   0.000000000000E+00   0.000000000000E+00   0.000000000000E+00   0.000000000000E+00   4.901503562687E-01   8.048021562234E-01   0.000000000000E+00  -3.622655892981E-01   8.140808852318E-01
   0.000000000000E+00   0.000000000000E+00   0.000000000000E+00   0.000000000000E+00   0.000000000000E+00   2.122225465927E-02  -6.118905915432E-01   0.000000000000E+00   3.955412045575E-01  -7.363113831821E-01   0.000000000000E+00   0.000000000000E+00   0.000000000000E+00   0.000000000000E+00   0.000000000000E+00   3.504517444252E-01   7.406012977275E-01   0.000000000000E+00  -4.233926563667E-01   7.726586152747E-01
   0.000000000000E+00   0.000000000000E+00   0.000000000000E+00   0.000000000000E+00   0.000000000000E+00   1.172942181660E-01  -5.137768649062E-01   0.000000000000E+00   4.563323298776E-01  -7.060635310289E-01   0.000000000000E+00   0.000000000000E+00   0.000000000000E+00   0.000000000000E+00   0.000000000000E+00   2.220581471768E-01   6.755308755759E-01   0.000000000000E+00  -4.695452010254E-01   7.283646497914E-01
   0.000000000000E+00   0.000000000000E+00   0.000000000000E+00   0.000000000000E+00   0.000000000000E+00   1.766932590166E-01  -4.305646317712E-01   0.000000000000E+00   4.826962769435E-01  -6.639676166613E-01   0.000000000000E+00   0.000000000000E+00   0.000000000000E+00   0.000000000000E+00   0.000000000000E+00   1.089079406849E-01   6.116038050044E-01   0.000000000000E+00  -5.000070731818E-01   6.806608206025E-01
   0.000000000000E+00   0.000000000000E+00   0.000000000000E+00   0.000000000000E+00   0.000000000000E+00   2.098222939768E-01  -3.607771607623E-01   0.000000000000E+00   4.840647400371E-01  -6.121908138938E-01   0.000000000000E+00   0.000000000000E+00   0.000000000000E+00   0.000000000000E+00   0.000000000000E+00   1.266299367864E-02   5.502427271404E-01   0.000000000000E+00  -5.156229200111E-01   6.300050063214E-01
   0.000000000000E+00   0.000000000000E+00   0.000000000000E+00   0.000000000000E+00   0.000000000000E+00   2.250471783696E-01  -3.025842000986E-01   0.000000000000E+00   4.687208389233E-01  -5.548439873850E-01   0.000000000000E+00   0.000000000000E+00   0.000000000000E+00   0.000000000000E+00   0.000000000000E+00  -6.660013067990E-02   4.923828081793E-01   0.000000000000E+00  -5.181765639752E-01   5.774566862901E-01
   0.000000000000E+00   0.000000000000E+00   0.000000000000E+00   0.000000000000E+00   0.000000000000E+00   2.285214328257E-01  -2.541618492072E-01   0.000000000000E+00   4.430622344242E-01  -4.957920465326E-01   0.000000000000E+00   0.000000000000E+00   0.000000000000E+00   0.000000000000E+00   0.000000000000E+00  -1.298160157577E-01   4.385763252912E-01   0.000000000000E+00  -5.098941186721E-01   5.243134407389E-01
   0.000000000000E+00   0.000000000000E+00   0.000000000000E+00   0.000000000000E+00   0.000000000000E+00   2.245300826780E-01  -2.138616004875E-01   0.000000000000E+00   4.116775582815E-01  -4.379534886464E-01   0.000000000000E+00   0.000000000000E+00   0.000000000000E+00   0.000000000000E+00   0.000000000000E+00  -1.784939143777E-01   3.890870709559E-01   0.000000000000E+00  -4.930941433477E-01   4.718507521552E-01
   0.000000000000E+00   0.000000000000E+00   0.000000000000E+00   0.000000000000E+00   0.000000000000E+00   2.159544800283E-01  -1.802687363555E-01   0.000000000000E+00   3.777008491625E-01  -3.832546233202E-01   0.000000000000E+00   0.000000000000E+00   0.000000000000E+00   0.000000000000E+00   0.000000000000E+00  -2.144079175242E-01   3.439697636347E-01   0.000000000000E+00  -4.699678858278E-01   4.211687203830E-01
   0.000000000000E+00   0.000000000000E+00   0.000000000000E+00   0.000000000000E+00   0.000000000000E+00   2.046920368083E-01  -1.522034975937E-01   0.000000000000E+00   3.431954109802E-01  -3.328117029087E-01   0.000000000000E+00   0.000000000000E+00   0.000000000000E+00   0.000000000000E+00   0.000000000000E+00  -2.393905168501E-01   3.031337121280E-01   0.000000000000E+00  -4.424593510057E-01   3.731231503841E-01
   0.000000000000E+00   0.000000000000E+00   0.000000000000E+00   0.000000000000E+00   0.000000000000E+00   1.919806890556E-01  -1.286969060890E-01   0.000000000000E+00   3.094753098064E-01  -2.871521232832E-01   0.000000000000E+00   0.000000000000E+00   0.000000000000E+00   0.000000000000E+00   0.000000000000E+00  -2.552044825082E-01   2.663920319877E-01   0.000000000000E+00  -4.122148257099E-01   3.283134581797E-01
   0.000000000000E+00   0.000000000000E+00   0.000000000000E+00   0.000000000000E+00   0.000000000000E+00   1.786273633442E-01  -1.089585467836E-01   0.000000000000E+00   2.773448214591E-01  -2.464047274834E-01   0.000000000000E+00   0.000000000000E+00   0.000000000000E+00   0.000000000000E+00   0.000000000000E+00  -2.634707969273E-01   2.334985565216E-01   0.000000000000E+00  -3.805767733429E-01   2.871037437071E-01
   0.000000000000E+00   0.000000000000E+00   0.000000000000E+00   0.000000000000E+00   0.000000000000E+00   1.651591567037E-01  -9.234475247950E-02   0.000000000000E+00   2.472658746711E-01  -2.104433979273E-01   0.000000000000E+00   0.000000000000E+00   0.000000000000E+00   0.000000000000E+00   0.000000000000E+00  -2.656347232473E-01   2.041747611766E-01   0.000000000000E+00  -3.486034954209E-01   2.496598100002E-01
   0.000000000000E+00   0.000000000000E+00   0.000000000000E+00   0.000000000000E+00   0.000000000000E+00   1.519201077647E-01  -7.833063752724E-02   0.000000000000E+00   2.194718499849E-01  -1.789888015827E-01   0.000000000000E+00   0.000000000000E+00   0.000000000000E+00   0.000000000000E+00   0.000000000000E+00  -2.629564536506E-01   1.781288620709E-01   0.000000000000E+00  -3.171017743577E-01   2.159909686007E-01
   0.000000000000E+00   0.000000000000E+00   0.000000000000E+00   0.000000000000E+00   0.000000000000E+00   1.391327277441E-01  -6.648685906831E-02   0.000000000000E+00   1.940444693509E-01  -1.516781072901E-01   0.000000000000E+00   0.000000000000E+00   0.000000000000E+00   0.000000000000E+00   0.000000000000E+00  -2.565165720527E-01   1.550689501979E-01   0.000000000000E+00  -2.866642662655E-01   1.859901641234E-01
   0.000000000000E+00   0.000000000000E+00   0.000000000000E+00   0.000000000000E+00   0.000000000000E+00   1.269375386987E-01  -5.646084343295E-02   0.000000000000E+00   1.709660014119E-01  -1.281116363375E-01   0.000000000000E+00   0.000000000000E+00   0.000000000000E+00   0.000000000000E+00   0.000000000000E+00  -2.472296042433E-01   1.347116873574E-01   0.000000000000E+00  -2.577067011307E-01   1.594691861071E-01
   0.000000000000E+00   0.000000000000E+00   0.000000000000E+00   0.000000000000E+00   0.000000000000E+00   1.154189280580E-01  -4.796182152564E-02   0.000000000000E+00   1.501549525098E-01  -1.078832934850E-01   0.000000000000E+00   0.000000000000E+00   0.000000000000E+00   0.000000000000E+00   0.000000000000E+00  -2.358612372884E-01   1.167877711368E-01   0.000000000000E+00  -2.305021873670E-01   1.361877731384E-01
   0.000000000000E+00   0.000000000000E+00   0.000000000000E+00   0.000000000000E+00   0.000000000000E+00   1.046223731076E-01  -4.074896260345E-02   0.000000000000E+00   1.314905854751E-01  -9.059972917400E-02   0.000000000000E+00   0.000000000000E+00   0.000000000000E+00   0.000000000000E+00   0.000000000000E+00  -2.230464670538E-01   1.010450977881E-01   0.000000000000E+00  -2.052113673245E-01   1.158765861793E-01
   0.000000000000E+00   0.000000000000E+00   0.000000000000E+00   0.000000000000E+00   0.000000000000E+00   9.456612683306E-02  -3.462197030703E-02   0.000000000000E+00   1.148297865339E-01  -7.589175154864E-02   0.000000000000E+00   0.000000000000E+00   0.000000000000E+00   0.000000000000E+00   0.000000000000E+00  -2.093070991091E-01   8.725032096052E-02   0.000000000000E+00  -1.819080595260E-01   9.825462806373E-02
   0.000000000000E+00   0.000000000000E+00   0.000000000000E+00   0.000000000000E+00   0.000000000000E+00   8.524928960906E-02  -2.941361382656E-02   0.000000000000E+00   1.000186364097E-01  -6.342047166642E-02   0.000000000000E+00   0.000000000000E+00   0.000000000000E+00   0.000000000000E+00   0.000000000000E+00  -1.950678023979E-01   7.518931991437E-02   0.000000000000E+00  -1.606005326827E-01   8.304193445983E-02
   0.000000000000E+00   0.000000000000E+00   0.000000000000E+00   0.000000000000E+00   0.000000000000E+00   7.665748522745E-02  -2.498377326305E-02   0.000000000000E+00   8.690028605067E-02  -5.287992591961E-02   0.000000000000E+00   0.000000000000E+00   0.000000000000E+00   0.000000000000E+00   0.000000000000E+00  -1.806704012463E-01   6.466694797581E-02   0.000000000000E+00  -1.412488185563E-01   6.996840892907E-02
   0.000000000000E+00   0.000000000000E+00   0.000000000000E+00   0.000000000000E+00   0.000000000000E+00   6.876692357626E-02  -2.121466929254E-02   0.000000000000E+00   7.532023815211E-02  -4.399739465833E-02   0.000000000000E+00   0.000000000000E+00   0.000000000000E+00   0.000000000000E+00   0.000000000000E+00  -1.663863754531E-01   5.550632401287E-02   0.000000000000E+00  -1.237785787058E-01   5.877961740393E-02
   0.000000000000E+00   0.000000000000E+00   0.000000000000E+00   0.000000000000E+00   0.000000000000E+00   6.154735854357E-02  -1.800702100843E-02   0.000000000000E+00   6.512980061430E-02  -3.653226461536E-02   0.000000000000E+00   0.000000000000E+00   0.000000000000E+00   0.000000000000E+00   0.000000000000E+00  -1.524276874134E-01   4.754784987851E-02   0.000000000000E+00  -1.080920572837E-01   4.924025356119E-02
   0.000000000000E+00   0.000000000000E+00   0.000000000000E+00   0.000000000000E+00   0.000000000000E+00   5.496427596009E-02  -1.527693381284E-02   0.000000000000E+00   5.618825012374E-02  -3.027402059281E-02   0.000000000000E+00   0.000000000000E+00   0.000000000000E+00   0.000000000000E+00   0.000000000000E+00  -1.389561192492E-01   4.064807891064E-02   0.000000000000E+00  -9.407661975130E-02   4.113586918352E-02
   0.000000000000E+00   0.000000000000E+00   0.000000000000E+00   0.000000000000E+00   0.000000000000E+00   4.898053489326E-02  -1.295336420380E-02   0.000000000000E+00   4.836408686850E-02  -2.503976700129E-02   0.000000000000E+00   0.000000000000E+00   0.000000000000E+00   0.000000000000E+00   0.000000000000E+00  -1.260913169763E-01   3.467851941582E-02   0.000000000000E+00  -8.161132176924E-02   3.427335008878E-02
   0.000000000000E+00   0.000000000000E+00   0.000000000000E+00   0.000000000000E+00   0.000000000000E+00   4.355761315478E-02  -1.097604278696E-02   0.000000000000E+00   4.153565168081E-02  -2.067154950978E-02   0.000000000000E+00   0.000000000000E+00   0.000000000000E+00   0.000000000000E+00   0.000000000000E+00  -1.139177264455E-01   2.952442827100E-02   0.000000000000E+00  -7.057188930506E-02   2.848051671383E-02
   0.000000000000E+00   0.000000000000E+00   0.000000000000E+00   0.000000000000E+00   0.000000000000E+00   3.865656013093E-02  -9.293763355061E-03   0.000000000000E+00   3.559129950376E-02  -1.703365525985E-02   0.000000000000E+00   0.000000000000E+00   0.000000000000E+00   0.000000000000E+00   0.000000000000E+00  -1.024905821274E-01   2.508362995588E-02   0.000000000000E+00  -6.083442901152E-02   2.360514189635E-02
   0.000000000000E+00   0.000000000000E+00   0.000000000000E+00   0.000000000000E+00   0.000000000000E+00   3.423872811873E-02  -7.862966133320E-03   0.000000000000E+00   3.042926803310E-02  -1.401000560782E-02   0.000000000000E+00   0.000000000000E+00   0.000000000000E+00   0.000000000000E+00   0.000000000000E+00  -9.184108351145E-02   2.126538287838E-02   0.000000000000E+00  -5.227813162059E-02   1.951360693865E-02
   0.000000000000E+00   0.000000000000E+00   0.000000000000E+00   0.000000000000E+00   0.000000000000E+00   3.026633183286E-02  -6.646558843177E-03   0.000000000000E+00   2.595734113364E-02  -1.150171031178E-02   0.000000000000E+00   0.000000000000E+00   0.000000000000E+00   0.000000000000E+00   0.000000000000E+00  -8.198086957979E-02   1.798930584857E-02   0.000000000000E+00  -4.478718225970E-02   1.608935943784E-02
   0.000000000000E+00   0.000000000000E+00   0.000000000000E+00   0.000000000000E+00   0.000000000000E+00   2.670287120295E-02  -5.612931262458E-03   0.000000000000E+00   2.209237845880E-02  -9.424820891962E-03   0.000000000000E+00   0.000000000000E+00   0.000000000000E+00   0.000000000000E+00   0.000000000000E+00  -7.290588143839E-02   1.518437159317E-02   0.000000000000E+00  -3.825205047938E-02   1.323129084293E-02
   0.000000000000E+00   0.000000000000E+00   0.000000000000E+00   0.000000000000E+00   0.000000000000E+00   2.351344289142E-02  -4.735128188581E-03   0.000000000000E+00   1.875976263718E-02  -7.708299631825E-03   0.000000000000E+00   0.000000000000E+00   0.000000000000E+00   0.000000000000E+00   0.000000000000E+00  -6.459968716045E-02   1.278797029258E-02   0.000000000000E+00  -3.257029884225E-02   1.085211634119E-02
   0.000000000000E+00   0.000000000000E+00   0.000000000000E+00   0.000000000000E+00   0.000000000000E+00   2.066495964775E-02  -3.990152890952E-03   0.000000000000E+00   1.589280098932E-02  -6.292206489546E-03   0.000000000000E+00   0.000000000000E+00   0.000000000000E+00   0.000000000000E+00   0.000000000000E+00  -5.703633082078E-02   1.074504357874E-02   0.000000000000E+00  -2.764702126326E-02   8.876812669575E-03
   0.000000000000E+00   0.000000000000E+00   0.000000000000E+00   0.000000000000E+00   0.000000000000E+00   1.812629266434E-02  -3.358378704992E-03   0.000000000000E+00   1.343210843839E-02  -5.126097015806E-03   0.000000000000E+00   0.000000000000E+00   0.000000000000E+00   0.000000000000E+00   0.000000000000E+00  -5.018275883113E-02   9.007287788513E-03   0.000000000000E+00  -2.339499992196E-02   7.241149169131E-03
   0.000000000000E+00   0.000000000000E+00   0.000000000000E+00   0.000000000000E+00   0.000000000000E+00   1.586834962736E-02  -2.823050747019E-03   0.000000000000E+00   1.132499083002E-02  -4.167618738156E-03   0.000000000000E+00   0.000000000000E+00   0.000000000000E+00   0.000000000000E+00   0.000000000000E+00  -4.400087022441E-02   7.532424212843E-03   0.000000000000E+00  -1.973465155076E-02   5.890332458587E-03
   0.000000000000E+00   0.000000000000E+00   0.000000000000E+00   0.000000000000E+00   0.000000000000E+00   1.386409944425E-02  -2.369863124873E-03   0.000000000000E+00   9.524842360579E-03  -3.381290271690E-03   0.000000000000E+00   0.000000000000E+00   0.000000000000E+00   0.000000000000E+00   0.000000000000E+00  -3.844923275139E-02   6.283533413432E-03   0.000000000000E+00  -1.659381940839E-02   4.777774329278E-03
   0.000000000000E+00   0.000000000000E+00   0.000000000000E+00   0.000000000000E+00   0.000000000000E+00   1.208855469017E-02  -1.986599649309E-03   0.000000000000E+00   7.990567136068E-03  -2.737446082610E-03   0.000000000000E+00   0.000000000000E+00   0.000000000000E+00   0.000000000000E+00   0.000000000000E+00  -3.348450296324E-02   5.228450265912E-03   0.000000000000E+00  -1.390745558264E-02   3.863984900259E-03
   0.000000000000E+00   0.000000000000E+00   0.000000000000E+00   0.000000000000E+00   0.000000000000E+00   1.051871867003E-02  -1.662828155115E-03   0.000000000000E+00   6.686030685858E-03  -2.211329125662E-03   0.000000000000E+00   0.000000000000E+00   0.000000000000E+00   0.000000000000E+00   0.000000000000E+00  -2.906258542030E-02   4.339216147100E-03   0.000000000000E+00  -1.161722886219E-02   3.115587946192E-03
   0.000000000000E+00   0.000000000000E+00   0.000000000000E+00   0.000000000000E+00   0.000000000000E+00   9.133509145345E-03  -1.389640238175E-03   0.000000000000E+00   5.579546911055E-03  -1.782314711181E-03   0.000000000000E+00   0.000000000000E+00   0.000000000000E+00   0.000000000000E+00   0.000000000000E+00  -2.513956349673E-02   3.591584562045E-03   0.000000000000E+00  -9.671085822619E-03   2.504452006059E-03
   0.000000000000E+00   0.000000000000E+00   0.000000000000E+00   0.000000000000E+00   0.000000000000E+00   7.913666339955E-03  -1.159429462689E-03   0.000000000000E+00   4.643402764622E-03  -1.433249391258E-03   0.000000000000E+00   0.000000000000E+00   0.000000000000E+00   0.000000000000E+00   0.000000000000E+00  -2.167243175412E-02   2.964576469753E-03   0.000000000000E+00  -8.022786627147E-03   2.006928914660E-03
   0.000000000000E+00   0.000000000000E+00   0.000000000000E+00   0.000000000000E+00   0.000000000000E+00   6.841642028890E-03  -9.657022832624E-04   0.000000000000E+00   3.853418679878E-03  -1.149889058104E-03   0.000000000000E+00   0.000000000000E+00   0.000000000000E+00   0.000000000000E+00   0.000000000000E+00  -1.861965743504E-02   2.440081593214E-03   0.000000000000E+00  -6.631432069031E-03   1.603190396592E-03
   0.000000000000E+00   0.000000000000E+00   0.000000000000E+00   0.000000000000E+00   0.000000000000E+00   5.901493570563E-03  -8.029167498387E-04   0.000000000000E+00   3.188550249062E-03  -9.204244255969E-04   0.000000000000E+00   0.000000000000E+00   0.000000000000E+00   0.000000000000E+00   0.000000000000E+00  -1.594159623516E-02   2.002502073953E-03   0.000000000000E+00  -5.460994356389E-03   1.276653037071E-03
   0.000000000000E+00   0.000000000000E+00   0.000000000000E+00   0.000000000000E+00   0.000000000000E+00   5.078745373507E-03  -6.663448561536E-04   0.000000000000E+00   2.630518082686E-03  -7.350782483367E-04   0.000000000000E+00   0.000000000000E+00   0.000000000000E+00   0.000000000000E+00   0.000000000000E+00  -1.360078514439E-02   1.638434943281E-03   0.000000000000E+00  -4.479860888260E-03   1.013482079145E-03
   0.000000000000E+00   0.000000000000E+00   0.000000000000E+00   0.000000000000E+00   0.000000000000E+00   4.360277128775E-03  -5.519551135278E-04   0.000000000000E+00   2.163480752510E-03  -5.857683793218E-04   0.000000000000E+00   0.000000000000E+00   0.000000000000E+00   0.000000000000E+00   0.000000000000E+00  -1.156213281967E-02   1.336390022790E-03   0.000000000000E+00  -3.660397652980E-03   8.021649314029E-04
   0.000000000000E+00   0.000000000000E+00   0.000000000000E+00   0.000000000000E+00   0.000000000000E+00   3.734289907085E-03  -4.563121108562E-04   0.000000000000E+00   1.773759859931E-03  -4.658295990055E-04   0.000000000000E+00   0.000000000000E+00   0.000000000000E+00   0.000000000000E+00   0.000000000000E+00  -9.793025688898E-03   1.086540028677E-03   0.000000000000E+00  -2.978536784361E-03   6.331458862377E-04
   0.000000000000E+00   0.000000000000E+00   0.000000000000E+00   0.000000000000E+00   0.000000000000E+00   3.190206012270E-03  -3.764903918837E-04   0.000000000000E+00   1.449574874894E-03  -3.697750496351E-04   0.000000000000E+00   0.000000000000E+00   0.000000000000E+00   0.000000000000E+00   0.000000000000E+00  -8.263365815465E-03   8.804998319521E-04   0.000000000000E+00  -2.413391146721E-03   4.985142614603E-04
   0.000000000000E+00   0.000000000000E+00   0.000000000000E+00   0.000000000000E+00   0.000000000000E+00   2.718481993895E-03  -3.100008332725E-04   0.000000000000E+00   1.180784055857E-03  -2.930910485292E-04   0.000000000000E+00   0.000000000000E+00   0.000000000000E+00   0.000000000000E+00   0.000000000000E+00  -6.945554500948E-03   7.111320143860E-04   0.000000000000E+00  -1.946897511410E-03   3.917389280397E-04
   0.000000000000E+00   0.000000000000E+00   0.000000000000E+00   0.000000000000E+00   0.000000000000E+00   2.310478034241E-03  -2.547277779241E-04   0.000000000000E+00   9.586670660843E-04  -2.320692181479E-04   0.000000000000E+00   0.000000000000E+00   0.000000000000E+00   0.000000000000E+00   0.000000000000E+00  -5.814433689400E-03   5.723760537104E-04   0.000000000000E+00  -1.563488872873E-03   3.074429336765E-04
   0.000000000000E+00   0.000000000000E+00   0.000000000000E+00   0.000000000000E+00   0.000000000000E+00   1.958418981025E-03  -2.088751555560E-04   0.000000000000E+00   7.757522332246E-04  -1.836711172248E-04   0.000000000000E+00   0.000000000000E+00   0.000000000000E+00   0.000000000000E+00   0.000000000000E+00  -4.847195474751E-03   4.590986668988E-04   0.000000000000E+00  -1.249795679405E-03   2.412126492097E-04
   0.000000000000E+00   0.000000000000E+00   0.000000000000E+00   0.000000000000E+00   0.000000000000E+00   1.655375449530E-03  -1.709201762019E-04   0.000000000000E+00   6.256663571495E-04  -1.454156019529E-04   0.000000000000E+00   0.000000000000E+00   0.000000000000E+00   0.000000000000E+00   0.000000000000E+00  -4.023268411310E-03   3.669630344944E-04   0.000000000000E+00  -9.943751791021E-04   1.894365366145E-04
   0.000000000000E+00   0.000000000000E+00   0.000000000000E+00   0.000000000000E+00   0.000000000000E+00   1.395224381148E-03  -1.395735829184E-04   0.000000000000E+00   5.029958572228E-04  -1.152832565201E-04   0.000000000000E+00   0.000000000000E+00   0.000000000000E+00   0.000000000000E+00   0.000000000000E+00  -3.324187888205E-03   2.923148186574E-04   0.000000000000E+00  -7.874676677974E-04   1.491692544142E-04
   0.000000000000E+00   0.000000000000E+00   0.000000000000E+00   0.000000000000E+00   0.000000000000E+00   1.172580549914E-03  -1.137456706506E-04   0.000000000000E+00   4.031569269768E-04  -9.163506857809E-05   0.000000000000E+00   0.000000000000E+00   0.000000000000E+00   0.000000000000E+00   0.000000000000E+00  -2.733456550191E-03   2.320830710749E-04   0.000000000000E+00  -6.207781423352E-04   1.180173752346E-04
   0.000000000000E+00   0.000000000000E+00   0.000000000000E+00   0.000000000000E+00   0.000000000000E+00   9.826758595559E-04  -9.251701510163E-05   0.000000000000E+00   3.222697475685E-04  -7.314243684457E-05   0.000000000000E+00   0.000000000000E+00   0.000000000000E+00   0.000000000000E+00   0.000000000000E+00  -2.236399623829E-03   1.836943023330E-04   0.000000000000E+00  -4.872816831547E-04   9.404349066405E-05
   0.000000000000E+00   0.000000000000E+00   0.000000000000E+00   0.000000000000E+00   0.000000000000E+00   8.212087174474E-04  -7.511298527001E-05   0.000000000000E+00   2.570418222974E-04  -5.872806002116E-05   0.000000000000E+00   0.000000000000E+00   0.000000000000E+00   0.000000000000E+00   0.000000000000E+00  -1.820019030901E-03   1.449981504204E-04   0.000000000000E+00  -3.810507926401E-04   7.568592250374E-05
   0.000000000000E+00   0.000000000000E+00   0.000000000000E+00   0.000000000000E+00   0.000000000000E+00   6.842370608458E-04  -6.088155905592E-05   0.000000000000E+00   2.046742793258E-04  -4.751893698957E-05   0.000000000000E+00   0.000000000000E+00   0.000000000000E+00   0.000000000000E+00   0.000000000000E+00  -1.472849329799E-03   1.142032420430E-04   0.000000000000E+00  -2.971028820452E-04   6.169165039373E-05
   0.000000000000E+00   0.000000000000E+00   0.000000000000E+00   0.000000000000E+00   0.000000000000E+00   5.680480537862E-04  -4.927439344741E-05   0.000000000000E+00   1.627754062182E-04  -3.880674957726E-05   0.000000000000E+00   0.000000000000E+00   0.000000000000E+00   0.000000000000E+00   0.000000000000E+00  -1.184817809257E-03   8.982198582413E-05   0.000000000000E+00  -2.312661146812E-04   5.106040792890E-05
   0.000000000000E+00   0.000000000000E+00   0.000000000000E+00   0.000000000000E+00   0.000000000000E+00   4.695292242827E-04  -3.983172264018E-05   0.000000000000E+00   1.293771588805E-04  -3.203219472826E-05   0.000000000000E+00   0.000000000000E+00   0.000000000000E+00   0.000000000000E+00   0.000000000000E+00  -9.471104549540E-04   7.062317103999E-05   0.000000000000E+00  -1.800618639540E-04   4.299819717167E-05
   0.000000000000E+00   0.000000000000E+00   0.000000000000E+00   0.000000000000E+00   0.000000000000E+00   3.869709901690E-04  -3.217175169740E-05   0.000000000000E+00   1.030236769239E-04  -2.678361028768E-05   0.000000000000E+00   0.000000000000E+00   0.000000000000E+00   0.000000000000E+00   0.000000000000E+00  -7.520450062378E-04   5.559136928388E-05   0.000000000000E+00  -1.406021216089E-04   3.687872961078E-05
   0.000000000000E+00   0.000000000000E+00   0.000000000000E+00   0.000000000000E+00   0.000000000000E+00   3.183519354964E-04  -2.597712307511E-05   0.000000000000E+00   8.240638497755E-05  -2.271614745764E-05   0.000000000000E+00   0.000000000000E+00   0.000000000000E+00   0.000000000000E+00   0.000000000000E+00  -5.929519056527E-04   4.389224964920E-05   0.000000000000E+00  -1.105002857707E-04   3.221152446409E-05
   0.000000000000E+00   0.000000000000E+00   0.000000000000E+00   0.000000000000E+00   0.000000000000E+00   2.610944354422E-04  -2.098144146118E-05   0.000000000000E+00   6.630264896798E-05  -1.953412956953E-05   0.000000000000E+00   0.000000000000E+00   0.000000000000E+00   0.000000000000E+00   0.000000000000E+00  -4.640636074104E-04   3.484302101311E-05   0.000000000000E+00  -8.779386388567E-05   2.861558711335E-05
   0.000000000000E+00   0.000000000000E+00   0.000000000000E+00   0.000000000000E+00   0.000000000000E+00   2.132557699764E-04  -1.696267806745E-05   0.000000000000E+00   5.375987798552E-05  -1.701613549005E-05   0.000000000000E+00   0.000000000000E+00   0.000000000000E+00   0.000000000000E+00   0.000000000000E+00  -3.604124409575E-04   2.788730816603E-05   0.000000000000E+00  -7.087773665686E-05   2.579775501687E-05
   0.000000000000E+00   0.000000000000E+00   0.000000000000E+00   0.000000000000E+00   0.000000000000E+00   1.733351377534E-04  -1.373740149276E-05   0.000000000000E+00   4.402885462936E-05  -1.499566264078E-05   0.000000000000E+00   0.000000000000E+00   0.000000000000E+00   0.000000000000E+00   0.000000000000E+00  -2.777370141689E-04   2.257385259143E-05   0.000000000000E+00  -5.844674226024E-05   2.353493943483E-05
   0.000000000000E+00   0.000000000000E+00   0.000000000000E+00   0.000000000000E+00   0.000000000000E+00   1.407587411460E-04  -1.115742174391E-05   0.000000000000E+00   3.661148604584E-05  -1.336210717103E-05   0.000000000000E+00   0.000000000000E+00   0.000000000000E+00   0.000000000000E+00   0.000000000000E+00  -2.123969771829E-04   1.853850399791E-05   0.000000000000E+00  -4.944645177460E-05   2.165961160949E-05
   0.000000000000E+00   0.000000000000E+00   0.000000000000E+00   0.000000000000E+00   0.000000000000E+00   1.139377706064E-04  -9.097412660602E-06   0.000000000000E+00   3.093280179699E-05  -1.200437272088E-05   0.000000000000E+00   0.000000000000E+00   0.000000000000E+00   0.000000000000E+00   0.000000000000E+00  -1.612958461675E-04   1.548903616664E-05   0.000000000000E+00  -4.303111534067E-05   2.004798469880E-05
   0.000000000000E+00   0.000000000000E+00   0.000000000000E+00   0.000000000000E+00   0.000000000000E+00   9.187469552400E-05  -7.455314508013E-06   0.000000000000E+00   2.658627604003E-05  -1.084746842077E-05   0.000000000000E+00   0.000000000000E+00   0.000000000000E+00   0.000000000000E+00   0.000000000000E+00  -1.218114982806E-04   1.319238059158E-05   0.000000000000E+00  -3.852786181928E-05   1.861042999386E-05
   0.000000000000E+00   0.000000000000E+00   0.000000000000E+00   0.000000000000E+00   0.000000000000E+00   7.412534186353E-05  -6.148447601760E-06   0.000000000000E+00   2.330539425411E-05  -9.844061637252E-06   0.000000000000E+00   0.000000000000E+00   0.000000000000E+00   0.000000000000E+00   0.000000000000E+00  -9.173388928276E-05   1.146392464092E-05   0.000000000000E+00  -3.540633208473E-05   1.728374008165E-05
   0.000000000000E+00   0.000000000000E+00   0.000000000000E+00   0.000000000000E+00   0.000000000000E+00   5.966343608234E-05  -5.109179687340E-06   0.000000000000E+00   2.078576207134E-05  -8.946267456743E-06   0.000000000000E+00   0.000000000000E+00   0.000000000000E+00   0.000000000000E+00   0.000000000000E+00  -6.920950852330E-05   1.015856806921E-05   0.000000000000E+00  -3.325301677533E-05   1.602491447787E-05
   0.000000000000E+00   0.000000000000E+00   0.000000000000E+00   0.000000000000E+00   0.000000000000E+00   4.802492884960E-05  -4.281852030373E-06   0.000000000000E+00   1.884444208684E-05  -8.127525964885E-06   0.000000000000E+00   0.000000000000E+00   0.000000000000E+00   0.000000000000E+00   0.000000000000E+00  -5.269206714289E-05   9.163273132859E-06   0.000000000000E+00  -3.174965275176E-05   1.480619638502E-05


Spline
12 0.0553585
112.9353346817185 2.801373701455403 -0.1119994835253462
0.035 0.0375    0.204206 -35.71077211012958 2016.504000000031 24177.93762071238
0.0375 0.04    0.12791 -25.17491577974109 2197.838532155373 -120889.6881035729
0.04 0.0425    0.07682029999999999 -16.45240477090621 1291.165871378576 -57585.58520643491
0.0425 0.045    0.0428593 -11.07630513663398 859.2739823303137 16659.22892930921
0.045 0.04533    0.0207993 -6.467574682557872 984.2181993001326 -2167173.572075024
0.04533 0.045334    0.0186943 -6.526006277016704 -1161.283637054166 353213222.4907721
0.045334 0.046259    0.0186682 -6.518342311433599 3077.275032831984 -1324559.571220061
0.046259 0.047184    0.0142234 -4.225362350069925 -598.3777773036936 561811.1110751317
0.047184 0.0493131    0.0102476 -3.890262342340788 960.6480559297889 -100763.5210502349
0.0493131 0.0503195    0.00534702 -1.169934109375229 317.0412179256228 -143026.9144497911
0.0503195 0.0513259    0.00434492 -0.9663840979460291 -114.7856421811885 10348.58893883691
0.0513259 0.0553585    0.00326664 -1.165980214261954 -83.5411824570522 -5782.515169399558 27636944.82683195 -3877959552.095367

This SPLINE is just a DUMMY-SPLINE!!!!!!!!!!!!!!!

