0.200000 56
   0.000000000000E+00  -1.943551799182E-01  -5.048917654803E-01  -4.547905708580E-02   0.000000000000E+00   3.646664973641E-01   3.646664973641E-01   0.000000000000E+00   2.000000000000E+00   2.000000000000E+00
   1.201000000000E+01 0.0 0.0 0.0 0.0 0.0 0.0 0.0 0.0 0.0 0.0 0.0 0.0 0.0 0.0 0.0 0.0 0.0 0.0 0.0
   0.000000000000E+00   0.000000000000E+00   0.000000000000E+00   0.000000000000E+00   0.000000000000E+00   0.000000000000E+00   0.000000000000E+00   0.000000000000E+00   0.000000000000E+00   0.000000000000E+00   0.000000000000E+00   0.000000000000E+00   0.000000000000E+00   0.000000000000E+00   0.000000000000E+00   0.000000000000E+00   0.000000000000E+00   0.000000000000E+00   0.000000000000E+00   0.000000000000E+00
   0.000000000000E+00   0.000000000000E+00   0.000000000000E+00   0.000000000000E+00   0.000000000000E+00  -6.184649920067E-01  -8.897459307391E-01   0.000000000000E+00  -3.897891429835E-01  -7.492267534293E-01   0.000000000000E+00   0.000000000000E+00   0.000000000000E+00   0.000000000000E+00   0.000000000000E+00   8.278796188081E-01   9.407092720508E-01   0.000000000000E+00  -1.230426188485E-01   9.154287281626E-01
   0.000000000000E+00   0.000000000000E+00   0.000000000000E+00   0.000000000000E+00   0.000000000000E+00  -3.169828114313E-01  -7.467820142238E-01   0.000000000000E+00  -2.518668770791E-01  -4.389291767827E-01   0.000000000000E+00   0.000000000000E+00   0.000000000000E+00   0.000000000000E+00   0.000000000000E+00   6.464878234936E-01   8.739935811787E-01   0.000000000000E+00  -2.041713112021E-01   8.521735843263E-01
   0.000000000000E+00   0.000000000000E+00   0.000000000000E+00   0.000000000000E+00   0.000000000000E+00  -8.771786252684E-02  -6.083147298852E-01   0.000000000000E+00  -7.928103381961E-02  -3.450846999091E-01   0.000000000000E+00   0.000000000000E+00   0.000000000000E+00   0.000000000000E+00   0.000000000000E+00   4.386187137524E-01   7.914028689057E-01   0.000000000000E+00  -2.870993229579E-01   7.916457000441E-01
   0.000000000000E+00   0.000000000000E+00   0.000000000000E+00   0.000000000000E+00   0.000000000000E+00   5.783654069681E-02  -4.878984601149E-01   0.000000000000E+00   6.320450294097E-02  -3.375037245267E-01   0.000000000000E+00   0.000000000000E+00   0.000000000000E+00   0.000000000000E+00   0.000000000000E+00   2.294528049008E-01   6.997707215776E-01   0.000000000000E+00  -3.606783601866E-01   7.332708041002E-01
   0.000000000000E+00   0.000000000000E+00   0.000000000000E+00   0.000000000000E+00   0.000000000000E+00   1.365494621139E-01  -3.891584443079E-01   0.000000000000E+00   1.596582001209E-01  -3.487887277548E-01   0.000000000000E+00   0.000000000000E+00   0.000000000000E+00   0.000000000000E+00   0.000000000000E+00   3.828921659019E-02   6.050983208777E-01   0.000000000000E+00  -4.169516901450E-01   6.745583869982E-01
   0.000000000000E+00   0.000000000000E+00   0.000000000000E+00   0.000000000000E+00   0.000000000000E+00   1.709978242007E-01  -3.107537279312E-01   0.000000000000E+00   2.152789575787E-01  -3.531402804075E-01   0.000000000000E+00   0.000000000000E+00   0.000000000000E+00   0.000000000000E+00   0.000000000000E+00  -1.219697481170E-01   5.122573447994E-01   0.000000000000E+00  -4.518141130482E-01   6.138529202414E-01
   0.000000000000E+00   0.000000000000E+00   0.000000000000E+00   0.000000000000E+00   0.000000000000E+00   1.804963931052E-01  -2.493574251585E-01   0.000000000000E+00   2.410696473636E-01  -3.447431837565E-01   0.000000000000E+00   0.000000000000E+00   0.000000000000E+00   0.000000000000E+00   0.000000000000E+00  -2.444727658047E-01   4.249117830112E-01   0.000000000000E+00  -4.644988675538E-01   5.508413420854E-01
   0.000000000000E+00   0.000000000000E+00   0.000000000000E+00   0.000000000000E+00   0.000000000000E+00   1.785698666583E-01  -2.012810559092E-01   0.000000000000E+00   2.474499107311E-01  -3.254708690379E-01   0.000000000000E+00   0.000000000000E+00   0.000000000000E+00   0.000000000000E+00   0.000000000000E+00  -3.275961020511E-01   3.455586687409E-01   0.000000000000E+00  -4.567673536566E-01   4.862970297386E-01
   0.000000000000E+00   0.000000000000E+00   0.000000000000E+00   0.000000000000E+00   0.000000000000E+00   1.729503192725E-01  -1.632539488990E-01   0.000000000000E+00   2.420843803572E-01  -2.990328444971E-01   0.000000000000E+00   0.000000000000E+00   0.000000000000E+00   0.000000000000E+00   0.000000000000E+00  -3.737983120934E-01   2.756439921246E-01   0.000000000000E+00  -4.320731657401E-01   4.216743257540E-01
   0.000000000000E+00   0.000000000000E+00   0.000000000000E+00   0.000000000000E+00   0.000000000000E+00   1.670002069414E-01  -1.327009718487E-01   0.000000000000E+00   2.298532203152E-01  -2.687564744394E-01   0.000000000000E+00   0.000000000000E+00   0.000000000000E+00   0.000000000000E+00   0.000000000000E+00  -3.883152428124E-01   2.157281395652E-01   0.000000000000E+00  -3.947763494706E-01   3.587248797322E-01
   0.000000000000E+00   0.000000000000E+00   0.000000000000E+00   0.000000000000E+00   0.000000000000E+00   1.614108714791E-01  -1.077456439418E-01   0.000000000000E+00   2.136010689445E-01  -2.370717224946E-01   0.000000000000E+00   0.000000000000E+00   0.000000000000E+00   0.000000000000E+00   0.000000000000E+00  -3.778797649358E-01   1.656775785282E-01   0.000000000000E+00  -3.494591914758E-01   2.991760145218E-01
   0.000000000000E+00   0.000000000000E+00   0.000000000000E+00   0.000000000000E+00   0.000000000000E+00   1.556030164102E-01  -8.709018138314E-02   0.000000000000E+00   1.949434990153E-01  -2.056130672476E-01   0.000000000000E+00   0.000000000000E+00   0.000000000000E+00   0.000000000000E+00   0.000000000000E+00  -3.496217512254E-01   1.248604352146E-01   0.000000000000E+00  -3.003917594992E-01   2.444901782307E-01
   0.000000000000E+00   0.000000000000E+00   0.000000000000E+00   0.000000000000E+00   0.000000000000E+00   1.486855570862E-01  -6.986264016950E-02   0.000000000000E+00   1.748757752445E-01  -1.754561331397E-01   0.000000000000E+00   0.000000000000E+00   0.000000000000E+00   0.000000000000E+00   0.000000000000E+00  -3.102399309565E-01   9.232745089412E-02   0.000000000000E+00  -2.511747523971E-01   1.957172628459E-01
   0.000000000000E+00   0.000000000000E+00   0.000000000000E+00   0.000000000000E+00   0.000000000000E+00   1.399993566108E-01  -5.547538599826E-02   0.000000000000E+00   1.541420558314E-01  -1.473151025329E-01   0.000000000000E+00   0.000000000000E+00   0.000000000000E+00   0.000000000000E+00   0.000000000000E+00  -2.654699987634E-01   6.696586230722E-02   0.000000000000E+00  -2.045574487155E-01   1.534382556640E-01
   0.000000000000E+00   0.000000000000E+00   0.000000000000E+00   0.000000000000E+00   0.000000000000E+00   1.293299935795E-01  -4.351386092093E-02   0.000000000000E+00   1.334052257691E-01  -1.216632459263E-01   0.000000000000E+00   0.000000000000E+00   0.000000000000E+00   0.000000000000E+00   0.000000000000E+00  -2.198224358586E-01   4.762015724709E-02   0.000000000000E+00  -1.624036873704E-01   1.177847917155E-01
   0.000000000000E+00   0.000000000000E+00   0.000000000000E+00   0.000000000000E+00   0.000000000000E+00   1.168976175475E-01  -3.365941638735E-02   0.000000000000E+00   1.132856794575E-01  -9.879253224359E-02   0.000000000000E+00   0.000000000000E+00   0.000000000000E+00   0.000000000000E+00   0.000000000000E+00  -1.765345286067E-01   3.317902192078E-02   0.000000000000E+00  -1.257653842071E-01   8.851082918115E-02
   0.000000000000E+00   0.000000000000E+00   0.000000000000E+00   0.000000000000E+00   0.000000000000E+00   1.032316633352E-01  -2.564205381511E-02   0.000000000000E+00   9.433642880968E-02  -7.884118395908E-02   0.000000000000E+00   0.000000000000E+00   0.000000000000E+00   0.000000000000E+00   0.000000000000E+00  -1.376712600049E-01   2.263153315993E-02   0.000000000000E+00  -9.502077277063E-02   6.509125954088E-02
   0.000000000000E+00   0.000000000000E+00   0.000000000000E+00   0.000000000000E+00   0.000000000000E+00   8.901253676562E-02  -1.921599208533E-02   0.000000000000E+00   7.700262312936E-02  -6.181138938452E-02   0.000000000000E+00   0.000000000000E+00   0.000000000000E+00   0.000000000000E+00   0.000000000000E+00  -1.043132498280E-01   1.509775385654E-02   0.000000000000E+00  -7.003991830732E-02   4.682600204557E-02
   0.000000000000E+00   0.000000000000E+00   0.000000000000E+00   0.000000000000E+00   0.000000000000E+00   7.492910007958E-02  -1.414993998603E-02   0.000000000000E+00   6.159103419341E-02  -4.758824822924E-02   0.000000000000E+00   0.000000000000E+00   0.000000000000E+00   0.000000000000E+00   0.000000000000E+00  -7.678086370557E-02   9.839664487308E-03   0.000000000000E+00  -5.034923593167E-02   3.293437196094E-02
   0.000000000000E+00   0.000000000000E+00   0.000000000000E+00   0.000000000000E+00   0.000000000000E+00   6.157531040120E-02  -1.022613184894E-02   0.000000000000E+00   4.825938414949E-02  -3.596351629107E-02   0.000000000000E+00   0.000000000000E+00   0.000000000000E+00   0.000000000000E+00   0.000000000000E+00  -5.485738039818E-02   6.258202428384E-03   0.000000000000E+00  -3.527672042637E-02   2.263106409672E-02
   0.000000000000E+00   0.000000000000E+00   0.000000000000E+00   0.000000000000E+00   0.000000000000E+00   4.939262990521E-02  -7.243206340156E-03   0.000000000000E+00   3.702596363484E-02  -2.666342072497E-02   0.000000000000E+00   0.000000000000E+00   0.000000000000E+00   0.000000000000E+00   0.000000000000E+00  -3.798759096292E-02   3.881457092306E-03   0.000000000000E+00  -2.406846515279E-02   1.518062354482E-02
   0.000000000000E+00   0.000000000000E+00   0.000000000000E+00   0.000000000000E+00   0.000000000000E+00   3.865471257141E-02  -5.019750401194E-03   0.000000000000E+00   2.779526379924E-02  -1.937810714475E-02   0.000000000000E+00   0.000000000000E+00   0.000000000000E+00   0.000000000000E+00   0.000000000000E+00  -2.543963543357E-02   2.348082443192E-03   0.000000000000E+00  -1.597389539095E-02   9.931226195426E-03
   0.000000000000E+00   0.000000000000E+00   0.000000000000E+00   0.000000000000E+00   0.000000000000E+00   2.948391137188E-02  -3.396920566722E-03   0.000000000000E+00   2.039253218726E-02  -1.378934787741E-02   0.000000000000E+00   0.000000000000E+00   0.000000000000E+00   0.000000000000E+00   0.000000000000E+00  -1.642652017544E-02   1.388952618757E-03   0.000000000000E+00  -1.030175943108E-02   6.330939376113E-03
   0.000000000000E+00   0.000000000000E+00   0.000000000000E+00   0.000000000000E+00   0.000000000000E+00   2.188362730975E-02  -2.239204836610E-03   0.000000000000E+00   1.459833366940E-02  -9.592644471555E-03   0.000000000000E+00   0.000000000000E+00   0.000000000000E+00   0.000000000000E+00   0.000000000000E+00  -1.018955721874E-02   8.091354353710E-04   0.000000000000E+00  -6.451532743450E-03   3.930648408611E-03
   0.000000000000E+00   0.000000000000E+00   0.000000000000E+00   0.000000000000E+00   0.000000000000E+00   1.577189506422E-02  -1.433779596383E-03   0.000000000000E+00   1.017620653981E-02  -6.511403067699E-03   0.000000000000E+00   0.000000000000E+00   0.000000000000E+00   0.000000000000E+00   0.000000000000E+00  -6.049290719098E-03   4.714629338566E-04   0.000000000000E+00  -3.925928914138E-03   2.377898523274E-03
   0.000000000000E+00   0.000000000000E+00   0.000000000000E+00   0.000000000000E+00   0.000000000000E+00   1.100807901259E-02  -8.888034520541E-04   0.000000000000E+00   6.890824861349E-03  -4.303353119728E-03   0.000000000000E+00   0.000000000000E+00   0.000000000000E+00   0.000000000000E+00   0.000000000000E+00  -3.430877501662E-03   2.823620224642E-04   0.000000000000E+00  -2.330159705008E-03   1.405387031261E-03
   0.000000000000E+00   0.000000000000E+00   0.000000000000E+00   0.000000000000E+00   0.000000000000E+00   7.414758272291E-03  -5.313762826710E-04   0.000000000000E+00   4.519733996439E-03  -2.762233469616E-03   0.000000000000E+00   0.000000000000E+00   0.000000000000E+00   0.000000000000E+00   0.000000000000E+00  -1.870952624555E-03   1.801657124964E-04   0.000000000000E+00  -1.362885409418E-03   8.170539612757E-04
   0.000000000000E+00   0.000000000000E+00   0.000000000000E+00   0.000000000000E+00   0.000000000000E+00   4.798300670733E-03  -3.050773606938E-04   0.000000000000E+00   2.861951420579E-03  -1.717384292396E-03   0.000000000000E+00   0.000000000000E+00   0.000000000000E+00   0.000000000000E+00   0.000000000000E+00  -1.012259024935E-03   1.258334465429E-04   0.000000000000E+00  -8.027945174554E-04   4.738783701085E-04
   0.000000000000E+00   0.000000000000E+00   0.000000000000E+00   0.000000000000E+00   0.000000000000E+00   2.962608460575E-03  -1.675395014037E-04   0.000000000000E+00   1.741435052378E-03  -1.030667529758E-03   0.000000000000E+00   0.000000000000E+00   0.000000000000E+00   0.000000000000E+00   0.000000000000E+00  -5.911669063783E-04   9.583736193448E-05   0.000000000000E+00  -4.936942150195E-04   2.807258951981E-04
   0.000000000000E+00   0.000000000000E+00   0.000000000000E+00   0.000000000000E+00   0.000000000000E+00   1.727551009800E-03  -8.791800782060E-05   0.000000000000E+00   1.012361975497E-03  -5.947666361146E-04   0.000000000000E+00   0.000000000000E+00   0.000000000000E+00   0.000000000000E+00   0.000000000000E+00  -4.219493819852E-04   7.688906407345E-05   0.000000000000E+00  -3.300316201084E-04   1.749765629140E-04
   0.000000000000E+00   0.000000000000E+00   0.000000000000E+00   0.000000000000E+00   0.000000000000E+00   9.370096970216E-04  -4.450848956924E-05   0.000000000000E+00   5.586591308243E-04  -3.289670656047E-04   0.000000000000E+00   0.000000000000E+00   0.000000000000E+00   0.000000000000E+00   0.000000000000E+00  -3.805036704881E-04   6.216078616283E-05   0.000000000000E+00  -2.439757726756E-04   1.172081284999E-04
   0.000000000000E+00   0.000000000000E+00   0.000000000000E+00   0.000000000000E+00   0.000000000000E+00   4.630337457173E-04  -2.259429715709E-05   0.000000000000E+00   2.918230067324E-04  -1.747415820644E-04   0.000000000000E+00   0.000000000000E+00   0.000000000000E+00   0.000000000000E+00   0.000000000000E+00  -3.892123438682E-04   4.867283092210E-05   0.000000000000E+00  -1.945946055578E-04   8.390755055629E-05
   0.000000000000E+00   0.000000000000E+00   0.000000000000E+00   0.000000000000E+00   0.000000000000E+00   2.005004319341E-04  -1.259478908036E-05   0.000000000000E+00   1.443969486814E-04  -8.978860022503E-05   0.000000000000E+00   0.000000000000E+00   0.000000000000E+00   0.000000000000E+00   0.000000000000E+00  -4.038639094729E-04   3.555850015282E-05   0.000000000000E+00  -1.592482583864E-04   6.200503749008E-05
   0.000000000000E+00   0.000000000000E+00   0.000000000000E+00   0.000000000000E+00   0.000000000000E+00   7.290544892360E-05  -8.576066270946E-06   0.000000000000E+00   6.996543594835E-05  -4.612191278927E-05   0.000000000000E+00   0.000000000000E+00   0.000000000000E+00   0.000000000000E+00   0.000000000000E+00  -4.029923043785E-04   2.296594616870E-05   0.000000000000E+00  -1.270613603550E-04   4.494033417340E-05
   0.000000000000E+00   0.000000000000E+00   0.000000000000E+00   0.000000000000E+00   0.000000000000E+00   2.526622150886E-05  -7.107652769030E-06   0.000000000000E+00   3.713009006261E-05  -2.557276216424E-05   0.000000000000E+00   0.000000000000E+00   0.000000000000E+00   0.000000000000E+00   0.000000000000E+00  -3.796233573256E-04   1.140540429015E-05   0.000000000000E+00  -9.419721705154E-05   2.995013596692E-05
   0.000000000000E+00   0.000000000000E+00   0.000000000000E+00   0.000000000000E+00   0.000000000000E+00   1.948561830093E-05  -6.373297323866E-06   0.000000000000E+00   2.544614628041E-05  -1.677273753885E-05   0.000000000000E+00   0.000000000000E+00   0.000000000000E+00   0.000000000000E+00   0.000000000000E+00  -3.351955609848E-04   1.395280665794E-06   0.000000000000E+00  -6.060198495459E-05   1.628418299754E-05
   0.000000000000E+00   0.000000000000E+00   0.000000000000E+00   0.000000000000E+00   0.000000000000E+00   3.133011443091E-05  -5.557320664146E-06   0.000000000000E+00   2.272642021421E-05  -1.318013006790E-05   0.000000000000E+00   0.000000000000E+00   0.000000000000E+00   0.000000000000E+00   0.000000000000E+00  -2.753139250288E-04  -6.700826227894E-06   0.000000000000E+00  -2.788744114120E-05   4.097057075385E-06
   0.000000000000E+00   0.000000000000E+00   0.000000000000E+00   0.000000000000E+00   0.000000000000E+00   4.647799670242E-05  -4.414592904361E-06   0.000000000000E+00   2.229101220059E-05  -1.132004207156E-05   0.000000000000E+00   0.000000000000E+00   0.000000000000E+00   0.000000000000E+00   0.000000000000E+00  -2.069643865466E-04  -1.272267168748E-05   0.000000000000E+00   1.946336729100E-06  -6.190017120092E-06
   0.000000000000E+00   0.000000000000E+00   0.000000000000E+00   0.000000000000E+00   0.000000000000E+00   5.754480877854E-05  -2.990085433814E-06   0.000000000000E+00   2.102554012567E-05  -9.602731883570E-06   0.000000000000E+00   0.000000000000E+00   0.000000000000E+00   0.000000000000E+00   0.000000000000E+00  -1.368335910973E-04  -1.669950717752E-05   0.000000000000E+00   2.719905470320E-05  -1.421622016268E-05
   0.000000000000E+00   0.000000000000E+00   0.000000000000E+00   0.000000000000E+00   0.000000000000E+00   6.171403964270E-05  -1.448525545001E-06   0.000000000000E+00   1.796258983812E-05  -7.512939729536E-06   0.000000000000E+00   0.000000000000E+00   0.000000000000E+00   0.000000000000E+00   0.000000000000E+00  -7.042299651447E-05  -1.880753438821E-05   0.000000000000E+00   4.676775164590E-05  -1.981408522992E-05
   0.000000000000E+00   0.000000000000E+00   0.000000000000E+00   0.000000000000E+00   0.000000000000E+00   5.886802090867E-05   3.474162739161E-08   0.000000000000E+00   1.326978407783E-05  -5.072043498691E-06   0.000000000000E+00   0.000000000000E+00   0.000000000000E+00   0.000000000000E+00   0.000000000000E+00  -1.170170909572E-05  -1.931920801465E-05   0.000000000000E+00   6.020348658202E-05  -2.303067535029E-05
   0.000000000000E+00   0.000000000000E+00   0.000000000000E+00   0.000000000000E+00   0.000000000000E+00   5.038758683161E-05   1.313256296492E-06   0.000000000000E+00   7.633722635535E-06  -2.524075387957E-06   0.000000000000E+00   0.000000000000E+00   0.000000000000E+00   0.000000000000E+00   0.000000000000E+00   3.690090947118E-05  -1.855582277178E-05   0.000000000000E+00   6.763439069435E-05  -2.409207206230E-05
   0.000000000000E+00   0.000000000000E+00   0.000000000000E+00   0.000000000000E+00   0.000000000000E+00   3.817447666683E-05   2.295210480560E-06   0.000000000000E+00   1.831660375362E-06  -1.414827210200E-07   0.000000000000E+00   0.000000000000E+00   0.000000000000E+00   0.000000000000E+00   0.000000000000E+00   7.431002201231E-05  -1.684882063161E-05   0.000000000000E+00   6.962782841911E-05  -2.334590318333E-05
   0.000000000000E+00   0.000000000000E+00   0.000000000000E+00   0.000000000000E+00   0.000000000000E+00   2.421862642953E-05   2.939274895684E-06   0.000000000000E+00  -3.445292175999E-06   1.852429425526E-06   0.000000000000E+00   0.000000000000E+00   0.000000000000E+00   0.000000000000E+00   0.000000000000E+00   1.005306423753E-04  -1.451152244170E-05   0.000000000000E+00   6.703786305396E-05  -2.120213803389E-05
   0.000000000000E+00   0.000000000000E+00   0.000000000000E+00   0.000000000000E+00   0.000000000000E+00   1.021057649423E-05   3.249199755656E-06   0.000000000000E+00  -7.712818340774E-06   3.324499159902E-06   0.000000000000E+00   0.000000000000E+00   0.000000000000E+00   0.000000000000E+00   0.000000000000E+00   1.163514212150E-04  -1.182084810364E-05   0.000000000000E+00   6.086478115130E-05  -1.808255058040E-05
   0.000000000000E+00   0.000000000000E+00   0.000000000000E+00   0.000000000000E+00   0.000000000000E+00  -2.561984752561E-06   3.257494508433E-06   0.000000000000E+00  -1.070062369588E-05   4.227462801894E-06   0.000000000000E+00   0.000000000000E+00   0.000000000000E+00   0.000000000000E+00   0.000000000000E+00   1.230679895330E-04  -9.007518181629E-06   0.000000000000E+00   5.213991348370E-05  -1.438296172732E-05
   0.000000000000E+00   0.000000000000E+00   0.000000000000E+00   0.000000000000E+00   0.000000000000E+00  -1.325105575828E-05   3.020689523085E-06   0.000000000000E+00  -1.233424425451E-05   4.585635299854E-06   0.000000000000E+00   0.000000000000E+00   0.000000000000E+00   0.000000000000E+00   0.000000000000E+00   1.222475699570E-04  -6.252838561693E-06   0.000000000000E+00   4.184013805588E-05  -1.044863751668E-05
   0.000000000000E+00   0.000000000000E+00   0.000000000000E+00   0.000000000000E+00   0.000000000000E+00  -2.141346310605E-05   2.602226959337E-06   0.000000000000E+00  -1.269117957081E-05   4.472493583341E-06   0.000000000000E+00   0.000000000000E+00   0.000000000000E+00   0.000000000000E+00   0.000000000000E+00   1.155433037451E-04  -3.690181243390E-06   0.000000000000E+00   3.083108875117E-05  -6.561241915669E-06
   0.000000000000E+00   0.000000000000E+00   0.000000000000E+00   0.000000000000E+00   0.000000000000E+00  -2.690052060831E-05   2.062647496307E-06   0.000000000000E+00  -1.194153291548E-05   3.986181268067E-06   0.000000000000E+00   0.000000000000E+00   0.000000000000E+00   0.000000000000E+00   0.000000000000E+00   1.045582693597E-04  -1.409498934309E-06   0.000000000000E+00   1.983521668073E-05  -2.934908043463E-06
   0.000000000000E+00   0.000000000000E+00   0.000000000000E+00   0.000000000000E+00   0.000000000000E+00  -2.985575578497E-05   1.462377448160E-06   0.000000000000E+00  -1.032846816810E-05   3.239205980444E-06   0.000000000000E+00   0.000000000000E+00   0.000000000000E+00   0.000000000000E+00   0.000000000000E+00   9.075426001149E-05   5.364746222515E-07   0.000000000000E+00   9.419650912541E-06   2.811486322765E-07
   0.000000000000E+00   0.000000000000E+00   0.000000000000E+00   0.000000000000E+00   0.000000000000E+00  -3.055519420382E-05   8.504573113451E-07   0.000000000000E+00  -8.106144655154E-06   2.337645070113E-06   0.000000000000E+00   0.000000000000E+00   0.000000000000E+00   0.000000000000E+00   0.000000000000E+00   7.539799967954E-05   2.125358136198E-06   0.000000000000E+00  -1.337380287558E-09   2.995810327564E-06
   0.000000000000E+00   0.000000000000E+00   0.000000000000E+00   0.000000000000E+00   0.000000000000E+00  -2.938245662398E-05   2.666883342511E-07   0.000000000000E+00  -5.525786283499E-06   1.376484027131E-06   0.000000000000E+00   0.000000000000E+00   0.000000000000E+00   0.000000000000E+00   0.000000000000E+00   5.953677179984E-05   3.358308863152E-06   0.000000000000E+00  -8.153998538227E-06   5.166949797119E-06
   0.000000000000E+00   0.000000000000E+00   0.000000000000E+00   0.000000000000E+00   0.000000000000E+00  -2.673634177581E-05  -2.594746499426E-07   0.000000000000E+00  -2.806539958855E-06   4.320048125086E-07   0.000000000000E+00   0.000000000000E+00   0.000000000000E+00   0.000000000000E+00   0.000000000000E+00   4.399577206537E-05   4.253726897358E-06   0.000000000000E+00  -1.488686667115E-05   6.791494571682E-06
   0.000000000000E+00   0.000000000000E+00   0.000000000000E+00   0.000000000000E+00   0.000000000000E+00  -2.314241799766E-05  -7.100758691201E-07   0.000000000000E+00  -1.665187841760E-07  -4.286778416398E-07   0.000000000000E+00   0.000000000000E+00   0.000000000000E+00   0.000000000000E+00   0.000000000000E+00   2.939041029564E-05   4.841743454351E-06   0.000000000000E+00  -2.014973949616E-05   7.895688151635E-06
   0.000000000000E+00   0.000000000000E+00   0.000000000000E+00   0.000000000000E+00   0.000000000000E+00  -1.888525035562E-05  -1.073459070782E-06   0.000000000000E+00   2.275738265429E-06  -1.172791470761E-06   0.000000000000E+00   0.000000000000E+00   0.000000000000E+00   0.000000000000E+00   0.000000000000E+00   1.614795340754E-05   5.159610209979E-06   0.000000000000E+00  -2.397217483850E-05   8.526204976392E-06


Spline
12 0.0553585
112.9353346817185 2.801373701455403 -0.1119994835253462
0.035 0.0375    0.204206 -35.71077211012958 2016.504000000031 24177.93762071238
0.0375 0.04    0.12791 -25.17491577974109 2197.838532155373 -120889.6881035729
0.04 0.0425    0.07682029999999999 -16.45240477090621 1291.165871378576 -57585.58520643491
0.0425 0.045    0.0428593 -11.07630513663398 859.2739823303137 16659.22892930921
0.045 0.04533    0.0207993 -6.467574682557872 984.2181993001326 -2167173.572075024
0.04533 0.045334    0.0186943 -6.526006277016704 -1161.283637054166 353213222.4907721
0.045334 0.046259    0.0186682 -6.518342311433599 3077.275032831984 -1324559.571220061
0.046259 0.047184    0.0142234 -4.225362350069925 -598.3777773036936 561811.1110751317
0.047184 0.0493131    0.0102476 -3.890262342340788 960.6480559297889 -100763.5210502349
0.0493131 0.0503195    0.00534702 -1.169934109375229 317.0412179256228 -143026.9144497911
0.0503195 0.0513259    0.00434492 -0.9663840979460291 -114.7856421811885 10348.58893883691
0.0513259 0.0553585    0.00326664 -1.165980214261954 -83.5411824570522 -5782.515169399558 27636944.82683195 -3877959552.095367

This SPLINE is just a DUMMY-SPLINE!!!!!!!!!!!!!!!

