0.200000 61
   0.000000000000E+00  -1.943551799182E-01  -5.048917654803E-01  -4.547905708580E-02   0.000000000000E+00   3.646664973641E-01   3.646664973641E-01   0.000000000000E+00   2.000000000000E+00   2.000000000000E+00
   1.201000000000E+01 0.0 0.0 0.0 0.0 0.0 0.0 0.0 0.0 0.0 0.0 0.0 0.0 0.0 0.0 0.0 0.0 0.0 0.0 0.0
   0.000000000000E+00   0.000000000000E+00   0.000000000000E+00   0.000000000000E+00   0.000000000000E+00   0.000000000000E+00   0.000000000000E+00   0.000000000000E+00   0.000000000000E+00   0.000000000000E+00   0.000000000000E+00   0.000000000000E+00   0.000000000000E+00   0.000000000000E+00   0.000000000000E+00   0.000000000000E+00   0.000000000000E+00   0.000000000000E+00   0.000000000000E+00   0.000000000000E+00
   0.000000000000E+00   0.000000000000E+00   0.000000000000E+00   0.000000000000E+00   0.000000000000E+00  -8.405008225358E-01  -1.087651258247E+00   0.000000000000E+00  -2.129294718946E-01  -1.083799514437E+00   0.000000000000E+00   0.000000000000E+00   0.000000000000E+00   0.000000000000E+00   0.000000000000E+00   8.785488098573E-01   9.582557551984E-01   0.000000000000E+00  -1.300517232953E-01   9.379485720561E-01
   0.000000000000E+00   0.000000000000E+00   0.000000000000E+00   0.000000000000E+00   0.000000000000E+00  -5.384796054918E-01  -9.536695136249E-01   0.000000000000E+00  -6.544194602697E-02  -8.127282315984E-01   0.000000000000E+00   0.000000000000E+00   0.000000000000E+00   0.000000000000E+00   0.000000000000E+00   7.487442242133E-01   9.109197118267E-01   0.000000000000E+00  -2.090576654204E-01   8.921550564265E-01
   0.000000000000E+00   0.000000000000E+00   0.000000000000E+00   0.000000000000E+00   0.000000000000E+00  -2.771166135438E-01  -8.154994506686E-01   0.000000000000E+00   1.078443269410E-01  -7.109172194181E-01   0.000000000000E+00   0.000000000000E+00   0.000000000000E+00   0.000000000000E+00   0.000000000000E+00   5.966032443832E-01   8.516464612185E-01   0.000000000000E+00  -2.891337673517E-01   8.484747399679E-01
   0.000000000000E+00   0.000000000000E+00   0.000000000000E+00   0.000000000000E+00   0.000000000000E+00  -7.865336555469E-02  -6.865741899506E-01   0.000000000000E+00   2.527782023497E-01  -6.777932327877E-01   0.000000000000E+00   0.000000000000E+00   0.000000000000E+00   0.000000000000E+00   0.000000000000E+00   4.378206471016E-01   7.847592084674E-01   0.000000000000E+00  -3.621942443790E-01   8.059375195845E-01
   0.000000000000E+00   0.000000000000E+00   0.000000000000E+00   0.000000000000E+00   0.000000000000E+00   5.933442154712E-02  -5.726659356358E-01   0.000000000000E+00   3.531495753514E-01  -6.592174778721E-01   0.000000000000E+00   0.000000000000E+00   0.000000000000E+00   0.000000000000E+00   0.000000000000E+00   2.842492461893E-01   7.140012765188E-01   0.000000000000E+00  -4.224145124474E-01   7.621067177409E-01
   0.000000000000E+00   0.000000000000E+00   0.000000000000E+00   0.000000000000E+00   0.000000000000E+00   1.480886625878E-01  -4.752092186417E-01   0.000000000000E+00   4.111114618586E-01  -6.337744735213E-01   0.000000000000E+00   0.000000000000E+00   0.000000000000E+00   0.000000000000E+00   0.000000000000E+00   1.438900246167E-01   6.423907944800E-01   0.000000000000E+00  -4.666920416835E-01   7.152605522678E-01
   0.000000000000E+00   0.000000000000E+00   0.000000000000E+00   0.000000000000E+00   0.000000000000E+00   2.001757554058E-01  -3.934144327816E-01   0.000000000000E+00   4.352597354703E-01  -5.966796417128E-01   0.000000000000E+00   0.000000000000E+00   0.000000000000E+00   0.000000000000E+00   0.000000000000E+00   2.143683949299E-02   5.722231199140E-01   0.000000000000E+00  -4.942422807526E-01   6.648988133271E-01
   0.000000000000E+00   0.000000000000E+00   0.000000000000E+00   0.000000000000E+00   0.000000000000E+00   2.267731677395E-01  -3.255042989111E-01   0.000000000000E+00   4.351869665458E-01  -5.500202928917E-01   0.000000000000E+00   0.000000000000E+00   0.000000000000E+00   0.000000000000E+00   0.000000000000E+00  -8.098964681311E-02   5.051450125598E-01   0.000000000000E+00  -5.059470621868E-01   6.115410485913E-01
   0.000000000000E+00   0.000000000000E+00   0.000000000000E+00   0.000000000000E+00   0.000000000000E+00   2.365813994507E-01  -2.694136272424E-01   0.000000000000E+00   4.191671249110E-01  -4.977802972317E-01   0.000000000000E+00   0.000000000000E+00   0.000000000000E+00   0.000000000000E+00   0.000000000000E+00  -1.631099578192E-01   4.422587677197E-01   0.000000000000E+00  -5.037181942808E-01   5.563242245567E-01
   0.000000000000E+00   0.000000000000E+00   0.000000000000E+00   0.000000000000E+00   0.000000000000E+00   2.357789887783E-01  -2.231535416079E-01   0.000000000000E+00   3.934836714227E-01  -4.436830270607E-01   0.000000000000E+00   0.000000000000E+00   0.000000000000E+00   0.000000000000E+00   0.000000000000E+00  -2.258583697325E-01   3.842318567554E-01   0.000000000000E+00  -4.899776979318E-01   5.006285484475E-01
   0.000000000000E+00   0.000000000000E+00   0.000000000000E+00   0.000000000000E+00   0.000000000000E+00   2.284966704292E-01  -1.849715823291E-01   0.000000000000E+00   3.625686703968E-01  -3.905239350809E-01   0.000000000000E+00   0.000000000000E+00   0.000000000000E+00   0.000000000000E+00   0.000000000000E+00  -2.708997011151E-01   3.313981210942E-01   0.000000000000E+00  -4.672809755535E-01   4.458090007827E-01
   0.000000000000E+00   0.000000000000E+00   0.000000000000E+00   0.000000000000E+00   0.000000000000E+00   2.173854955978E-01  -1.533962579985E-01   0.000000000000E+00   3.294020250994E-01  -3.401439064590E-01   0.000000000000E+00   0.000000000000E+00   0.000000000000E+00   0.000000000000E+00   0.000000000000E+00  -3.002863425687E-01   2.838439156493E-01   0.000000000000E+00  -4.380720889870E-01   3.930370398004E-01
   0.000000000000E+00   0.000000000000E+00   0.000000000000E+00   0.000000000000E+00   0.000000000000E+00   2.041075115802E-01  -1.272240743829E-01   0.000000000000E+00   2.959209907989E-01  -2.936164761616E-01   0.000000000000E+00   0.000000000000E+00   0.000000000000E+00   0.000000000000E+00   0.000000000000E+00  -3.162289028601E-01   2.414775838293E-01   0.000000000000E+00  -4.045441787268E-01   3.432287938378E-01
   0.000000000000E+00   0.000000000000E+00   0.000000000000E+00   0.000000000000E+00   0.000000000000E+00   1.897013638237E-01  -1.054831725304E-01   0.000000000000E+00   2.633516225607E-01  -2.514644297527E-01   0.000000000000E+00   0.000000000000E+00   0.000000000000E+00   0.000000000000E+00   0.000000000000E+00  -3.209482910874E-01   2.040835452657E-01   0.000000000000E+00  -3.685748313357E-01   2.970309937276E-01
   0.000000000000E+00   0.000000000000E+00   0.000000000000E+00   0.000000000000E+00   0.000000000000E+00   1.748282868885E-01  -8.739169759986E-02   0.000000000000E+00   2.324473622899E-01  -2.138406033881E-01   0.000000000000E+00   0.000000000000E+00   0.000000000000E+00   0.000000000000E+00   0.000000000000E+00  -3.165814546405E-01   1.713635438338E-01   0.000000000000E+00  -3.317100383485E-01   2.548404718680E-01
   0.000000000000E+00   0.000000000000E+00   0.000000000000E+00   0.000000000000E+00   0.000000000000E+00   1.599246267008E-01  -7.231938443629E-02   0.000000000000E+00   2.036494566859E-01  -1.806607123509E-01   0.000000000000E+00   0.000000000000E+00   0.000000000000E+00   0.000000000000E+00   0.000000000000E+00  -3.051209662855E-01   1.429678097732E-01   0.000000000000E+00  -2.951768833766E-01   2.168400655014E-01
   0.000000000000E+00   0.000000000000E+00   0.000000000000E+00   0.000000000000E+00   0.000000000000E+00   1.452907332891E-01  -5.975540398433E-02   0.000000000000E+00   1.771912678074E-01  -1.516953343593E-01   0.000000000000E+00   0.000000000000E+00   0.000000000000E+00   0.000000000000E+00   0.000000000000E+00  -2.883762424203E-01   1.185185480952E-01   0.000000000000E+00  -2.599115082582E-01   1.830400504184E-01
   0.000000000000E+00   0.000000000000E+00   0.000000000000E+00   0.000000000000E+00   0.000000000000E+00   1.311407809036E-01  -4.928279490887E-02   0.000000000000E+00   1.531657640761E-01  -1.266320225370E-01   0.000000000000E+00   0.000000000000E+00   0.000000000000E+00   0.000000000000E+00   0.000000000000E+00  -2.679497081521E-01   9.762763696223E-02   0.000000000000E+00  -2.265939931739E-01   1.533188625829E-01
   0.000000000000E+00   0.000000000000E+00   0.000000000000E+00   0.000000000000E+00   0.000000000000E+00   1.176302423067E-01  -4.055866112562E-02   0.000000000000E+00   1.315698746168E-01  -1.051168337472E-01   0.000000000000E+00   0.000000000000E+00   0.000000000000E+00   0.000000000000E+00   0.000000000000E+00  -2.452245120048E-01   7.990990969191E-02   0.000000000000E+00  -1.956852867909E-01   1.274599067287E-01
   0.000000000000E+00   0.000000000000E+00   0.000000000000E+00   0.000000000000E+00   0.000000000000E+00   1.048711804551E-01  -3.329901358284E-02   0.000000000000E+00   1.123344810050E-01  -8.678191775935E-02   0.000000000000E+00   0.000000000000E+00   0.000000000000E+00   0.000000000000E+00   0.000000000000E+00  -2.213619354467E-01   6.499299020283E-02   0.000000000000E+00  -1.674634900069E-01   1.051830935650E-01
   0.000000000000E+00   0.000000000000E+00   0.000000000000E+00   0.000000000000E+00   0.000000000000E+00   9.294115343123E-02  -2.726718959984E-02   0.000000000000E+00   9.534542571301E-02  -7.126364813170E-02   0.000000000000E+00   0.000000000000E+00   0.000000000000E+00   0.000000000000E+00   0.000000000000E+00  -1.973071087364E-01   5.252436988912E-02   0.000000000000E+00  -1.420580318429E-01   8.617079315162E-02
   0.000000000000E+00   0.000000000000E+00   0.000000000000E+00   0.000000000000E+00   0.000000000000E+00   8.188891964213E-02  -2.226496987707E-02   0.000000000000E+00   8.045877617724E-02  -5.821427863678E-02   0.000000000000E+00   0.000000000000E+00   0.000000000000E+00   0.000000000000E+00   0.000000000000E+00  -1.738016031494E-01   4.217623486081E-02   0.000000000000E+00  -1.194809443209E-01   7.008844981233E-02
   0.000000000000E+00   0.000000000000E+00   0.000000000000E+00   0.000000000000E+00   0.000000000000E+00   7.173863706289E-02  -1.812570233583E-02   0.000000000000E+00   6.751227206538E-02  -4.730911197596E-02   0.000000000000E+00   0.000000000000E+00   0.000000000000E+00   0.000000000000E+00   0.000000000000E+00  -1.514013000298E-01   3.364844595945E-02   0.000000000000E+00  -9.965480789140E-02   5.660037835214E-02
   0.000000000000E+00   0.000000000000E+00   0.000000000000E+00   0.000000000000E+00   0.000000000000E+00   6.249341025185E-02  -1.470891559865E-02   0.000000000000E+00   5.633409766019E-02  -3.825052735505E-02   0.000000000000E+00   0.000000000000E+00   0.000000000000E+00   0.000000000000E+00   0.000000000000E+00  -1.304978395431E-01   2.667001153908E-02   0.000000000000E+00  -8.243715953611E-02   4.538137629829E-02
   0.000000000000E+00   0.000000000000E+00   0.000000000000E+00   0.000000000000E+00   0.000000000000E+00   5.413857356945E-02  -1.189604127267E-02   0.000000000000E+00   4.674966420566E-02  -3.076980401922E-02   0.000000000000E+00   0.000000000000E+00   0.000000000000E+00   0.000000000000E+00   0.000000000000E+00  -1.113419957749E-01   2.099935329408E-02   0.000000000000E+00  -6.764131357067E-02   3.612481322044E-02
   0.000000000000E+00   0.000000000000E+00   0.000000000000E+00   0.000000000000E+00   0.000000000000E+00   4.664484873106E-02  -9.586962672443E-03   0.000000000000E+00   3.858682191651E-02  -2.462739370971E-02   0.000000000000E+00   0.000000000000E+00   0.000000000000E+00   0.000000000000E+00   0.000000000000E+00  -9.406750165792E-02   1.642363475776E-02   0.000000000000E+00  -5.505367354037E-02   2.854783519697E-02
   0.000000000000E+00   0.000000000000E+00   0.000000000000E+00   0.000000000000E+00   0.000000000000E+00   3.997139620227E-02  -7.697190983631E-03   0.000000000000E+00   3.167979169452E-02  -1.961213348978E-02   0.000000000000E+00   0.000000000000E+00   0.000000000000E+00   0.000000000000E+00   0.000000000000E+00  -7.871411388890E-02   1.275739322179E-02   0.000000000000E+00  -4.444772082756E-02   2.239427218753E-02
   0.000000000000E+00   0.000000000000E+00   0.000000000000E+00   0.000000000000E+00   0.000000000000E+00   3.406873029293E-02  -6.155520349214E-03   0.000000000000E+00   2.587202903663E-02  -1.553975139441E-02   0.000000000000E+00   0.000000000000E+00   0.000000000000E+00   0.000000000000E+00   0.000000000000E+00  -6.524901430389E-02   9.840685897094E-03   0.000000000000E+00  -3.559495045661E-02   1.743577137052E-02
   0.000000000000E+00   0.000000000000E+00   0.000000000000E+00   0.000000000000E+00   0.000000000000E+00   2.888145586366E-02  -4.902055854633E-03   0.000000000000E+00   2.101819760534E-02  -1.225093323588E-02   0.000000000000E+00   0.000000000000E+00   0.000000000000E+00   0.000000000000E+00   0.000000000000E+00  -5.358594762761E-02   7.536929922049E-03   0.000000000000E+00  -2.827308446756E-02   1.347160856619E-02
   0.000000000000E+00   0.000000000000E+00   0.000000000000E+00   0.000000000000E+00   0.000000000000E+00   2.435078116626E-02  -3.886536751241E-03   0.000000000000E+00   1.698540281002E-02  -9.609147103763E-03   0.000000000000E+00   0.000000000000E+00   0.000000000000E+00   0.000000000000E+00   0.000000000000E+00  -4.360176694165E-02   5.730584340736E-03   0.000000000000E+00  -2.227192743645E-02   1.032755818250E-02
   0.000000000000E+00   0.000000000000E+00   0.000000000000E+00   0.000000000000E+00   0.000000000000E+00   2.041675359939E-02  -3.066897808640E-03   0.000000000000E+00   1.365381119279E-02  -7.498365684879E-03   0.000000000000E+00   0.000000000000E+00   0.000000000000E+00   0.000000000000E+00   0.000000000000E+00  -3.515028173382E-02   4.324791784963E-03   0.000000000000E+00  -1.739723912036E-02   7.854133458223E-03
   0.000000000000E+00   0.000000000000E+00   0.000000000000E+00   0.000000000000E+00   0.000000000000E+00   1.702015373262E-02  -2.408028021622E-03   0.000000000000E+00   1.091675870584E-02  -5.820783567146E-03   0.000000000000E+00   0.000000000000E+00   0.000000000000E+00   0.000000000000E+00   0.000000000000E+00  -2.807347377908E-02   3.239069522816E-03   0.000000000000E+00  -1.347298963314E-02   5.924445642877E-03
   0.000000000000E+00   0.000000000000E+00   0.000000000000E+00   0.000000000000E+00   0.000000000000E+00   1.410398134816E-02  -1.880696732927E-03   0.000000000000E+00   8.680434243010E-03  -4.494594065554E-03   0.000000000000E+00   0.000000000000E+00   0.000000000000E+00   0.000000000000E+00   0.000000000000E+00  -2.221026546687E-02   2.407114646120E-03   0.000000000000E+00  -1.034233785620E-02   4.431874646505E-03
   0.000000000000E+00   0.000000000000E+00   0.000000000000E+00   0.000000000000E+00   0.000000000000E+00   1.161448782547E-02  -1.460627356372E-03   0.000000000000E+00   6.863219725860E-03  -3.451872026859E-03   0.000000000000E+00   0.000000000000E+00   0.000000000000E+00   0.000000000000E+00   0.000000000000E+00  -1.740309989063E-02   1.774766925403E-03   0.000000000000E+00  -7.867638948531E-03   3.287695316122E-03
   0.000000000000E+00   0.000000000000E+00   0.000000000000E+00   0.000000000000E+00   0.000000000000E+00   9.501752513414E-03  -1.127702533389E-03   0.000000000000E+00   5.394770340614E-03  -2.636595817648E-03   0.000000000000E+00   0.000000000000E+00   0.000000000000E+00   0.000000000000E+00   0.000000000000E+00  -1.350263031490E-02   1.298155378488E-03   0.000000000000E+00  -5.929746378350E-03   2.418762934855E-03
   0.000000000000E+00   0.000000000000E+00   0.000000000000E+00   0.000000000000E+00   0.000000000000E+00   7.720031140294E-03  -8.652889587466E-04   0.000000000000E+00   4.214995408221E-03  -2.002864059134E-03   0.000000000000E+00   0.000000000000E+00   0.000000000000E+00   0.000000000000E+00   0.000000000000E+00  -1.037082707774E-02   9.420407290036E-04   0.000000000000E+00  -4.426831604389E-03   1.765328437669E-03
   0.000000000000E+00   0.000000000000E+00   0.000000000000E+00   0.000000000000E+00   0.000000000000E+00   6.227019855197E-03  -6.596653256284E-04   0.000000000000E+00   3.272645188114E-03  -1.513170975853E-03   0.000000000000E+00   0.000000000000E+00   0.000000000000E+00   0.000000000000E+00   0.000000000000E+00  -7.882800452217E-03   6.783553504890E-04   0.000000000000E+00  -3.272903232401E-03   1.279027545719E-03
   0.000000000000E+00   0.000000000000E+00   0.000000000000E+00   0.000000000000E+00   0.000000000000E+00   4.985805202196E-03  -4.995503632426E-04   0.000000000000E+00   2.525035585759E-03  -1.137328295413E-03   0.000000000000E+00   0.000000000000E+00   0.000000000000E+00   0.000000000000E+00   0.000000000000E+00  -5.927615209330E-03   4.849345799744E-04   0.000000000000E+00  -2.396169129602E-03   9.210677286996E-04
   0.000000000000E+00   0.000000000000E+00   0.000000000000E+00   0.000000000000E+00   0.000000000000E+00   3.960219496075E-03  -3.756901929705E-04   0.000000000000E+00   1.935267328285E-03  -8.505711595974E-04   0.000000000000E+00   0.000000000000E+00   0.000000000000E+00   0.000000000000E+00   0.000000000000E+00  -4.408342027370E-03   3.444279856668E-04   0.000000000000E+00  -1.737350801386E-03   6.606217355544E-04
   0.000000000000E+00   0.000000000000E+00   0.000000000000E+00   0.000000000000E+00   0.000000000000E+00   3.120384143120E-03  -2.805456603421E-04   0.000000000000E+00   1.473521349270E-03  -6.334026989187E-04   0.000000000000E+00   0.000000000000E+00   0.000000000000E+00   0.000000000000E+00   0.000000000000E+00  -3.241556645125E-03   2.433758352397E-04   0.000000000000E+00  -1.248029908072E-03   4.734255201583E-04
   0.000000000000E+00   0.000000000000E+00   0.000000000000E+00   0.000000000000E+00   0.000000000000E+00   2.438554686119E-03  -2.079886738300E-04   0.000000000000E+00   1.114662870314E-03  -4.701201073925E-04   0.000000000000E+00   0.000000000000E+00   0.000000000000E+00   0.000000000000E+00   0.000000000000E+00  -2.356462799261E-03   1.714342162793E-04   0.000000000000E+00  -8.890822505475E-04   3.405709169514E-04
   0.000000000000E+00   0.000000000000E+00   0.000000000000E+00   0.000000000000E+00   0.000000000000E+00   1.890064821982E-03  -1.530723474887E-04   0.000000000000E+00   8.379351617428E-04  -3.482612082013E-04   0.000000000000E+00   0.000000000000E+00   0.000000000000E+00   0.000000000000E+00   0.000000000000E+00  -1.693781616479E-03   1.207316376053E-04   0.000000000000E+00  -6.292346837817E-04   2.474786621732E-04
   0.000000000000E+00   0.000000000000E+00   0.000000000000E+00   0.000000000000E+00   0.000000000000E+00   1.451115871816E-03  -1.118305346298E-04   0.000000000000E+00   6.255809086861E-04  -2.577424255837E-04   0.000000000000E+00   0.000000000000E+00   0.000000000000E+00   0.000000000000E+00   0.000000000000E+00  -1.204519585545E-03   8.534017314711E-05   0.000000000000E+00  -4.437648224860E-04   1.830346766494E-04
   0.000000000000E+00   0.000000000000E+00   0.000000000000E+00   0.000000000000E+00   0.000000000000E+00   1.103402921991E-03  -8.111388809498E-05   0.000000000000E+00   4.640003928734E-04  -1.909798675393E-04   0.000000000000E+00   0.000000000000E+00   0.000000000000E+00   0.000000000000E+00   0.000000000000E+00  -8.487002630133E-04   6.084503629680E-05   0.000000000000E+00  -3.133515653993E-04   1.388713929736E-04
   0.000000000000E+00   0.000000000000E+00   0.000000000000E+00   0.000000000000E+00   0.000000000000E+00   8.318875405765E-04  -5.842751950278E-05   0.000000000000E+00   3.424685154695E-04  -1.421744718050E-04   0.000000000000E+00   0.000000000000E+00   0.000000000000E+00   0.000000000000E+00   0.000000000000E+00  -5.941217823082E-04   4.399768168392E-05   0.000000000000E+00  -2.230758220326E-04   1.087758863934E-04
   0.000000000000E+00   0.000000000000E+00   0.000000000000E+00   0.000000000000E+00   0.000000000000E+00   6.215127707662E-04  -4.181286455246E-05   0.000000000000E+00   2.516394561859E-04  -1.066049576471E-04   0.000000000000E+00   0.000000000000E+00   0.000000000000E+00   0.000000000000E+00   0.000000000000E+00  -4.151830398782E-04   3.243895830143E-05   0.000000000000E+00  -1.615648198094E-04   8.820730480403E-05
   0.000000000000E+00   0.000000000000E+00   0.000000000000E+00   0.000000000000E+00   0.000000000000E+00   4.600016153121E-04  -2.975025859776E-05   0.000000000000E+00   1.842344724872E-04  -8.072250157240E-05   0.000000000000E+00   0.000000000000E+00   0.000000000000E+00   0.000000000000E+00   0.000000000000E+00  -2.918059151784E-04   2.448035852103E-05   0.000000000000E+00  -1.202694784653E-04   7.390731609531E-05
   0.000000000000E+00   0.000000000000E+00   0.000000000000E+00   0.000000000000E+00   0.000000000000E+00   3.373071313083E-04  -2.106776413305E-05   0.000000000000E+00   1.345900864522E-04  -6.187186851328E-05   0.000000000000E+00   0.000000000000E+00   0.000000000000E+00   0.000000000000E+00   0.000000000000E+00  -2.084687028089E-04   1.893293074162E-05   0.000000000000E+00  -9.286209425910E-05   6.358879279748E-05
   0.000000000000E+00   0.000000000000E+00   0.000000000000E+00   0.000000000000E+00   0.000000000000E+00   2.449794576573E-04  -1.487046131984E-05   0.000000000000E+00   9.823935515472E-05  -4.805610089115E-05   0.000000000000E+00   0.000000000000E+00   0.000000000000E+00   0.000000000000E+00   0.000000000000E+00  -1.533566852174E-04   1.497488601939E-05   0.000000000000E+00  -7.474057457182E-05   5.568958116878E-05
   0.000000000000E+00   0.000000000000E+00   0.000000000000E+00   0.000000000000E+00   0.000000000000E+00   1.764813002007E-04  -1.048157875454E-05   0.000000000000E+00   7.184682353526E-05  -3.784021578451E-05   0.000000000000E+00   0.000000000000E+00   0.000000000000E+00   0.000000000000E+00   0.000000000000E+00  -1.176290170260E-04   1.205028978026E-05   0.000000000000E+00  -6.262536436999E-05   4.917984503064E-05
   0.000000000000E+00   0.000000000000E+00   0.000000000000E+00   0.000000000000E+00   0.000000000000E+00   1.262755686381E-04  -7.394150767047E-06   0.000000000000E+00   5.278004760665E-05  -3.015495713808E-05   0.000000000000E+00   0.000000000000E+00   0.000000000000E+00   0.000000000000E+00   0.000000000000E+00  -9.479639784572E-05   9.792464327271E-06   0.000000000000E+00  -5.423573276868E-05   4.341305890665E-05
   0.000000000000E+00   0.000000000000E+00   0.000000000000E+00   0.000000000000E+00   0.000000000000E+00   8.998262626612E-05  -5.232771708335E-06   0.000000000000E+00   3.905920979405E-05  -2.423833380642E-05   0.000000000000E+00   0.000000000000E+00   0.000000000000E+00   0.000000000000E+00   0.000000000000E+00  -8.020097766294E-05   7.966825194397E-06   0.000000000000E+00  -4.803302101891E-05   3.801220267852E-05
   0.000000000000E+00   0.000000000000E+00   0.000000000000E+00   0.000000000000E+00   0.000000000000E+00   6.407537557932E-05  -3.722705235732E-06   0.000000000000E+00   2.918104119553E-05  -1.954741815693E-05   0.000000000000E+00   0.000000000000E+00   0.000000000000E+00   0.000000000000E+00   0.000000000000E+00  -7.058820525225E-05   6.428832382620E-06   0.000000000000E+00  -4.301962260303E-05   3.278405322115E-05
   0.000000000000E+00   0.000000000000E+00   0.000000000000E+00   0.000000000000E+00   0.000000000000E+00   4.582853289152E-05  -2.665444728442E-06   0.000000000000E+00   2.204121264476E-05  -1.570978639971E-05   0.000000000000E+00   0.000000000000E+00   0.000000000000E+00   0.000000000000E+00   0.000000000000E+00  -6.375958087767E-05   5.093560887578E-06   0.000000000000E+00  -3.858374504601E-05   2.765566476480E-05
   0.000000000000E+00   0.000000000000E+00   0.000000000000E+00   0.000000000000E+00   0.000000000000E+00   3.314457872895E-05  -1.919612031492E-06   0.000000000000E+00   1.683334928403E-05  -1.247405042112E-05   0.000000000000E+00   0.000000000000E+00   0.000000000000E+00   0.000000000000E+00   0.000000000000E+00  -5.829524315821E-05   3.914092621779E-06   0.000000000000E+00  -3.438129976730E-05   2.262817683807E-05
   0.000000000000E+00   0.000000000000E+00   0.000000000000E+00   0.000000000000E+00   0.000000000000E+00   2.440009181722E-05  -1.385944664545E-06   0.000000000000E+00   1.296866330597E-05  -9.673412101897E-06   0.000000000000E+00   0.000000000000E+00   0.000000000000E+00   0.000000000000E+00   0.000000000000E+00  -5.333578724382E-05   2.866515214235E-06   0.000000000000E+00  -3.024751767849E-05   1.774399159619E-05
   0.000000000000E+00   0.000000000000E+00   0.000000000000E+00   0.000000000000E+00   0.000000000000E+00   1.843246957791E-05  -9.960435472494E-07   0.000000000000E+00   1.004387824789E-05  -7.205671139664E-06   0.000000000000E+00   0.000000000000E+00   0.000000000000E+00   0.000000000000E+00   0.000000000000E+00  -4.841350157696E-05   1.939794948257E-06   0.000000000000E+00  -2.613205331800E-05   1.306413062684E-05
   0.000000000000E+00   0.000000000000E+00   0.000000000000E+00   0.000000000000E+00   0.000000000000E+00   1.434487553223E-05  -7.035555682150E-07   0.000000000000E+00   7.766839340217E-06  -5.005711406028E-06   0.000000000000E+00   0.000000000000E+00   0.000000000000E+00   0.000000000000E+00   0.000000000000E+00  -4.332418737468E-05   1.129184307567E-06   0.000000000000E+00  -2.205239570613E-05   8.653227300189E-06
   0.000000000000E+00   0.000000000000E+00   0.000000000000E+00   0.000000000000E+00   0.000000000000E+00   1.150972427199E-05  -4.777623170985E-07   0.000000000000E+00   5.943010748099E-06  -3.036965179560E-06   0.000000000000E+00   0.000000000000E+00   0.000000000000E+00   0.000000000000E+00   0.000000000000E+00  -3.803178543010E-05   4.321416643487E-07   0.000000000000E+00  -1.806133856661E-05   4.570147663406E-06
   0.000000000000E+00   0.000000000000E+00   0.000000000000E+00   0.000000000000E+00   0.000000000000E+00   9.480845304783E-06  -2.987392966419E-07   0.000000000000E+00   4.441360921371E-06  -1.279065322837E-06   0.000000000000E+00   0.000000000000E+00   0.000000000000E+00   0.000000000000E+00   0.000000000000E+00  -3.259910417133E-05  -1.540065864130E-07   0.000000000000E+00  -1.422507424175E-05   8.626744493734E-07


Spline
12 0.0553585
112.9353346817185 2.801373701455403 -0.1119994835253462
0.035 0.0375    0.204206 -35.71077211012958 2016.504000000031 24177.93762071238
0.0375 0.04    0.12791 -25.17491577974109 2197.838532155373 -120889.6881035729
0.04 0.0425    0.07682029999999999 -16.45240477090621 1291.165871378576 -57585.58520643491
0.0425 0.045    0.0428593 -11.07630513663398 859.2739823303137 16659.22892930921
0.045 0.04533    0.0207993 -6.467574682557872 984.2181993001326 -2167173.572075024
0.04533 0.045334    0.0186943 -6.526006277016704 -1161.283637054166 353213222.4907721
0.045334 0.046259    0.0186682 -6.518342311433599 3077.275032831984 -1324559.571220061
0.046259 0.047184    0.0142234 -4.225362350069925 -598.3777773036936 561811.1110751317
0.047184 0.0493131    0.0102476 -3.890262342340788 960.6480559297889 -100763.5210502349
0.0493131 0.0503195    0.00534702 -1.169934109375229 317.0412179256228 -143026.9144497911
0.0503195 0.0513259    0.00434492 -0.9663840979460291 -114.7856421811885 10348.58893883691
0.0513259 0.0553585    0.00326664 -1.165980214261954 -83.5411824570522 -5782.515169399558 27636944.82683195 -3877959552.095367

This SPLINE is just a DUMMY-SPLINE!!!!!!!!!!!!!!!

