0.200000 46
   0.000000000000E+00 0.0 0.0 0.0 0.0 0.0 0.0 0.0 0.0 0.0 0.0 0.0 0.0 0.0 0.0 0.0 0.0 0.0 0.0 0.0
   0.000000000000E+00   0.000000000000E+00   0.000000000000E+00   0.000000000000E+00   0.000000000000E+00   0.000000000000E+00   0.000000000000E+00   0.000000000000E+00   0.000000000000E+00   0.000000000000E+00   0.000000000000E+00   0.000000000000E+00   0.000000000000E+00   0.000000000000E+00   0.000000000000E+00   0.000000000000E+00   0.000000000000E+00   0.000000000000E+00   0.000000000000E+00   0.000000000000E+00
   0.000000000000E+00   0.000000000000E+00   0.000000000000E+00   0.000000000000E+00   0.000000000000E+00  -7.174981385458E-01  -9.883826016882E-01   0.000000000000E+00  -3.188945290559E-01  -8.731767584865E-01   0.000000000000E+00   0.000000000000E+00   0.000000000000E+00   0.000000000000E+00   0.000000000000E+00   7.851397972210E-01   8.838434199641E-01   0.000000000000E+00  -7.642899064965E-02   8.827899359128E-01
   0.000000000000E+00   0.000000000000E+00   0.000000000000E+00   0.000000000000E+00   0.000000000000E+00  -4.041670396084E-01  -8.439809686654E-01   0.000000000000E+00  -1.655592308297E-01  -5.687638340664E-01   0.000000000000E+00   0.000000000000E+00   0.000000000000E+00   0.000000000000E+00   0.000000000000E+00   6.266643322494E-01   8.255088238936E-01   0.000000000000E+00  -1.358461888021E-01   8.265307261592E-01
   0.000000000000E+00   0.000000000000E+00   0.000000000000E+00   0.000000000000E+00   0.000000000000E+00  -1.514774082602E-01  -7.003049412239E-01   0.000000000000E+00   1.610745244659E-02  -4.671735648321E-01   0.000000000000E+00   0.000000000000E+00   0.000000000000E+00   0.000000000000E+00   0.000000000000E+00   4.451283718444E-01   7.533425711996E-01   0.000000000000E+00  -2.001411465251E-01   7.735377369564E-01
   0.000000000000E+00   0.000000000000E+00   0.000000000000E+00   0.000000000000E+00   0.000000000000E+00   2.375855339084E-02  -5.713566274575E-01   0.000000000000E+00   1.626301426836E-01  -4.469547514802E-01   0.000000000000E+00   0.000000000000E+00   0.000000000000E+00   0.000000000000E+00   0.000000000000E+00   2.621319471159E-01   6.732716046307E-01   0.000000000000E+00  -2.596193415152E-01   7.230647582492E-01
   0.000000000000E+00   0.000000000000E+00   0.000000000000E+00   0.000000000000E+00   0.000000000000E+00   1.321515628114E-01  -4.619100112097E-01   0.000000000000E+00   2.582637646444E-01  -4.446324060705E-01   0.000000000000E+00   0.000000000000E+00   0.000000000000E+00   0.000000000000E+00   0.000000000000E+00   9.391227961519E-02   5.904372823672E-01   0.000000000000E+00  -3.073793070298E-01   6.724389067760E-01
   0.000000000000E+00   0.000000000000E+00   0.000000000000E+00   0.000000000000E+00   0.000000000000E+00   1.913934442797E-01  -3.719219843695E-01   0.000000000000E+00   3.084700626450E-01  -4.357302004247E-01   0.000000000000E+00   0.000000000000E+00   0.000000000000E+00   0.000000000000E+00   0.000000000000E+00  -4.896809164258E-02   5.089553765715E-01   0.000000000000E+00  -3.397613277304E-01   6.196645614027E-01
   0.000000000000E+00   0.000000000000E+00   0.000000000000E+00   0.000000000000E+00   0.000000000000E+00   2.179435059169E-01  -2.992045944085E-01   0.000000000000E+00   3.248851585939E-01  -4.148215994507E-01   0.000000000000E+00   0.000000000000E+00   0.000000000000E+00   0.000000000000E+00   0.000000000000E+00  -1.611705142089E-01   4.318702433001E-01   0.000000000000E+00  -3.557794606653E-01   5.640859363467E-01
   0.000000000000E+00   0.000000000000E+00   0.000000000000E+00   0.000000000000E+00   0.000000000000E+00   2.245588792372E-01  -2.409013932826E-01   0.000000000000E+00   3.189625397721E-01  -3.839571550202E-01   0.000000000000E+00   0.000000000000E+00   0.000000000000E+00   0.000000000000E+00   0.000000000000E+00  -2.416850802989E-01   3.612160612875E-01   0.000000000000E+00  -3.564208019275E-01   5.062405130994E-01
   0.000000000000E+00   0.000000000000E+00   0.000000000000E+00   0.000000000000E+00   0.000000000000E+00   2.198965154594E-01  -1.942281552936E-01   0.000000000000E+00   2.996799826593E-01  -3.470432060627E-01   0.000000000000E+00   0.000000000000E+00   0.000000000000E+00   0.000000000000E+00   0.000000000000E+00  -2.926759045533E-01   2.981454730300E-01   0.000000000000E+00  -3.439923192637E-01   4.474434026681E-01
   0.000000000000E+00   0.000000000000E+00   0.000000000000E+00   0.000000000000E+00   0.000000000000E+00   2.092741795752E-01  -1.567832856856E-01   0.000000000000E+00   2.732931418867E-01  -3.076245687649E-01   0.000000000000E+00   0.000000000000E+00   0.000000000000E+00   0.000000000000E+00   0.000000000000E+00  -3.182783421218E-01   2.430968452134E-01   0.000000000000E+00  -3.215213619399E-01   3.893468820172E-01
   0.000000000000E+00   0.000000000000E+00   0.000000000000E+00   0.000000000000E+00   0.000000000000E+00   1.957097924546E-01  -1.266236843412E-01   0.000000000000E+00   2.438720181612E-01  -2.683048979559E-01   0.000000000000E+00   0.000000000000E+00   0.000000000000E+00   0.000000000000E+00   0.000000000000E+00  -3.235378540479E-01   1.959733143562E-01   0.000000000000E+00  -2.922345427653E-01   3.335825723195E-01
   0.000000000000E+00   0.000000000000E+00   0.000000000000E+00   0.000000000000E+00   0.000000000000E+00   1.808112145556E-01  -1.022297231214E-01   0.000000000000E+00   2.139539599219E-01  -2.307915199876E-01   0.000000000000E+00   0.000000000000E+00   0.000000000000E+00   0.000000000000E+00   0.000000000000E+00  -3.136017963772E-01   1.563115154378E-01   0.000000000000E+00  -2.591566079278E-01   2.815230678219E-01
   0.000000000000E+00   0.000000000000E+00   0.000000000000E+00   0.000000000000E+00   0.000000000000E+00   1.654145821344E-01  -8.243012993865E-02   0.000000000000E+00   1.850766386072E-01  -1.961066896052E-01   0.000000000000E+00   0.000000000000E+00   0.000000000000E+00   0.000000000000E+00   0.000000000000E+00  -2.931901683127E-01   1.234257065093E-01   0.000000000000E+00  -2.248530514112E-01   2.341601216572E-01
   0.000000000000E+00   0.000000000000E+00   0.000000000000E+00   0.000000000000E+00   0.000000000000E+00   1.499850625994E-01  -6.632259956591E-02   0.000000000000E+00   1.581455270826E-01  -1.647929173530E-01   0.000000000000E+00   0.000000000000E+00   0.000000000000E+00   0.000000000000E+00   0.000000000000E+00  -2.663119238891E-01   9.652104974578E-02   0.000000000000E+00  -1.913099998957E-01   1.920761059763E-01
   0.000000000000E+00   0.000000000000E+00   0.000000000000E+00   0.000000000000E+00   0.000000000000E+00   1.348280634689E-01  -5.320567515219E-02   0.000000000000E+00   1.336602593626E-01  -1.370653714902E-01   0.000000000000E+00   0.000000000000E+00   0.000000000000E+00   0.000000000000E+00   0.000000000000E+00  -2.361661042604E-01   7.477602473613E-02   0.000000000000E+00  -1.599225205005E-01   1.554785982358E-01
   0.000000000000E+00   0.000000000000E+00   0.000000000000E+00   0.000000000000E+00   0.000000000000E+00   1.201748308855E-01  -4.252649649027E-02   0.000000000000E+00   1.118466966373E-01  -1.129152996950E-01   0.000000000000E+00   0.000000000000E+00   0.000000000000E+00   0.000000000000E+00   0.000000000000E+00  -2.051639418580E-01   5.739771710510E-02   0.000000000000E+00  -1.315541047419E-01   1.242697036937E-01
   0.000000000000E+00   0.000000000000E+00   0.000000000000E+00   0.000000000000E+00   0.000000000000E+00   1.062074396157E-01  -3.384315607059E-02   0.000000000000E+00   9.273973598295E-02  -9.218261137617E-02   0.000000000000E+00   0.000000000000E+00   0.000000000000E+00   0.000000000000E+00   0.000000000000E+00  -1.750182913501E-01   4.365536420323E-02   0.000000000000E+00  -1.066327603369E-01   9.812781691757E-02
   0.000000000000E+00   0.000000000000E+00   0.000000000000E+00   0.000000000000E+00   0.000000000000E+00   9.306468299258E-02  -2.679819603266E-02   0.000000000000E+00   7.624338251468E-02  -7.461072130679E-02   0.000000000000E+00   0.000000000000E+00   0.000000000000E+00   0.000000000000E+00   0.000000000000E+00  -1.468615262654E-01   3.289771380870E-02   0.000000000000E+00  -8.525744463643E-02   7.658677955398E-02
   0.000000000000E+00   0.000000000000E+00   0.000000000000E+00   0.000000000000E+00   0.000000000000E+00   8.084506421863E-02  -2.109978544609E-02   0.000000000000E+00   6.217769574695E-02  -5.988886827091E-02   0.000000000000E+00   0.000000000000E+00   0.000000000000E+00   0.000000000000E+00   0.000000000000E+00  -1.213671449245E-01   2.455911029250E-02   0.000000000000E+00  -6.729801961172E-02   5.910391442340E-02
   0.000000000000E+00   0.000000000000E+00   0.000000000000E+00   0.000000000000E+00   0.000000000000E+00   6.961056294290E-02  -1.650807003382E-02   0.000000000000E+00   5.031508195717E-02  -4.768387082346E-02   0.000000000000E+00   0.000000000000E+00   0.000000000000E+00   0.000000000000E+00   0.000000000000E+00  -9.886141242009E-02   1.815825161814E-02   0.000000000000E+00  -5.247996203869E-02   4.511338363641E-02
   0.000000000000E+00   0.000000000000E+00   0.000000000000E+00   0.000000000000E+00   0.000000000000E+00   5.939120507699E-02  -1.282500087516E-02   0.000000000000E+00   4.040719881206E-02  -3.766288416059E-02   0.000000000000E+00   0.000000000000E+00   0.000000000000E+00   0.000000000000E+00   0.000000000000E+00  -7.941896587058E-02   1.329256271549E-02   0.000000000000E+00  -4.045082175350E-02   3.406461553138E-02
   0.000000000000E+00   0.000000000000E+00   0.000000000000E+00   0.000000000000E+00   0.000000000000E+00   5.019022907417E-02  -9.886567783952E-03   0.000000000000E+00   3.220398598689E-02  -2.950879872467E-02   0.000000000000E+00   0.000000000000E+00   0.000000000000E+00   0.000000000000E+00   0.000000000000E+00  -6.294092389693E-02   9.630260565613E-03   0.000000000000E+00  -3.082896251219E-02   2.544742477077E-02
   0.000000000000E+00   0.000000000000E+00   0.000000000000E+00   0.000000000000E+00   0.000000000000E+00   4.198956242047E-02  -7.556716616106E-03   0.000000000000E+00   2.546651395215E-02  -2.292994759499E-02   0.000000000000E+00   0.000000000000E+00   0.000000000000E+00   0.000000000000E+00   0.000000000000E+00  -4.921648577328E-02   6.901498341420E-03   0.000000000000E+00  -2.323693965237E-02   1.880629057569E-02
   0.000000000000E+00   0.000000000000E+00   0.000000000000E+00   0.000000000000E+00   0.000000000000E+00   3.475520969339E-02  -5.722475808277E-03   0.000000000000E+00   1.997494195371E-02  -1.766536972495E-02   0.000000000000E+00   0.000000000000E+00   0.000000000000E+00   0.000000000000E+00   0.000000000000E+00  -3.797006599698E-02   4.889467896826E-03   0.000000000000E+00  -1.732253339634E-02   1.374642505422E-02
   0.000000000000E+00   0.000000000000E+00   0.000000000000E+00   0.000000000000E+00   0.000000000000E+00   2.844173200665E-02  -4.289994516819E-03   0.000000000000E+00   1.553258080072E-02  -1.348667998833E-02   0.000000000000E+00   0.000000000000E+00   0.000000000000E+00   0.000000000000E+00   0.000000000000E+00  -2.889629081690E-02   3.421983520195E-03   0.000000000000E+00  -1.277044197013E-02   9.934048159370E-03
   0.000000000000E+00   0.000000000000E+00   0.000000000000E+00   0.000000000000E+00   0.000000000000E+00   2.299521056449E-02  -3.181316159751E-03   0.000000000000E+00   1.196696462084E-02  -1.019744900368E-02   0.000000000000E+00   0.000000000000E+00   0.000000000000E+00   0.000000000000E+00   0.000000000000E+00  -2.168508521713E-02   2.363829847198E-03   0.000000000000E+00  -9.307283429923E-03   7.092892843385E-03
   0.000000000000E+00   0.000000000000E+00   0.000000000000E+00   0.000000000000E+00   0.000000000000E+00   1.835483730269E-02  -2.331762767196E-03   0.000000000000E+00   9.128808715499E-03  -7.630902157315E-03   0.000000000000E+00   0.000000000000E+00   0.000000000000E+00   0.000000000000E+00   0.000000000000E+00  -1.603883395150E-02   1.610000569157E-03   0.000000000000E+00  -6.702072798560E-03   4.998522899458E-03
   0.000000000000E+00   0.000000000000E+00   0.000000000000E+00   0.000000000000E+00   0.000000000000E+00   1.445430427641E-02  -1.687828311797E-03   0.000000000000E+00   6.890104433816E-03  -5.646927884762E-03   0.000000000000E+00   0.000000000000E+00   0.000000000000E+00   0.000000000000E+00   0.000000000000E+00  -1.168332407524E-02   1.079856003304E-03   0.000000000000E+00  -4.763851985018E-03   3.471629670025E-03
   0.000000000000E+00   0.000000000000E+00   0.000000000000E+00   0.000000000000E+00   0.000000000000E+00   1.122195029836E-02  -1.205467460226E-03   0.000000000000E+00   5.141293843566E-03  -4.128513283626E-03   0.000000000000E+00   0.000000000000E+00   0.000000000000E+00   0.000000000000E+00   0.000000000000E+00  -8.373915683737E-03   7.121676081777E-04   0.000000000000E+00  -3.337712643700E-03   2.371116921576E-03
   0.000000000000E+00   0.000000000000E+00   0.000000000000E+00   0.000000000000E+00   0.000000000000E+00   8.583205840549E-03  -8.486837970761E-04   0.000000000000E+00   3.789397096183E-03  -2.978831769251E-03   0.000000000000E+00   0.000000000000E+00   0.000000000000E+00   0.000000000000E+00   0.000000000000E+00  -5.898154315498E-03   4.609829332106E-04   0.000000000000E+00  -2.300088689586E-03   1.587496881291E-03
   0.000000000000E+00   0.000000000000E+00   0.000000000000E+00   0.000000000000E+00   0.000000000000E+00   6.462810602406E-03  -5.883372992311E-04   0.000000000000E+00   2.756075000082E-03  -2.118425776721E-03   0.000000000000E+00   0.000000000000E+00   0.000000000000E+00   0.000000000000E+00   0.000000000000E+00  -4.075831232117E-03   2.922264989154E-04   0.000000000000E+00  -1.553907952465E-03   1.036902697796E-03
   0.000000000000E+00   0.000000000000E+00   0.000000000000E+00   0.000000000000E+00   0.000000000000E+00   4.786024510519E-03  -4.011006062904E-04   0.000000000000E+00   1.975445990586E-03  -1.482419434911E-03   0.000000000000E+00   0.000000000000E+00   0.000000000000E+00   0.000000000000E+00   0.000000000000E+00  -2.757312289791E-03   1.809449594215E-04   0.000000000000E+00  -1.023974365338E-03   6.558650318536E-04
   0.000000000000E+00   0.000000000000E+00   0.000000000000E+00   0.000000000000E+00   0.000000000000E+00   3.483741538196E-03  -2.685264878114E-04   0.000000000000E+00   1.393733944027E-03  -1.018964497924E-03   0.000000000000E+00   0.000000000000E+00   0.000000000000E+00   0.000000000000E+00   0.000000000000E+00  -1.820789488958E-03   1.091048195101E-04   0.000000000000E+00  -6.527924827121E-04   3.968923755163E-04
   0.000000000000E+00   0.000000000000E+00   0.000000000000E+00   0.000000000000E+00   0.000000000000E+00   2.486692142804E-03  -1.762299489108E-04   0.000000000000E+00   9.648035742960E-04  -6.855569981184E-04   0.000000000000E+00   0.000000000000E+00   0.000000000000E+00   0.000000000000E+00   0.000000000000E+00  -1.168960707891E-03   6.385542232448E-05   0.000000000000E+00  -3.969337760349E-04   2.248252432530E-04
   0.000000000000E+00   0.000000000000E+00   0.000000000000E+00   0.000000000000E+00   0.000000000000E+00   1.738530655460E-03  -1.131650623286E-04   0.000000000000E+00   6.535850098382E-04  -4.499236721350E-04   0.000000000000E+00   0.000000000000E+00   0.000000000000E+00   0.000000000000E+00   0.000000000000E+00  -7.255130575150E-04   3.617712874003E-05   0.000000000000E+00  -2.239686452334E-04   1.138938383937E-04
   0.000000000000E+00   0.000000000000E+00   0.000000000000E+00   0.000000000000E+00   0.000000000000E+00   1.187617249418E-03  -7.095467777225E-05   0.000000000000E+00   4.312111127005E-04  -2.864506881380E-04   0.000000000000E+00   0.000000000000E+00   0.000000000000E+00   0.000000000000E+00   0.000000000000E+00  -4.316744761253E-04   1.984331834995E-05   0.000000000000E+00  -1.099404001490E-04   4.538896020217E-05
   0.000000000000E+00   0.000000000000E+00   0.000000000000E+00   0.000000000000E+00   0.000000000000E+00   7.898016861354E-04  -4.336024629315E-05   0.000000000000E+00   2.749238732416E-04  -1.754372848564E-04   0.000000000000E+00   0.000000000000E+00   0.000000000000E+00   0.000000000000E+00   0.000000000000E+00  -2.430068742136E-04   1.063414756359E-05   0.000000000000E+00  -3.733011741559E-05   5.850180497959E-06
   0.000000000000E+00   0.000000000000E+00   0.000000000000E+00   0.000000000000E+00   0.000000000000E+00   5.093555057212E-04  -2.580309656345E-05   0.000000000000E+00   1.674327359621E-04  -1.021254522659E-04   0.000000000000E+00   0.000000000000E+00   0.000000000000E+00   0.000000000000E+00   0.000000000000E+00  -1.265417719252E-04   5.749254718553E-06   0.000000000000E+00   6.551746472382E-06  -1.432140672918E-05
   0.000000000000E+00   0.000000000000E+00   0.000000000000E+00   0.000000000000E+00   0.000000000000E+00   3.166533826949E-04  -1.498434773215E-05   0.000000000000E+00   9.530552933053E-05  -5.536935695834E-05   0.000000000000E+00   0.000000000000E+00   0.000000000000E+00   0.000000000000E+00   0.000000000000E+00  -5.830452615884E-05   3.375360660859E-06   0.000000000000E+00   3.081449744810E-05  -2.191005073671E-05
   0.000000000000E+00   0.000000000000E+00   0.000000000000E+00   0.000000000000E+00   0.000000000000E+00   1.880944622794E-04  -8.571328461618E-06   0.000000000000E+00   4.839253994875E-05  -2.693820646683E-05   0.000000000000E+00   0.000000000000E+00   0.000000000000E+00   0.000000000000E+00   0.000000000000E+00  -2.123384114692E-05   2.372693860888E-06   0.000000000000E+00   4.194192302275E-05  -2.166495679246E-05
   0.000000000000E+00   0.000000000000E+00   0.000000000000E+00   0.000000000000E+00   0.000000000000E+00   1.054826250069E-04  -4.947618145451E-06   0.000000000000E+00   1.920217639192E-05  -1.087619415179E-05   0.000000000000E+00   0.000000000000E+00   0.000000000000E+00   0.000000000000E+00   0.000000000000E+00  -3.476828630373E-06   2.051218197010E-06   0.000000000000E+00   4.451123703183E-05  -1.687399511572E-05
   0.000000000000E+00   0.000000000000E+00   0.000000000000E+00   0.000000000000E+00   0.000000000000E+00   5.479092425304E-05  -3.019375927397E-06   0.000000000000E+00   2.173491474956E-06  -2.889342294168E-06   0.000000000000E+00   0.000000000000E+00   0.000000000000E+00   0.000000000000E+00   0.000000000000E+00   2.976147725829E-06   2.013703986792E-06   0.000000000000E+00   4.172707352047E-05  -9.781497333732E-06
   0.000000000000E+00   0.000000000000E+00   0.000000000000E+00   0.000000000000E+00   0.000000000000E+00   2.567657020290E-05  -2.069055776898E-06   0.000000000000E+00  -6.683164340630E-06   2.948193347527E-08   0.000000000000E+00   0.000000000000E+00   0.000000000000E+00   0.000000000000E+00   0.000000000000E+00   3.360714149336E-06   2.047775047307E-06   0.000000000000E+00   3.581310378899E-05  -1.889863169885E-06
   0.000000000000E+00   0.000000000000E+00   0.000000000000E+00   0.000000000000E+00   0.000000000000E+00   1.057069453337E-05  -1.640547418677E-06   0.000000000000E+00  -1.022967864185E-05  -3.601099808460E-08   0.000000000000E+00   0.000000000000E+00   0.000000000000E+00   0.000000000000E+00   0.000000000000E+00   9.580699212534E-07   2.053251100679E-06   0.000000000000E+00   2.829594725655E-05   5.824164349779E-06
   0.000000000000E+00   0.000000000000E+00   0.000000000000E+00   0.000000000000E+00   0.000000000000E+00   4.095330397860E-06  -1.457295196353E-06   0.000000000000E+00  -1.048384434445E-05  -1.675427828656E-06   0.000000000000E+00   0.000000000000E+00   0.000000000000E+00   0.000000000000E+00   0.000000000000E+00  -2.290309614582E-06   1.994479115633E-06   0.000000000000E+00   2.020892599266E-05   1.275507517085E-05


Spline
12 0.0553585
112.9353346817185 2.801373701455403 -0.1119994835253462
0.035 0.0375    0.204206 -35.71077211012958 2016.504000000031 24177.93762071238
0.0375 0.04    0.12791 -25.17491577974109 2197.838532155373 -120889.6881035729
0.04 0.0425    0.07682029999999999 -16.45240477090621 1291.165871378576 -57585.58520643491
0.0425 0.045    0.0428593 -11.07630513663398 859.2739823303137 16659.22892930921
0.045 0.04533    0.0207993 -6.467574682557872 984.2181993001326 -2167173.572075024
0.04533 0.045334    0.0186943 -6.526006277016704 -1161.283637054166 353213222.4907721
0.045334 0.046259    0.0186682 -6.518342311433599 3077.275032831984 -1324559.571220061
0.046259 0.047184    0.0142234 -4.225362350069925 -598.3777773036936 561811.1110751317
0.047184 0.0493131    0.0102476 -3.890262342340788 960.6480559297889 -100763.5210502349
0.0493131 0.0503195    0.00534702 -1.169934109375229 317.0412179256228 -143026.9144497911
0.0503195 0.0513259    0.00434492 -0.9663840979460291 -114.7856421811885 10348.58893883691
0.0513259 0.0553585    0.00326664 -1.165980214261954 -83.5411824570522 -5782.515169399558 27636944.82683195 -3877959552.095367

This SPLINE is just a DUMMY-SPLINE!!!!!!!!!!!!!!!

