0.200000 61
   0.000000000000E+00 0.0 0.0 0.0 0.0 0.0 0.0 0.0 0.0 0.0 0.0 0.0 0.0 0.0 0.0 0.0 0.0 0.0 0.0 0.0
   0.000000000000E+00   0.000000000000E+00   0.000000000000E+00   0.000000000000E+00   0.000000000000E+00   0.000000000000E+00   0.000000000000E+00   0.000000000000E+00   0.000000000000E+00   0.000000000000E+00   0.000000000000E+00   0.000000000000E+00   0.000000000000E+00   0.000000000000E+00   0.000000000000E+00   0.000000000000E+00   0.000000000000E+00   0.000000000000E+00   0.000000000000E+00   0.000000000000E+00
   0.000000000000E+00   0.000000000000E+00   0.000000000000E+00   0.000000000000E+00   0.000000000000E+00  -8.382964485830E-01  -1.085941431435E+00   0.000000000000E+00  -2.154125306129E-01  -1.079628497113E+00   0.000000000000E+00   0.000000000000E+00   0.000000000000E+00   0.000000000000E+00   0.000000000000E+00   8.762841407848E-01   9.563592440575E-01   0.000000000000E+00  -1.268469780431E-01   9.371999751966E-01
   0.000000000000E+00   0.000000000000E+00   0.000000000000E+00   0.000000000000E+00   0.000000000000E+00  -5.359390636435E-01  -9.517288049843E-01   0.000000000000E+00  -6.687274921560E-02  -8.080994803888E-01   0.000000000000E+00   0.000000000000E+00   0.000000000000E+00   0.000000000000E+00   0.000000000000E+00   7.459003985149E-01   9.088071070535E-01   0.000000000000E+00  -2.044242470489E-01   8.912154740645E-01
   0.000000000000E+00   0.000000000000E+00   0.000000000000E+00   0.000000000000E+00   0.000000000000E+00  -2.745680463921E-01  -8.134001645469E-01   0.000000000000E+00   1.074661302525E-01  -7.063046690558E-01   0.000000000000E+00   0.000000000000E+00   0.000000000000E+00   0.000000000000E+00   0.000000000000E+00   5.931221187855E-01   8.492714586934E-01   0.000000000000E+00  -2.831299249099E-01   8.473417158473E-01
   0.000000000000E+00   0.000000000000E+00   0.000000000000E+00   0.000000000000E+00   0.000000000000E+00  -7.637328668486E-02  -6.844068969478E-01   0.000000000000E+00   2.529846501361E-01  -6.733782417994E-01   0.000000000000E+00   0.000000000000E+00   0.000000000000E+00   0.000000000000E+00   0.000000000000E+00   4.337485725628E-01   7.821023361990E-01   0.000000000000E+00  -3.548296331590E-01   8.046129957013E-01
   0.000000000000E+00   0.000000000000E+00   0.000000000000E+00   0.000000000000E+00   0.000000000000E+00   6.118735093673E-02  -5.705123325704E-01   0.000000000000E+00   3.533887672659E-01  -6.550483404154E-01   0.000000000000E+00   0.000000000000E+00   0.000000000000E+00   0.000000000000E+00   0.000000000000E+00   2.797158403904E-01   7.110678381305E-01   0.000000000000E+00  -4.136706959522E-01   7.605914100138E-01
   0.000000000000E+00   0.000000000000E+00   0.000000000000E+00   0.000000000000E+00   0.000000000000E+00   1.494649247245E-01  -4.731309140607E-01   0.000000000000E+00   4.109284401165E-01  -6.298553437942E-01   0.000000000000E+00   0.000000000000E+00   0.000000000000E+00   0.000000000000E+00   0.000000000000E+00   1.390805979829E-01   6.392066308188E-01   0.000000000000E+00  -4.565532845856E-01   7.135553984168E-01
   0.000000000000E+00   0.000000000000E+00   0.000000000000E+00   0.000000000000E+00   0.000000000000E+00   2.011007821193E-01  -3.914511995110E-01   0.000000000000E+00   4.343535606476E-01  -5.930058761694E-01   0.000000000000E+00   0.000000000000E+00   0.000000000000E+00   0.000000000000E+00   0.000000000000E+00   1.656922979256E-02   5.688297847476E-01   0.000000000000E+00  -4.827267143005E-01   6.630084082854E-01
   0.000000000000E+00   0.000000000000E+00   0.000000000000E+00   0.000000000000E+00   0.000000000000E+00   2.273114286635E-01  -3.236774278899E-01   0.000000000000E+00   4.334040626993E-01  -5.465881355366E-01   0.000000000000E+00   0.000000000000E+00   0.000000000000E+00   0.000000000000E+00   0.000000000000E+00  -8.568280273999E-02   5.015953859855E-01   0.000000000000E+00  -4.931262370009E-01   6.094762536271E-01
   0.000000000000E+00   0.000000000000E+00   0.000000000000E+00   0.000000000000E+00   0.000000000000E+00   2.368068081683E-01  -2.677309903229E-01   0.000000000000E+00   4.164668767608E-01  -4.945862101346E-01   0.000000000000E+00   0.000000000000E+00   0.000000000000E+00   0.000000000000E+00   0.000000000000E+00  -1.673977774930E-01   4.386131846059E-01   0.000000000000E+00  -4.897216020265E-01   5.541031479338E-01
   0.000000000000E+00   0.000000000000E+00   0.000000000000E+00   0.000000000000E+00   0.000000000000E+00   2.357572865282E-01  -2.216144723762E-01   0.000000000000E+00   3.899017021491E-01  -4.407215407076E-01   0.000000000000E+00   0.000000000000E+00   0.000000000000E+00   0.000000000000E+00   0.000000000000E+00  -2.295296408287E-01   3.805544322724E-01   0.000000000000E+00  -4.749860520867E-01   4.982762114747E-01
   0.000000000000E+00   0.000000000000E+00   0.000000000000E+00   0.000000000000E+00   0.000000000000E+00   2.282786950087E-01  -1.835707399053E-01   0.000000000000E+00   3.581881723277E-01  -3.877868492335E-01   0.000000000000E+00   0.000000000000E+00   0.000000000000E+00   0.000000000000E+00   0.000000000000E+00  -2.737808945483E-01   3.277530909403E-01   0.000000000000E+00  -4.515138593453E-01   4.433562483224E-01
   0.000000000000E+00   0.000000000000E+00   0.000000000000E+00   0.000000000000E+00   0.000000000000E+00   2.170075991672E-01  -1.521262030010E-01   0.000000000000E+00   3.243342137237E-01  -3.376208184612E-01   0.000000000000E+00   0.000000000000E+00   0.000000000000E+00   0.000000000000E+00   0.000000000000E+00  -3.022563919997E-01   2.802920999572E-01   0.000000000000E+00  -4.217741088576E-01   3.905190824723E-01
   0.000000000000E+00   0.000000000000E+00   0.000000000000E+00   0.000000000000E+00   0.000000000000E+00   2.035952562294E-01  -1.260767780847E-01   0.000000000000E+00   2.902925305646E-01  -2.912959584774E-01   0.000000000000E+00   0.000000000000E+00   0.000000000000E+00   0.000000000000E+00   0.000000000000E+00  -3.172277558963E-01   2.380732672085E-01   0.000000000000E+00  -3.879717021061E-01   3.406835592354E-01
   0.000000000000E+00   0.000000000000E+00   0.000000000000E+00   0.000000000000E+00   0.000000000000E+00   1.890738590774E-01  -1.044507344466E-01   0.000000000000E+00   2.572964862393E-01  -2.493352025117E-01   0.000000000000E+00   0.000000000000E+00   0.000000000000E+00   0.000000000000E+00   0.000000000000E+00  -3.209779381428E-01   2.008720757942E-01   0.000000000000E+00  -3.519840228362E-01   2.944973638215E-01
   0.000000000000E+00   0.000000000000E+00   0.000000000000E+00   0.000000000000E+00   0.000000000000E+00   1.741018319439E-01  -8.646659101937E-02   0.000000000000E+00   2.261011482338E-01  -2.118923523934E-01   0.000000000000E+00   0.000000000000E+00   0.000000000000E+00   0.000000000000E+00   0.000000000000E+00  -3.156999960790E-01   1.683798426087E-01   0.000000000000E+00  -3.153463595729E-01   2.523564823617E-01
   0.000000000000E+00   0.000000000000E+00   0.000000000000E+00   0.000000000000E+00   0.000000000000E+00   1.591151952429E-01  -7.149445218619E-02   0.000000000000E+00   1.971449207575E-01  -1.788844281187E-01   0.000000000000E+00   0.000000000000E+00   0.000000000000E+00   0.000000000000E+00   0.000000000000E+00  -3.034315652279E-01   1.402358292455E-01   0.000000000000E+00  -2.792661523531E-01   2.144411781547E-01
   0.000000000000E+00   0.000000000000E+00   0.000000000000E+00   0.000000000000E+00   0.000000000000E+00   1.444152499920E-01  -5.902374859791E-02   0.000000000000E+00   1.706544299348E-01  -1.500832306461E-01   0.000000000000E+00   0.000000000000E+00   0.000000000000E+00   0.000000000000E+00   0.000000000000E+00  -2.860133315350E-01   1.160515820138E-01   0.000000000000E+00  -2.446526870847E-01   1.807576316148E-01
   0.000000000000E+00   0.000000000000E+00   0.000000000000E+00   0.000000000000E+00   0.000000000000E+00   1.302174610093E-01  -4.863766160770E-02   0.000000000000E+00   1.467124519204E-01  -1.251771547223E-01   0.000000000000E+00   0.000000000000E+00   0.000000000000E+00   0.000000000000E+00   0.000000000000E+00  -2.650647022647E-01   9.542929669594E-02   0.000000000000E+00  -2.121538997858E-01   1.511789911044E-01
   0.000000000000E+00   0.000000000000E+00   0.000000000000E+00   0.000000000000E+00   0.000000000000E+00   1.166781456227E-01  -3.999335250703E-02   0.000000000000E+00   1.253027341411E-01  -1.038126152838E-01   0.000000000000E+00   0.000000000000E+00   0.000000000000E+00   0.000000000000E+00   0.000000000000E+00  -2.419727762339E-01   7.797554542916E-02   0.000000000000E+00  -1.821953599889E-01   1.254825946492E-01
   0.000000000000E+00   0.000000000000E+00   0.000000000000E+00   0.000000000000E+00   0.000000000000E+00   1.039094363973E-01  -3.280685686491E-02   0.000000000000E+00   1.063407068115E-01  -8.562163524523E-02   0.000000000000E+00   0.000000000000E+00   0.000000000000E+00   0.000000000000E+00   0.000000000000E+00  -2.178921141488E-01   6.331134122816E-02   0.000000000000E+00  -1.550186030249E-01   1.033819508552E-01
   0.000000000000E+00   0.000000000000E+00   0.000000000000E+00   0.000000000000E+00   0.000000000000E+00   9.198801922863E-02  -2.684155057239E-02   0.000000000000E+00   8.969531897858E-02  -7.024009494079E-02   0.000000000000E+00   0.000000000000E+00   0.000000000000E+00   0.000000000000E+00   0.000000000000E+00  -1.937533089074E-01   5.107926081809E-02   0.000000000000E+00  -1.307171977890E-01   8.455311407196E-02
   0.000000000000E+00   0.000000000000E+00   0.000000000000E+00   0.000000000000E+00   0.000000000000E+00   8.096089043448E-02  -2.189930522830E-02   0.000000000000E+00   7.520520534729E-02  -5.731954158937E-02   0.000000000000E+00   0.000000000000E+00   0.000000000000E+00   0.000000000000E+00   0.000000000000E+00  -1.702784430831E-01   4.094818003966E-02   0.000000000000E+00  -1.092696276643E-01   6.865565796695E-02
   0.000000000000E+00   0.000000000000E+00   0.000000000000E+00   0.000000000000E+00   0.000000000000E+00   7.084984096221E-02  -1.781363211018E-02   0.000000000000E+00   6.269102236228E-02  -4.653449900557E-02   0.000000000000E+00   0.000000000000E+00   0.000000000000E+00   0.000000000000E+00   0.000000000000E+00  -1.480015113396E-01   3.261607125527E-02   0.000000000000E+00  -9.056847232929E-02   5.534874213933E-02
   0.000000000000E+00   0.000000000000E+00   0.000000000000E+00   0.000000000000E+00   0.000000000000E+00   6.165512163364E-02  -1.444430627832E-02   0.000000000000E+00   5.196493466902E-02  -3.758664693151E-02   0.000000000000E+00   0.000000000000E+00   0.000000000000E+00   0.000000000000E+00   0.000000000000E+00  -1.272919374207E-01   2.581124455633E-02   0.000000000000E+00  -7.444564948890E-02   4.430289745095E-02
   0.000000000000E+00   0.000000000000E+00   0.000000000000E+00   0.000000000000E+00   0.000000000000E+00   5.335908340525E-02  -1.167308229872E-02   0.000000000000E+00   4.283799302280E-02  -3.020672435194E-02   0.000000000000E+00   0.000000000000E+00   0.000000000000E+00   0.000000000000E+00   0.000000000000E+00  -1.083794768736E-01   2.029236627887E-02   0.000000000000E+00  -6.069367810119E-02   3.520819525013E-02
   0.000000000000E+00   0.000000000000E+00   0.000000000000E+00   0.000000000000E+00   0.000000000000E+00   4.592950413549E-02  -9.400232212730E-03   0.000000000000E+00   3.512572275150E-02  -2.415486953926E-02   0.000000000000E+00   0.000000000000E+00   0.000000000000E+00   0.000000000000E+00   0.000000000000E+00  -9.137905383420E-02   1.584754828636E-02   0.000000000000E+00  -4.908308585626E-02   2.777945166507E-02
   0.000000000000E+00   0.000000000000E+00   0.000000000000E+00   0.000000000000E+00   0.000000000000E+00   3.932281422165E-02  -7.541704998913E-03   0.000000000000E+00   2.865226004965E-02  -1.921985692407E-02   0.000000000000E+00   0.000000000000E+00   0.000000000000E+00   0.000000000000E+00   0.000000000000E+00  -7.631439329753E-02   1.229276398767E-02   0.000000000000E+00  -3.937621060744E-02   2.175907263579E-02
   0.000000000000E+00   0.000000000000E+00   0.000000000000E+00   0.000000000000E+00   0.000000000000E+00   3.348713783449E-02  -6.026763897755E-03   0.000000000000E+00   2.325326405076E-02  -1.521760199044E-02   0.000000000000E+00   0.000000000000E+00   0.000000000000E+00   0.000000000000E+00   0.000000000000E+00  -6.313963663757E-02   9.469810064242E-03   0.000000000000E+00  -3.133773834143E-02   1.691808196045E-02
   0.000000000000E+00   0.000000000000E+00   0.000000000000E+00   0.000000000000E+00   0.000000000000E+00   2.836511382861E-02  -4.795995731576E-03   0.000000000000E+00   1.877781162502E-02  -1.198920718135E-02   0.000000000000E+00   0.000000000000E+00   0.000000000000E+00   0.000000000000E+00   0.000000000000E+00  -5.175843359484E-02   7.243996375847E-03   0.000000000000E+00  -2.474237912597E-02   1.305580249967E-02
   0.000000000000E+00   0.000000000000E+00   0.000000000000E+00   0.000000000000E+00   0.000000000000E+00   2.389645581679E-02  -3.799617244748E-03   0.000000000000E+00   1.508945569459E-02  -9.398751849145E-03   0.000000000000E+00   0.000000000000E+00   0.000000000000E+00   0.000000000000E+00   0.000000000000E+00  -4.204026662372E-02   5.501711403028E-03   0.000000000000E+00  -1.938010951649E-02   9.998586287824E-03
   0.000000000000E+00   0.000000000000E+00   0.000000000000E+00   0.000000000000E+00   0.000000000000E+00   2.002019592825E-02  -2.996021586985E-03   0.000000000000E+00   1.206660005978E-02  -7.330969878789E-03   0.000000000000E+00   0.000000000000E+00   0.000000000000E+00   0.000000000000E+00   0.000000000000E+00  -3.383397301950E-02   4.147977954924E-03   0.000000000000E+00  -1.505940965360E-02   7.597917236125E-03
   0.000000000000E+00   0.000000000000E+00   0.000000000000E+00   0.000000000000E+00   0.000000000000E+00   1.667654332516E-02  -2.350524185394E-03   0.000000000000E+00   9.602318104897E-03  -5.688915982764E-03   0.000000000000E+00   0.000000000000E+00   0.000000000000E+00   0.000000000000E+00   0.000000000000E+00  -2.697858515599E-02   3.104084624896E-03   0.000000000000E+00  -1.160890169638E-02   5.728143497714E-03
   0.000000000000E+00   0.000000000000E+00   0.000000000000E+00   0.000000000000E+00   0.000000000000E+00   1.380829389745E-02  -1.834281863524E-03   0.000000000000E+00   7.603726322308E-03  -4.391690475176E-03   0.000000000000E+00   0.000000000000E+00   0.000000000000E+00   0.000000000000E+00   0.000000000000E+00  -2.131171381785E-02   2.305353169596E-03   0.000000000000E+00  -8.877759683450E-03   4.284037291477E-03
   0.000000000000E+00   0.000000000000E+00   0.000000000000E+00   0.000000000000E+00   0.000000000000E+00   1.136176154543E-02  -1.423361755072E-03   0.000000000000E+00   5.991018927990E-03  -3.372273173651E-03   0.000000000000E+00   0.000000000000E+00   0.000000000000E+00   0.000000000000E+00   0.000000000000E+00  -1.667576153727E-02   1.699080828470E-03   0.000000000000E+00  -6.735215376356E-03   3.178328964377E-03
   0.000000000000E+00   0.000000000000E+00   0.000000000000E+00   0.000000000000E+00   0.000000000000E+00   9.287262936644E-03  -1.097946961762E-03   0.000000000000E+00   4.696273992416E-03  -2.575508205284E-03   0.000000000000E+00   0.000000000000E+00   0.000000000000E+00   0.000000000000E+00   0.000000000000E+00  -1.292228073608E-02   1.242679504500E-03   0.000000000000E+00  -5.069435193810E-03   2.339319471469E-03
   0.000000000000E+00   0.000000000000E+00   0.000000000000E+00   0.000000000000E+00   0.000000000000E+00   7.539305460992E-03  -8.416634814264E-04   0.000000000000E+00   3.662164318814E-03  -1.956280508204E-03   0.000000000000E+00   0.000000000000E+00   0.000000000000E+00   0.000000000000E+00   0.000000000000E+00  -9.914793880049E-03   9.020203983903E-04   0.000000000000E+00  -3.785993943449E-03   1.708640895659E-03
   0.000000000000E+00   0.000000000000E+00   0.000000000000E+00   0.000000000000E+00   0.000000000000E+00   6.075949449619E-03  -6.410130085294E-04   0.000000000000E+00   2.840427790085E-03  -1.477801895260E-03   0.000000000000E+00   0.000000000000E+00   0.000000000000E+00   0.000000000000E+00   0.000000000000E+00  -7.530377417054E-03   6.499827035061E-04   0.000000000000E+00  -2.806124509376E-03   1.239207398496E-03
   0.000000000000E+00   0.000000000000E+00   0.000000000000E+00   0.000000000000E+00   0.000000000000E+00   4.860574092898E-03  -4.849062941468E-04   0.000000000000E+00   2.191348801223E-03  -1.110502119033E-03   0.000000000000E+00   0.000000000000E+00   0.000000000000E+00   0.000000000000E+00   0.000000000000E+00  -5.660284393194E-03   4.651978428628E-04   0.000000000000E+00  -2.064880745482E-03   8.933781834334E-04
   0.000000000000E+00   0.000000000000E+00   0.000000000000E+00   0.000000000000E+00   0.000000000000E+00   3.857435630095E-03  -3.642533917982E-04   0.000000000000E+00   1.681020668760E-03  -8.301674499905E-04   0.000000000000E+00   0.000000000000E+00   0.000000000000E+00   0.000000000000E+00   0.000000000000E+00  -4.209847400667E-03   3.309759675717E-04   0.000000000000E+00  -1.509314500478E-03   6.413386895183E-04
   0.000000000000E+00   0.000000000000E+00   0.000000000000E+00   0.000000000000E+00   0.000000000000E+00   3.036675832710E-03  -2.716554107212E-04   0.000000000000E+00   1.282278759326E-03  -6.177141912246E-04   0.000000000000E+00   0.000000000000E+00   0.000000000000E+00   0.000000000000E+00   0.000000000000E+00  -3.097867740730E-03   2.343985677006E-04   0.000000000000E+00  -1.096737260780E-03   4.596953556915E-04
   0.000000000000E+00   0.000000000000E+00   0.000000000000E+00   0.000000000000E+00   0.000000000000E+00   2.371032022040E-03  -2.011041479660E-04   0.000000000000E+00   9.726270317478E-04  -4.578460539097E-04   0.000000000000E+00   0.000000000000E+00   0.000000000000E+00   0.000000000000E+00   0.000000000000E+00  -2.255661137561E-03   1.655596463470E-04   0.000000000000E+00  -7.931121867284E-04   3.302720116821E-04
   0.000000000000E+00   0.000000000000E+00   0.000000000000E+00   0.000000000000E+00   0.000000000000E+00   1.834805934747E-03  -1.477565448721E-04   0.000000000000E+00   7.332026940025E-04  -3.382430759789E-04   0.000000000000E+00   0.000000000000E+00   0.000000000000E+00   0.000000000000E+00   0.000000000000E+00  -1.625896867302E-03   1.169376058711E-04   0.000000000000E+00  -5.716028853246E-04   2.390914675861E-04
   0.000000000000E+00   0.000000000000E+00   0.000000000000E+00   0.000000000000E+00   0.000000000000E+00   1.407522206357E-03  -1.077393077328E-04   0.000000000000E+00   5.494059907842E-04  -2.494734949812E-04   0.000000000000E+00   0.000000000000E+00   0.000000000000E+00   0.000000000000E+00   0.000000000000E+00  -1.161336912984E-03   8.288048101195E-05   0.000000000000E+00  -4.112904915192E-04   1.755235099449E-04
   0.000000000000E+00   0.000000000000E+00   0.000000000000E+00   0.000000000000E+00   0.000000000000E+00   1.070966598204E-03  -7.796396308402E-05   0.000000000000E+00   4.093631307600E-04  -1.841122050054E-04   0.000000000000E+00   0.000000000000E+00   0.000000000000E+00   0.000000000000E+00   0.000000000000E+00  -8.235553174699E-04   5.918817272049E-05   0.000000000000E+00  -2.960598312281E-04   1.315797001811E-04
   0.000000000000E+00   0.000000000000E+00   0.000000000000E+00   0.000000000000E+00   0.000000000000E+00   8.065259171791E-04  -5.599414161484E-05   0.000000000000E+00   3.026377034583E-04  -1.360522181746E-04   0.000000000000E+00   0.000000000000E+00   0.000000000000E+00   0.000000000000E+00   0.000000000000E+00  -5.816954807325E-04   4.277668754576E-05   0.000000000000E+00  -2.136479211482E-04   1.013356517618E-04
   0.000000000000E+00   0.000000000000E+00   0.000000000000E+00   0.000000000000E+00   0.000000000000E+00   6.013155134989E-04  -3.992664713255E-05   0.000000000000E+00   2.218941957151E-04  -1.009416643519E-04   0.000000000000E+00   0.000000000000E+00   0.000000000000E+00   0.000000000000E+00   0.000000000000E+00  -4.113046520029E-04   3.141091463707E-05   0.000000000000E+00  -1.548431717510E-04   8.046247183116E-05
   0.000000000000E+00   0.000000000000E+00   0.000000000000E+00   0.000000000000E+00   0.000000000000E+00   4.442285071918E-04  -2.827992773518E-05   0.000000000000E+00   1.612781471971E-04  -7.543196866770E-05   0.000000000000E+00   0.000000000000E+00   0.000000000000E+00   0.000000000000E+00   0.000000000000E+00  -2.932700346379E-04   2.349405996347E-05   0.000000000000E+00  -1.128208165666E-04   6.585051148067E-05
   0.000000000000E+00   0.000000000000E+00   0.000000000000E+00   0.000000000000E+00   0.000000000000E+00   3.248819709321E-04  -1.991226946845E-05   0.000000000000E+00   1.158713559732E-04  -5.687105553037E-05   0.000000000000E+00   0.000000000000E+00   0.000000000000E+00   0.000000000000E+00   0.000000000000E+00  -2.128693744270E-04   1.790342172451E-05   0.000000000000E+00  -8.259878733526E-05   5.531026636738E-05
   0.000000000000E+00   0.000000000000E+00   0.000000000000E+00   0.000000000000E+00   0.000000000000E+00   2.353801957736E-04  -1.395379370730E-05   0.000000000000E+00   8.206161364530E-05  -4.334748125551E-05   0.000000000000E+00   0.000000000000E+00   0.000000000000E+00   0.000000000000E+00   0.000000000000E+00  -1.589402093520E-04   1.386367538327E-05   0.000000000000E+00  -6.059806788541E-05   4.733705391884E-05
   0.000000000000E+00   0.000000000000E+00   0.000000000000E+00   0.000000000000E+00   0.000000000000E+00   1.690990564966E-04  -9.746196396409E-06   0.000000000000E+00   5.701422036162E-05  -3.342851190970E-05   0.000000000000E+00   0.000000000000E+00   0.000000000000E+00   0.000000000000E+00   0.000000000000E+00  -1.231656754222E-04   1.085020537783E-05   0.000000000000E+00  -4.429214511379E-05   4.092785854060E-05
   0.000000000000E+00   0.000000000000E+00   0.000000000000E+00   0.000000000000E+00   0.000000000000E+00   1.206172957273E-04  -6.797206702916E-06   0.000000000000E+00   3.854156940099E-05  -2.606019877306E-05   0.000000000000E+00   0.000000000000E+00   0.000000000000E+00   0.000000000000E+00   0.000000000000E+00  -9.947045894028E-05   8.516253393034E-06   0.000000000000E+00  -3.193126047406E-05   3.544041150980E-05
   0.000000000000E+00   0.000000000000E+00   0.000000000000E+00   0.000000000000E+00   0.000000000000E+00   8.550898597508E-05  -4.742509644861E-06   0.000000000000E+00   2.495706618938E-05  -2.047367854707E-05   0.000000000000E+00   0.000000000000E+00   0.000000000000E+00   0.000000000000E+00   0.000000000000E+00  -8.351776350633E-05   6.638742325413E-06   0.000000000000E+00  -2.232854050592E-05   3.048611462710E-05
   0.000000000000E+00   0.000000000000E+00   0.000000000000E+00   0.000000000000E+00   0.000000000000E+00   6.049419793874E-05  -3.315916901897E-06   0.000000000000E+00   1.504785946669E-05  -1.614260539051E-05   0.000000000000E+00   0.000000000000E+00   0.000000000000E+00   0.000000000000E+00   0.000000000000E+00  -7.229666621505E-05   5.078581239683E-06   0.000000000000E+00  -1.469659341979E-05   2.584980309469E-05
   0.000000000000E+00   0.000000000000E+00   0.000000000000E+00   0.000000000000E+00   0.000000000000E+00   4.288321306234E-05  -2.325072457271E-06   0.000000000000E+00   7.869362287792E-06  -1.268756019388E-05   0.000000000000E+00   0.000000000000E+00   0.000000000000E+00   0.000000000000E+00   0.000000000000E+00  -6.378866698601E-05   3.752066315734E-06   0.000000000000E+00  -8.524688550161E-06   2.143056532812E-05
   0.000000000000E+00   0.000000000000E+00   0.000000000000E+00   0.000000000000E+00   0.000000000000E+00   3.068952703955E-05  -1.633271406629E-06   0.000000000000E+00   2.739252804756E-06  -9.855759853013E-06   0.000000000000E+00   0.000000000000E+00   0.000000000000E+00   0.000000000000E+00   0.000000000000E+00  -5.670233148858E-05   2.610676276853E-06   0.000000000000E+00  -3.488109456240E-06   1.719889719114E-05
   0.000000000000E+00   0.000000000000E+00   0.000000000000E+00   0.000000000000E+00   0.000000000000E+00   2.230205703857E-05  -1.144467226948E-06   0.000000000000E+00  -8.752613817468E-07  -7.469208856668E-06   0.000000000000E+00   0.000000000000E+00   0.000000000000E+00   0.000000000000E+00   0.000000000000E+00  -5.026548245025E-05   1.627130341775E-06   0.000000000000E+00   6.173597417881E-07   1.316637388159E-05
   0.000000000000E+00   0.000000000000E+00   0.000000000000E+00   0.000000000000E+00   0.000000000000E+00   1.658934750899E-05  -7.926283599278E-07   0.000000000000E+00  -3.350173176913E-06  -5.417176928780E-06   0.000000000000E+00   0.000000000000E+00   0.000000000000E+00   0.000000000000E+00   0.000000000000E+00  -4.406523951043E-05   7.860456265024E-07   0.000000000000E+00   3.921620026887E-06   9.364786721548E-06
   0.000000000000E+00   0.000000000000E+00   0.000000000000E+00   0.000000000000E+00   0.000000000000E+00   1.269679194165E-05  -5.330897367808E-07   0.000000000000E+00  -4.969817954376E-06  -3.627356311003E-06   0.000000000000E+00   0.000000000000E+00   0.000000000000E+00   0.000000000000E+00   0.000000000000E+00  -3.792721587501E-05   7.791247382712E-08   0.000000000000E+00   6.511831442449E-06   5.832329053233E-06
   0.000000000000E+00   0.000000000000E+00   0.000000000000E+00   0.000000000000E+00   0.000000000000E+00   1.001261595924E-05  -3.361617175458E-07   0.000000000000E+00  -5.944348805908E-06  -2.055191931106E-06   0.000000000000E+00   0.000000000000E+00   0.000000000000E+00   0.000000000000E+00   0.000000000000E+00  -3.182625428173E-05  -5.045870169063E-07   0.000000000000E+00   8.453150823696E-06   2.604940435457E-06
   0.000000000000E+00   0.000000000000E+00   0.000000000000E+00   0.000000000000E+00   0.000000000000E+00   8.104300921936E-06  -1.830992218246E-07   0.000000000000E+00  -6.430902910973E-06  -6.734885950995E-07   0.000000000000E+00   0.000000000000E+00   0.000000000000E+00   0.000000000000E+00   0.000000000000E+00  -2.582215578528E-05  -9.686480928298E-07   0.000000000000E+00   9.801610408136E-06  -2.886535618027E-07


Spline
12 0.0553585
112.9353346817185 2.801373701455403 -0.1119994835253462
0.035 0.0375    0.204206 -35.71077211012958 2016.504000000031 24177.93762071238
0.0375 0.04    0.12791 -25.17491577974109 2197.838532155373 -120889.6881035729
0.04 0.0425    0.07682029999999999 -16.45240477090621 1291.165871378576 -57585.58520643491
0.0425 0.045    0.0428593 -11.07630513663398 859.2739823303137 16659.22892930921
0.045 0.04533    0.0207993 -6.467574682557872 984.2181993001326 -2167173.572075024
0.04533 0.045334    0.0186943 -6.526006277016704 -1161.283637054166 353213222.4907721
0.045334 0.046259    0.0186682 -6.518342311433599 3077.275032831984 -1324559.571220061
0.046259 0.047184    0.0142234 -4.225362350069925 -598.3777773036936 561811.1110751317
0.047184 0.0493131    0.0102476 -3.890262342340788 960.6480559297889 -100763.5210502349
0.0493131 0.0503195    0.00534702 -1.169934109375229 317.0412179256228 -143026.9144497911
0.0503195 0.0513259    0.00434492 -0.9663840979460291 -114.7856421811885 10348.58893883691
0.0513259 0.0553585    0.00326664 -1.165980214261954 -83.5411824570522 -5782.515169399558 27636944.82683195 -3877959552.095367

This SPLINE is just a DUMMY-SPLINE!!!!!!!!!!!!!!!

