0.200000 46
   0.000000000000E+00 0.0 0.0 0.0 0.0 0.0 0.0 0.0 0.0 0.0 0.0 0.0 0.0 0.0 0.0 0.0 0.0 0.0 0.0 0.0
   0.000000000000E+00   0.000000000000E+00   0.000000000000E+00   0.000000000000E+00   0.000000000000E+00   0.000000000000E+00   0.000000000000E+00   0.000000000000E+00   0.000000000000E+00   0.000000000000E+00   0.000000000000E+00   0.000000000000E+00   0.000000000000E+00   0.000000000000E+00   0.000000000000E+00   0.000000000000E+00   0.000000000000E+00   0.000000000000E+00   0.000000000000E+00   0.000000000000E+00
   0.000000000000E+00   0.000000000000E+00   0.000000000000E+00   0.000000000000E+00   0.000000000000E+00  -7.017440796527E-01  -9.734954386954E-01   0.000000000000E+00  -3.267723922166E-01  -8.517453682889E-01   0.000000000000E+00   0.000000000000E+00   0.000000000000E+00   0.000000000000E+00   0.000000000000E+00   7.929223104472E-01   8.940218990384E-01   0.000000000000E+00  -7.860609129656E-02   8.873992848684E-01
   0.000000000000E+00   0.000000000000E+00   0.000000000000E+00   0.000000000000E+00   0.000000000000E+00  -3.893257088786E-01  -8.288903329260E-01   0.000000000000E+00  -1.745978923039E-01  -5.463506073678E-01   0.000000000000E+00   0.000000000000E+00   0.000000000000E+00   0.000000000000E+00   0.000000000000E+00   6.305587702156E-01   8.342657864078E-01   0.000000000000E+00  -1.393229800766E-01   8.301494897213E-01
   0.000000000000E+00   0.000000000000E+00   0.000000000000E+00   0.000000000000E+00   0.000000000000E+00  -1.395238009574E-01  -6.855975554287E-01   0.000000000000E+00   6.301343819612E-03  -4.457934026260E-01   0.000000000000E+00   0.000000000000E+00   0.000000000000E+00   0.000000000000E+00   0.000000000000E+00   4.445384815232E-01   7.603294019162E-01   0.000000000000E+00  -2.049261900544E-01   7.760990537399E-01
   0.000000000000E+00   0.000000000000E+00   0.000000000000E+00   0.000000000000E+00   0.000000000000E+00   3.156463371831E-02  -5.575964925588E-01   0.000000000000E+00   1.522033909185E-01  -4.273602021168E-01   0.000000000000E+00   0.000000000000E+00   0.000000000000E+00   0.000000000000E+00   0.000000000000E+00   2.570498045359E-01   6.782895318831E-01   0.000000000000E+00  -2.655738196366E-01   7.245318733224E-01
   0.000000000000E+00   0.000000000000E+00   0.000000000000E+00   0.000000000000E+00   0.000000000000E+00   1.354950534029E-01  -4.495098998367E-01   0.000000000000E+00   2.474523446010E-01  -4.270203647627E-01   0.000000000000E+00   0.000000000000E+00   0.000000000000E+00   0.000000000000E+00   0.000000000000E+00   8.481892445058E-02   5.934281074610E-01   0.000000000000E+00  -3.142394461662E-01   6.727830935318E-01
   0.000000000000E+00   0.000000000000E+00   0.000000000000E+00   0.000000000000E+00   0.000000000000E+00   1.907318504870E-01  -3.611054003194E-01   0.000000000000E+00   2.976371127363E-01  -4.201114926167E-01   0.000000000000E+00   0.000000000000E+00   0.000000000000E+00   0.000000000000E+00   0.000000000000E+00  -6.123837710554E-02   5.099814485463E-01   0.000000000000E+00  -3.471747121874E-01   6.188705924717E-01
   0.000000000000E+00   0.000000000000E+00   0.000000000000E+00   0.000000000000E+00   0.000000000000E+00   2.142099939232E-01  -2.900213665150E-01   0.000000000000E+00   3.144559569534E-01  -4.011534477481E-01   0.000000000000E+00   0.000000000000E+00   0.000000000000E+00   0.000000000000E+00   0.000000000000E+00  -1.755627310454E-01   4.310899112163E-01   0.000000000000E+00  -3.633444011020E-01   5.621634845825E-01
   0.000000000000E+00   0.000000000000E+00   0.000000000000E+00   0.000000000000E+00   0.000000000000E+00   2.188763610484E-01  -2.332683102113E-01   0.000000000000E+00   3.093398645612E-01  -3.721674228478E-01   0.000000000000E+00   0.000000000000E+00   0.000000000000E+00   0.000000000000E+00   0.000000000000E+00  -2.570412613961E-01   3.588588671416E-01   0.000000000000E+00  -3.637264799291E-01   5.032323630980E-01
   0.000000000000E+00   0.000000000000E+00   0.000000000000E+00   0.000000000000E+00   0.000000000000E+00   2.133503427730E-01  -1.879752080751E-01   0.000000000000E+00   2.911742810627E-01  -3.370208392738E-01   0.000000000000E+00   0.000000000000E+00   0.000000000000E+00   0.000000000000E+00   0.000000000000E+00  -3.078428245596E-01   2.944885235666E-01   0.000000000000E+00  -3.506576022789E-01   4.434285808084E-01
   0.000000000000E+00   0.000000000000E+00   0.000000000000E+00   0.000000000000E+00   0.000000000000E+00   2.027607239679E-01  -1.516960963948E-01   0.000000000000E+00   2.660848512710E-01  -2.992131035304E-01   0.000000000000E+00   0.000000000000E+00   0.000000000000E+00   0.000000000000E+00   0.000000000000E+00  -3.322070022650E-01   2.384424845540E-01   0.000000000000E+00  -3.272284746386E-01   3.844394991721E-01
   0.000000000000E+00   0.000000000000E+00   0.000000000000E+00   0.000000000000E+00   0.000000000000E+00   1.898609948999E-01  -1.224776690475E-01   0.000000000000E+00   2.380059472422E-01  -2.613081017121E-01   0.000000000000E+00   0.000000000000E+00   0.000000000000E+00   0.000000000000E+00   0.000000000000E+00  -3.353679834488E-01   1.906283653167E-01   0.000000000000E+00  -2.967535301704E-01   3.279274614796E-01
   0.000000000000E+00   0.000000000000E+00   0.000000000000E+00   0.000000000000E+00   0.000000000000E+00   1.759829224983E-01  -9.881427495603E-02   0.000000000000E+00   2.093577131441E-01  -2.249885016396E-01   0.000000000000E+00   0.000000000000E+00   0.000000000000E+00   0.000000000000E+00   0.000000000000E+00  -3.227212184563E-01   1.505689105327E-01   0.000000000000E+00  -2.623579880507E-01   2.752889612245E-01
   0.000000000000E+00   0.000000000000E+00   0.000000000000E+00   0.000000000000E+00   0.000000000000E+00   1.617182900043E-01  -7.956332610704E-02   0.000000000000E+00   1.815926492186E-01  -1.912710517029E-01   0.000000000000E+00   0.000000000000E+00   0.000000000000E+00   0.000000000000E+00   0.000000000000E+00  -2.992620296132E-01   1.175495623267E-01   0.000000000000E+00  -2.267082629725E-01   2.275309520521E-01
   0.000000000000E+00   0.000000000000E+00   0.000000000000E+00   0.000000000000E+00   0.000000000000E+00   1.473427363691E-01  -6.385805623485E-02   0.000000000000E+00   1.555671855583E-01  -1.607108198966E-01   0.000000000000E+00   0.000000000000E+00   0.000000000000E+00   0.000000000000E+00   0.000000000000E+00  -2.692690020907E-01   9.073601214934E-02   0.000000000000E+00  -1.918812651371E-01   1.852411268805E-01
   0.000000000000E+00   0.000000000000E+00   0.000000000000E+00   0.000000000000E+00   0.000000000000E+00   1.330347283126E-01  -5.103352808311E-02   0.000000000000E+00   1.317651133939E-01  -1.335493088318E-01   0.000000000000E+00   0.000000000000E+00   0.000000000000E+00   0.000000000000E+00   0.000000000000E+00  -2.361772436258E-01   6.926120876459E-02   0.000000000000E+00  -1.593450634212E-01   1.486222127786E-01
   0.000000000000E+00   0.000000000000E+00   0.000000000000E+00   0.000000000000E+00   0.000000000000E+00   1.189599182183E-01  -4.057044484732E-02   0.000000000000E+00   1.104230059941E-01  -1.098123878452E-01   0.000000000000E+00   0.000000000000E+00   0.000000000000E+00   0.000000000000E+00   0.000000000000E+00  -2.025813524568E-01   5.228501440598E-02   0.000000000000E+00  -1.300141845170E-01   1.175619872939E-01
   0.000000000000E+00   0.000000000000E+00   0.000000000000E+00   0.000000000000E+00   0.000000000000E+00   1.052890238005E-01  -3.205507309799E-02   0.000000000000E+00   9.160496149084E-02  -8.937758099888E-02   0.000000000000E+00   0.000000000000E+00   0.000000000000E+00   0.000000000000E+00   0.000000000000E+00  -1.703156799926E-01   3.903144888448E-02   0.000000000000E+00  -1.043448219284E-01   9.171663487747E-02
   0.000000000000E+00   0.000000000000E+00   0.000000000000E+00   0.000000000000E+00   0.000000000000E+00   9.219186960773E-02  -2.515163251887E-02   0.000000000000E+00   7.525446337204E-02  -7.202446371252E-02   0.000000000000E+00   0.000000000000E+00   0.000000000000E+00   0.000000000000E+00   0.000000000000E+00  -1.405722484901E-01   2.880881264332E-02   0.000000000000E+00  -8.244307189778E-02   7.059215381665E-02
   0.000000000000E+00   0.000000000000E+00   0.000000000000E+00   0.000000000000E+00   0.000000000000E+00   7.982568291266E-02  -1.958333828740E-02   0.000000000000E+00   6.123399578105E-02  -5.747364562224E-02   0.000000000000E+00   0.000000000000E+00   0.000000000000E+00   0.000000000000E+00   0.000000000000E+00  -1.140294955739E-01   2.101751864323E-02   0.000000000000E+00  -6.416852982070E-02   5.361495595248E-02
   0.000000000000E+00   0.000000000000E+00   0.000000000000E+00   0.000000000000E+00   0.000000000000E+00   6.832344916294E-02  -1.511937161496E-02   0.000000000000E+00   4.935560810693E-02  -4.541658407820E-02   0.000000000000E+00   0.000000000000E+00   0.000000000000E+00   0.000000000000E+00   0.000000000000E+00  -9.097553330683E-02   1.514963896247E-02   0.000000000000E+00  -4.922360045962E-02   4.018776139757E-02
   0.000000000000E+00   0.000000000000E+00   0.000000000000E+00   0.000000000000E+00   0.000000000000E+00   5.778518883865E-02  -1.156585804835E-02   0.000000000000E+00   3.940408632130E-02  -3.553767457855E-02   0.000000000000E+00   0.000000000000E+00   0.000000000000E+00   0.000000000000E+00   0.000000000000E+00  -7.141724415568E-02   1.078327255725E-02   0.000000000000E+00  -3.722474145730E-02   2.973024629064E-02
   0.000000000000E+00   0.000000000000E+00   0.000000000000E+00   0.000000000000E+00   0.000000000000E+00   4.827356134228E-02  -8.759416230737E-03   0.000000000000E+00   3.115426765871E-02  -2.753009981225E-02   0.000000000000E+00   0.000000000000E+00   0.000000000000E+00   0.000000000000E+00   0.000000000000E+00  -5.517159583723E-02   7.574019136707E-03   0.000000000000E+00  -2.775558918390E-02   2.170587742049E-02
   0.000000000000E+00   0.000000000000E+00   0.000000000000E+00   0.000000000000E+00   0.000000000000E+00   3.981430368724E-02  -6.562379232900E-03   0.000000000000E+00   2.438383299051E-02  -2.110671925245E-02   0.000000000000E+00   0.000000000000E+00   0.000000000000E+00   0.000000000000E+00   0.000000000000E+00  -4.193865525731E-02   5.245162965908E-03   0.000000000000E+00  -2.040395032372E-02   1.563731335618E-02
   0.000000000000E+00   0.000000000000E+00   0.000000000000E+00   0.000000000000E+00   0.000000000000E+00   3.240049587943E-02  -4.859023351885E-03   0.000000000000E+00   1.888234500372E-02  -1.600689877725E-02   0.000000000000E+00   0.000000000000E+00   0.000000000000E+00   0.000000000000E+00   0.000000000000E+00  -3.135752645898E-02   3.577639467763E-03   0.000000000000E+00  -1.478550778119E-02   1.111301125011E-02
   0.000000000000E+00   0.000000000000E+00   0.000000000000E+00   0.000000000000E+00   0.000000000000E+00   2.599858881752E-02  -3.552429112045E-03   0.000000000000E+00   1.445686342591E-02  -1.199989988363E-02   0.000000000000E+00   0.000000000000E+00   0.000000000000E+00   0.000000000000E+00   0.000000000000E+00  -2.304730888077E-02   2.400461329422E-03   0.000000000000E+00  -1.055723597766E-02   7.787530879744E-03
   0.000000000000E+00   0.000000000000E+00   0.000000000000E+00   0.000000000000E+00   0.000000000000E+00   2.055430239704E-02  -2.561828009790E-03   0.000000000000E+00   1.093451878000E-02  -8.885476224442E-03   0.000000000000E+00   0.000000000000E+00   0.000000000000E+00   0.000000000000E+00   0.000000000000E+00  -1.663550600498E-02   1.581995225278E-03   0.000000000000E+00  -7.423276710362E-03   5.377674009302E-03
   0.000000000000E+00   0.000000000000E+00   0.000000000000E+00   0.000000000000E+00   0.000000000000E+00   1.599774798007E-02  -1.820310657412E-03   0.000000000000E+00   8.162886321846E-03  -6.492526922747E-03   0.000000000000E+00   0.000000000000E+00   0.000000000000E+00   0.000000000000E+00   0.000000000000E+00  -1.177632890101E-02   1.022280764299E-03   0.000000000000E+00  -5.135607048867E-03   3.656169778811E-03
   0.000000000000E+00   0.000000000000E+00   0.000000000000E+00   0.000000000000E+00   0.000000000000E+00   1.224687954888E-02  -1.272865600712E-03   0.000000000000E+00   6.008609552667E-03  -4.676383725023E-03   0.000000000000E+00   0.000000000000E+00   0.000000000000E+00   0.000000000000E+00   0.000000000000E+00  -8.161171017767E-03   6.464486368088E-04   0.000000000000E+00  -3.491363510447E-03   2.444194409229E-03
   0.000000000000E+00   0.000000000000E+00   0.000000000000E+00   0.000000000000E+00   0.000000000000E+00   9.213218249993E-03  -8.746974810018E-04   0.000000000000E+00   4.356732636372E-03  -3.316414139218E-03   0.000000000000E+00   0.000000000000E+00   0.000000000000E+00   0.000000000000E+00   0.000000000000E+00  -5.523265191594E-03   3.992081043180E-04   0.000000000000E+00  -2.328241867468E-03   1.603637795036E-03
   0.000000000000E+00   0.000000000000E+00   0.000000000000E+00   0.000000000000E+00   0.000000000000E+00   6.803402297116E-03  -5.897427486206E-04   0.000000000000E+00   3.108042492863E-03  -2.312473704639E-03   0.000000000000E+00   0.000000000000E+00   0.000000000000E+00   0.000000000000E+00   0.000000000000E+00  -3.638225516064E-03   2.403217234249E-04   0.000000000000E+00  -1.519002832119E-03   1.029718248524E-03
   0.000000000000E+00   0.000000000000E+00   0.000000000000E+00   0.000000000000E+00   0.000000000000E+00   4.925004246234E-03  -3.893621930652E-04   0.000000000000E+00   2.178570887080E-03  -1.582761630840E-03   0.000000000000E+00   0.000000000000E+00   0.000000000000E+00   0.000000000000E+00   0.000000000000E+00  -2.321860889498E-03   1.409574645690E-04   0.000000000000E+00  -9.657925609485E-04   6.443029368252E-04
   0.000000000000E+00   0.000000000000E+00   0.000000000000E+00   0.000000000000E+00   0.000000000000E+00   3.487236303862E-03  -2.511352394881E-04   0.000000000000E+00   1.497037498920E-03  -1.060665905328E-03   0.000000000000E+00   0.000000000000E+00   0.000000000000E+00   0.000000000000E+00   0.000000000000E+00  -1.426346902073E-03   8.079759858180E-05   0.000000000000E+00  -5.947335537178E-04   3.901105166181E-04
   0.000000000000E+00   0.000000000000E+00   0.000000000000E+00   0.000000000000E+00   0.000000000000E+00   2.410132852038E-03  -1.578189130940E-04   0.000000000000E+00   1.006324452062E-03  -6.940499474350E-04   0.000000000000E+00   0.000000000000E+00   0.000000000000E+00   0.000000000000E+00   0.000000000000E+00  -8.355727608916E-04   4.578420247693E-05   0.000000000000E+00  -3.510500573098E-04   2.258453205504E-04
   0.000000000000E+00   0.000000000000E+00   0.000000000000E+00   0.000000000000E+00   0.000000000000E+00   1.621108055958E-03  -9.633063939466E-05   0.000000000000E+00   6.597092305061E-04  -4.417860678811E-04   0.000000000000E+00   0.000000000000E+00   0.000000000000E+00   0.000000000000E+00   0.000000000000E+00  -4.602481248797E-04   2.638867224500E-05   0.000000000000E+00  -1.948537056648E-04   1.222290555515E-04
   0.000000000000E+00   0.000000000000E+00   0.000000000000E+00   0.000000000000E+00   0.000000000000E+00   1.054950711989E-03  -5.694361857063E-05   0.000000000000E+00   4.191234790789E-04  -2.716929102314E-04   0.000000000000E+00   0.000000000000E+00   0.000000000000E+00   0.000000000000E+00   0.000000000000E+00  -2.331639308738E-04   1.630415407140E-05   0.000000000000E+00  -9.762018016068E-05   5.884639424904E-05
   0.000000000000E+00   0.000000000000E+00   0.000000000000E+00   0.000000000000E+00   0.000000000000E+00   6.606840962677E-04  -3.255215829552E-05   0.000000000000E+00   2.564163642104E-04  -1.602068456960E-04   0.000000000000E+00   0.000000000000E+00   0.000000000000E+00   0.000000000000E+00   0.000000000000E+00  -1.048507002052E-04   1.147313415699E-05   0.000000000000E+00  -3.932681184326E-05   2.169614544237E-05
   0.000000000000E+00   0.000000000000E+00   0.000000000000E+00   0.000000000000E+00   0.000000000000E+00   3.935511303512E-04  -1.806519552013E-05   0.000000000000E+00   1.489063503320E-04  -8.921545063205E-05   0.000000000000E+00   0.000000000000E+00   0.000000000000E+00   0.000000000000E+00   0.000000000000E+00  -3.976403327353E-05   9.376068328500E-06   0.000000000000E+00  -6.185840856561E-06   1.332334538236E-06
   0.000000000000E+00   0.000000000000E+00   0.000000000000E+00   0.000000000000E+00   0.000000000000E+00   2.194375975172E-04  -9.910101989555E-06   0.000000000000E+00   8.020112423572E-05  -4.581842325957E-05   0.000000000000E+00   0.000000000000E+00   0.000000000000E+00   0.000000000000E+00   0.000000000000E+00  -1.304513477231E-05   8.519922613068E-06   0.000000000000E+00   1.110869672316E-05  -8.516544186638E-06
   0.000000000000E+00   0.000000000000E+00   0.000000000000E+00   0.000000000000E+00   0.000000000000E+00   1.112746095670E-04  -5.640789605553E-06   0.000000000000E+00   3.806486373638E-05  -2.069358227801E-05   0.000000000000E+00   0.000000000000E+00   0.000000000000E+00   0.000000000000E+00   0.000000000000E+00  -7.848722167011E-06   8.077268332732E-06   0.000000000000E+00   1.870664068903E-05  -1.195126055563E-05
   0.000000000000E+00   0.000000000000E+00   0.000000000000E+00   0.000000000000E+00   0.000000000000E+00   4.839827526461E-05  -3.629060015524E-06   0.000000000000E+00   1.365024100145E-05  -7.294793573454E-06   0.000000000000E+00   0.000000000000E+00   0.000000000000E+00   0.000000000000E+00   0.000000000000E+00  -1.319600796770E-05   7.636851956361E-06   0.000000000000E+00   2.058227957418E-05  -1.161587288531E-05
   0.000000000000E+00   0.000000000000E+00   0.000000000000E+00   0.000000000000E+00   0.000000000000E+00   1.545493721317E-05  -2.830072147271E-06   0.000000000000E+00   7.019582874787E-07  -1.133474187443E-06   0.000000000000E+00   0.000000000000E+00   0.000000000000E+00   0.000000000000E+00   0.000000000000E+00  -2.229149551407E-05   7.035263167361E-06   0.000000000000E+00   1.924375697498E-05  -9.194561118683E-06
   0.000000000000E+00   0.000000000000E+00   0.000000000000E+00   0.000000000000E+00   0.000000000000E+00   1.305399173041E-06  -2.596954974585E-06   0.000000000000E+00  -5.114781330784E-06   7.962511034364E-07   0.000000000000E+00   0.000000000000E+00   0.000000000000E+00   0.000000000000E+00   0.000000000000E+00  -3.123465336987E-05   6.246507996007E-06   0.000000000000E+00   1.623471543842E-05  -5.749557017602E-06
   0.000000000000E+00   0.000000000000E+00   0.000000000000E+00   0.000000000000E+00   0.000000000000E+00  -1.824821907993E-06  -2.558708301186E-06   0.000000000000E+00  -6.708524459887E-06   4.443178305852E-07   0.000000000000E+00   0.000000000000E+00   0.000000000000E+00   0.000000000000E+00   0.000000000000E+00  -3.805748532785E-05   5.312089511325E-06   0.000000000000E+00   1.248058545528E-05  -1.945657098917E-06
   0.000000000000E+00   0.000000000000E+00   0.000000000000E+00   0.000000000000E+00   0.000000000000E+00   7.820869514557E-07  -2.520279434668E-06   0.000000000000E+00  -5.992566970290E-06  -9.654173232311E-07   0.000000000000E+00   0.000000000000E+00   0.000000000000E+00   0.000000000000E+00   0.000000000000E+00  -4.202372912000E-05   4.298778623316E-06   0.000000000000E+00   8.521493107676E-06   1.804161082760E-06
   0.000000000000E+00   0.000000000000E+00   0.000000000000E+00   0.000000000000E+00   0.000000000000E+00   5.700349569394E-06  -2.396499212326E-06   0.000000000000E+00  -4.179777728726E-06  -2.699601482414E-06   0.000000000000E+00   0.000000000000E+00   0.000000000000E+00   0.000000000000E+00   0.000000000000E+00  -4.313275460212E-05   3.274807202521E-06   0.000000000000E+00   4.664462243005E-06   5.246524252391E-06


Spline
12 0.0553585
112.9353346817185 2.801373701455403 -0.1119994835253462
0.035 0.0375    0.204206 -35.71077211012958 2016.504000000031 24177.93762071238
0.0375 0.04    0.12791 -25.17491577974109 2197.838532155373 -120889.6881035729
0.04 0.0425    0.07682029999999999 -16.45240477090621 1291.165871378576 -57585.58520643491
0.0425 0.045    0.0428593 -11.07630513663398 859.2739823303137 16659.22892930921
0.045 0.04533    0.0207993 -6.467574682557872 984.2181993001326 -2167173.572075024
0.04533 0.045334    0.0186943 -6.526006277016704 -1161.283637054166 353213222.4907721
0.045334 0.046259    0.0186682 -6.518342311433599 3077.275032831984 -1324559.571220061
0.046259 0.047184    0.0142234 -4.225362350069925 -598.3777773036936 561811.1110751317
0.047184 0.0493131    0.0102476 -3.890262342340788 960.6480559297889 -100763.5210502349
0.0493131 0.0503195    0.00534702 -1.169934109375229 317.0412179256228 -143026.9144497911
0.0503195 0.0513259    0.00434492 -0.9663840979460291 -114.7856421811885 10348.58893883691
0.0513259 0.0553585    0.00326664 -1.165980214261954 -83.5411824570522 -5782.515169399558 27636944.82683195 -3877959552.095367

This SPLINE is just a DUMMY-SPLINE!!!!!!!!!!!!!!!

