0.200000 51
   0.000000000000E+00 0.0 0.0 0.0 0.0 0.0 0.0 0.0 0.0 0.0 0.0 0.0 0.0 0.0 0.0 0.0 0.0 0.0 0.0 0.0
   0.000000000000E+00   0.000000000000E+00   0.000000000000E+00   0.000000000000E+00   0.000000000000E+00   0.000000000000E+00   0.000000000000E+00   0.000000000000E+00   0.000000000000E+00   0.000000000000E+00   0.000000000000E+00   0.000000000000E+00   0.000000000000E+00   0.000000000000E+00   0.000000000000E+00   0.000000000000E+00   0.000000000000E+00   0.000000000000E+00   0.000000000000E+00   0.000000000000E+00
   0.000000000000E+00   0.000000000000E+00   0.000000000000E+00   0.000000000000E+00   0.000000000000E+00  -7.916957946273E-01  -1.048253355034E+00   0.000000000000E+00  -2.538214426667E-01  -9.977335060081E-01   0.000000000000E+00   0.000000000000E+00   0.000000000000E+00   0.000000000000E+00   0.000000000000E+00   8.485597834137E-01   9.361352401644E-01   0.000000000000E+00  -1.115997667592E-01   9.247999740275E-01
   0.000000000000E+00   0.000000000000E+00   0.000000000000E+00   0.000000000000E+00   0.000000000000E+00  -4.841888324342E-01  -9.100008872521E-01   0.000000000000E+00  -1.049939091973E-01  -7.172689264818E-01   0.000000000000E+00   0.000000000000E+00   0.000000000000E+00   0.000000000000E+00   0.000000000000E+00   7.063880083212E-01   8.841817343783E-01   0.000000000000E+00  -1.833618613344E-01   8.751403593881E-01
   0.000000000000E+00   0.000000000000E+00   0.000000000000E+00   0.000000000000E+00   0.000000000000E+00  -2.244965056413E-01  -7.692227680221E-01   0.000000000000E+00   7.089121975923E-02  -6.162164150997E-01   0.000000000000E+00   0.000000000000E+00   0.000000000000E+00   0.000000000000E+00   0.000000000000E+00   5.406600659834E-01   8.193069279806E-01   0.000000000000E+00  -2.569997213617E-01   8.276465302105E-01
   0.000000000000E+00   0.000000000000E+00   0.000000000000E+00   0.000000000000E+00   0.000000000000E+00  -3.341885783203E-02  -6.396669972270E-01   0.000000000000E+00   2.161815437282E-01  -5.876617273230E-01   0.000000000000E+00   0.000000000000E+00   0.000000000000E+00   0.000000000000E+00   0.000000000000E+00   3.692556551880E-01   7.464045337518E-01   0.000000000000E+00  -3.238411703901E-01   7.814064787772E-01
   0.000000000000E+00   0.000000000000E+00   0.000000000000E+00   0.000000000000E+00   0.000000000000E+00   9.416349499875E-02  -5.268462441043E-01   0.000000000000E+00   3.144051863417E-01  -5.746568477148E-01   0.000000000000E+00   0.000000000000E+00   0.000000000000E+00   0.000000000000E+00   0.000000000000E+00   2.057682785613E-01   6.697379723447E-01   0.000000000000E+00  -3.776121534045E-01   7.339591816852E-01
   0.000000000000E+00   0.000000000000E+00   0.000000000000E+00   0.000000000000E+00   0.000000000000E+00   1.718487794815E-01  -4.317214987668E-01   0.000000000000E+00   3.686942692675E-01  -5.549103660470E-01   0.000000000000E+00   0.000000000000E+00   0.000000000000E+00   0.000000000000E+00   0.000000000000E+00   5.938511501474E-02   5.927576511055E-01   0.000000000000E+00  -4.150461226327E-01   6.836139908074E-01
   0.000000000000E+00   0.000000000000E+00   0.000000000000E+00   0.000000000000E+00   0.000000000000E+00   2.137895889351E-01  -3.530148188155E-01   0.000000000000E+00   3.887898409916E-01  -5.234699246209E-01   0.000000000000E+00   0.000000000000E+00   0.000000000000E+00   0.000000000000E+00   0.000000000000E+00  -6.454758569566E-02   5.180894269416E-01   0.000000000000E+00  -4.354804110216E-01   6.299482688680E-01
   0.000000000000E+00   0.000000000000E+00   0.000000000000E+00   0.000000000000E+00   0.000000000000E+00   2.319693031634E-01  -2.885447339322E-01   0.000000000000E+00   3.851334147747E-01  -4.824129097396E-01   0.000000000000E+00   0.000000000000E+00   0.000000000000E+00   0.000000000000E+00   0.000000000000E+00  -1.637350508914E-01   4.476090991055E-01   0.000000000000E+00  -4.400886892270E-01   5.735746222460E-01
   0.000000000000E+00   0.000000000000E+00   0.000000000000E+00   0.000000000000E+00   0.000000000000E+00   2.352673699598E-01  -2.359559887465E-01   0.000000000000E+00   3.664323208928E-01  -4.356831250550E-01   0.000000000000E+00   0.000000000000E+00   0.000000000000E+00   0.000000000000E+00   0.000000000000E+00  -2.381537986788E-01   3.825519051907E-01   0.000000000000E+00  -4.311246840887E-01   5.157258196177E-01
   0.000000000000E+00   0.000000000000E+00   0.000000000000E+00   0.000000000000E+00   0.000000000000E+00   2.296697086864E-01  -1.930771140033E-01   0.000000000000E+00   3.390855514088E-01  -3.869260652064E-01   0.000000000000E+00   0.000000000000E+00   0.000000000000E+00   0.000000000000E+00   0.000000000000E+00  -2.893692960690E-01   3.236290835957E-01   0.000000000000E+00  -4.113347099033E-01   4.578784110515E-01
   0.000000000000E+00   0.000000000000E+00   0.000000000000E+00   0.000000000000E+00   0.000000000000E+00   2.189615446821E-01  -1.580572444182E-01   0.000000000000E+00   3.074645758021E-01  -3.388557633226E-01   0.000000000000E+00   0.000000000000E+00   0.000000000000E+00   0.000000000000E+00   0.000000000000E+00  -3.199686918704E-01   2.711382182935E-01   0.000000000000E+00  -3.835573943302E-01   4.014797667494E-01
   0.000000000000E+00   0.000000000000E+00   0.000000000000E+00   0.000000000000E+00   0.000000000000E+00   2.054373296544E-01  -1.293841859006E-01   0.000000000000E+00   2.744221255595E-01  -2.932540801781E-01   0.000000000000E+00   0.000000000000E+00   0.000000000000E+00   0.000000000000E+00   0.000000000000E+00  -3.331022188915E-01   2.250620487311E-01   0.000000000000E+00  -3.504721980202E-01   3.477794642481E-01
   0.000000000000E+00   0.000000000000E+00   0.000000000000E+00   0.000000000000E+00   0.000000000000E+00   1.904620151370E-01  -1.058487735323E-01   0.000000000000E+00   2.417643887499E-01  -2.511672561933E-01   0.000000000000E+00   0.000000000000E+00   0.000000000000E+00   0.000000000000E+00   0.000000000000E+00  -3.321236050014E-01   1.851540993130E-01   0.000000000000E+00  -3.144519083175E-01   2.977448893867E-01
   0.000000000000E+00   0.000000000000E+00   0.000000000000E+00   0.000000000000E+00   0.000000000000E+00   1.748584720389E-01  -8.649192856514E-02   0.000000000000E+00   2.106076088202E-01  -2.131194581685E-01   0.000000000000E+00   0.000000000000E+00   0.000000000000E+00   0.000000000000E+00   0.000000000000E+00  -3.203208730412E-01   1.510109702319E-01   0.000000000000E+00  -2.774858537594E-01   2.520373521885E-01
   0.000000000000E+00   0.000000000000E+00   0.000000000000E+00   0.000000000000E+00   0.000000000000E+00   1.591483025950E-01  -7.055226238640E-02   0.000000000000E+00   1.816188473919E-01  -1.792843252175E-01   0.000000000000E+00   0.000000000000E+00   0.000000000000E+00   0.000000000000E+00   0.000000000000E+00  -3.007287002819E-01   1.221317460345E-01   0.000000000000E+00  -2.411525936081E-01   2.110276974625E-01
   0.000000000000E+00   0.000000000000E+00   0.000000000000E+00   0.000000000000E+00   0.000000000000E+00   1.436868389458E-01  -5.742143765823E-02   0.000000000000E+00   1.551678021361E-01  -1.496071362255E-01   0.000000000000E+00   0.000000000000E+00   0.000000000000E+00   0.000000000000E+00   0.000000000000E+00  -2.760118613866E-01   9.796532723487E-02   0.000000000000E+00  -2.066281539474E-01   1.748347595929E-01
   0.000000000000E+00   0.000000000000E+00   0.000000000000E+00   0.000000000000E+00   0.000000000000E+00   1.287314372446E-01  -4.660897039469E-02   0.000000000000E+00   1.314204510886E-01  -1.238880074725E-01   0.000000000000E+00   0.000000000000E+00   0.000000000000E+00   0.000000000000E+00   0.000000000000E+00  -2.484074738780E-01   7.794676666907E-02   0.000000000000E+00  -1.747192541407E-01   1.433743847571E-01
   0.000000000000E+00   0.000000000000E+00   0.000000000000E+00   0.000000000000E+00   0.000000000000E+00   1.144734190824E-01  -3.771560286307E-02   0.000000000000E+00   1.103990247976E-01  -1.018386769618E-01   0.000000000000E+00   0.000000000000E+00   0.000000000000E+00   0.000000000000E+00   0.000000000000E+00  -2.197128174333E-01   6.152391320103E-02   0.000000000000E+00  -1.459124695996E-01   1.164105520607E-01
   0.000000000000E+00   0.000000000000E+00   0.000000000000E+00   0.000000000000E+00   0.000000000000E+00   1.010529257659E-01  -3.041352091496E-02   0.000000000000E+00   9.202374237053E-02  -8.312214451864E-02   0.000000000000E+00   0.000000000000E+00   0.000000000000E+00   0.000000000000E+00   0.000000000000E+00  -1.913057665881E-01   4.817580411222E-02   0.000000000000E+00  -1.204314108840E-01   9.360321103939E-02
   0.000000000000E+00   0.000000000000E+00   0.000000000000E+00   0.000000000000E+00   0.000000000000E+00   8.856686168564E-02  -2.443167574586E-02   0.000000000000E+00   7.614434989533E-02  -6.738081437784E-02   0.000000000000E+00   0.000000000000E+00   0.000000000000E+00   0.000000000000E+00   0.000000000000E+00  -1.641862113586E-01   3.742428734878E-02   0.000000000000E+00  -9.829538369398E-02   7.454981708692E-02
   0.000000000000E+00   0.000000000000E+00   0.000000000000E+00   0.000000000000E+00   0.000000000000E+00   7.707451290970E-02  -1.954478755640E-02   0.000000000000E+00   6.256506949430E-02  -5.425643488084E-02   0.000000000000E+00   0.000000000000E+00   0.000000000000E+00   0.000000000000E+00   0.000000000000E+00  -1.390288487409E-01   2.884030068849E-02   0.000000000000E+00  -7.937465332845E-02   5.881925728176E-02
   0.000000000000E+00   0.000000000000E+00   0.000000000000E+00   0.000000000000E+00   0.000000000000E+00   6.660258981410E-02  -1.556497226657E-02   0.000000000000E+00   5.106446711904E-02  -4.340389074880E-02   0.000000000000E+00   0.000000000000E+00   0.000000000000E+00   0.000000000000E+00   0.000000000000E+00  -1.162399846531E-01   2.204610780269E-02   0.000000000000E+00  -6.343915230122E-02   4.597801769040E-02
   0.000000000000E+00   0.000000000000E+00   0.000000000000E+00   0.000000000000E+00   0.000000000000E+00   5.715019208421E-02  -1.233524121089E-02   0.000000000000E+00   4.141096415971E-02  -3.450028390289E-02   0.000000000000E+00   0.000000000000E+00   0.000000000000E+00   0.000000000000E+00   0.000000000000E+00  -9.601315305910E-02   1.671461864193E-02   0.000000000000E+00  -5.019901032026E-02   3.560916190905E-02
   0.000000000000E+00   0.000000000000E+00   0.000000000000E+00   0.000000000000E+00   0.000000000000E+00   4.869374191325E-02  -9.724352487696E-03   0.000000000000E+00   3.337453038117E-02  -2.725041433689E-02   0.000000000000E+00   0.000000000000E+00   0.000000000000E+00   0.000000000000E+00   0.000000000000E+00  -7.838022794027E-02   1.256672994102E-02   0.000000000000E+00  -3.933650681143E-02   2.732507879801E-02
   0.000000000000E+00   0.000000000000E+00   0.000000000000E+00   0.000000000000E+00   0.000000000000E+00   4.119183460102E-02  -7.622653027716E-03   0.000000000000E+00   2.673510645265E-02  -2.138956322412E-02   0.000000000000E+00   0.000000000000E+00   0.000000000000E+00   0.000000000000E+00   0.000000000000E+00  -6.325618486364E-02   9.367431790846E-03   0.000000000000E+00  -3.052990110572E-02   2.077511204439E-02
   0.000000000000E+00   0.000000000000E+00   0.000000000000E+00   0.000000000000E+00   0.000000000000E+00   3.458995415687E-02  -5.938658790147E-03   0.000000000000E+00   2.128831921531E-02  -1.668430827761E-02   0.000000000000E+00   0.000000000000E+00   0.000000000000E+00   0.000000000000E+00   0.000000000000E+00  -5.047675915113E-02   6.921252129578E-03   0.000000000000E+00  -2.347011054140E-02   1.564918511035E-02
   0.000000000000E+00   0.000000000000E+00   0.000000000000E+00   0.000000000000E+00   0.000000000000E+00   2.882494886224E-02  -4.596192785816E-03   0.000000000000E+00   1.684900247467E-02  -1.293192311967E-02   0.000000000000E+00   0.000000000000E+00   0.000000000000E+00   0.000000000000E+00   0.000000000000E+00  -3.982899441143E-02   5.067460251018E-03   0.000000000000E+00  -1.787144728509E-02   1.167844377723E-02
   0.000000000000E+00   0.000000000000E+00   0.000000000000E+00   0.000000000000E+00   0.000000000000E+00   2.382904852916E-02  -3.531963655371E-03   0.000000000000E+00   1.325293171945E-02  -9.958798090256E-03   0.000000000000E+00   0.000000000000E+00   0.000000000000E+00   0.000000000000E+00   0.000000000000E+00  -3.107514653079E-02   3.675325662959E-03   0.000000000000E+00  -1.347766746676E-02   8.633799554236E-03
   0.000000000000E+00   0.000000000000E+00   0.000000000000E+00   0.000000000000E+00   0.000000000000E+00   1.953312984903E-02  -2.693495851925E-03   0.000000000000E+00   1.035710781071E-02  -7.618139550927E-03   0.000000000000E+00   0.000000000000E+00   0.000000000000E+00   0.000000000000E+00   0.000000000000E+00  -2.397067351730E-02   2.639629198953E-03   0.000000000000E+00  -1.006450247052E-02   6.323101233332E-03
   0.000000000000E+00   0.000000000000E+00   0.000000000000E+00   0.000000000000E+00   0.000000000000E+00   1.586902128815E-02  -2.037370241068E-03   0.000000000000E+00   8.038896391624E-03  -5.787239163492E-03   0.000000000000E+00   0.000000000000E+00   0.000000000000E+00   0.000000000000E+00   0.000000000000E+00  -1.827716131380E-02   1.876546660685E-03   0.000000000000E+00  -7.439689385894E-03   4.587508335263E-03
   0.000000000000E+00   0.000000000000E+00   0.000000000000E+00   0.000000000000E+00   0.000000000000E+00   1.277081910129E-02  -1.527737327113E-03   0.000000000000E+00   6.194355504943E-03  -4.364514761941E-03   0.000000000000E+00   0.000000000000E+00   0.000000000000E+00   0.000000000000E+00   0.000000000000E+00  -1.377105777208E-02   1.319968085198E-03   0.000000000000E+00  -5.441337416161E-03   3.297500418476E-03
   0.000000000000E+00   0.000000000000E+00   0.000000000000E+00   0.000000000000E+00   0.000000000000E+00   1.017564416913E-02  -1.135074189299E-03   0.000000000000E+00   4.736195367025E-03  -3.266584130109E-03   0.000000000000E+00   0.000000000000E+00   0.000000000000E+00   0.000000000000E+00   0.000000000000E+00  -1.024904710936E-02   9.182744897748E-04   0.000000000000E+00  -3.935286889562E-03   2.348835793698E-03
   0.000000000000E+00   0.000000000000E+00   0.000000000000E+00   0.000000000000E+00   0.000000000000E+00   8.023304624645E-03  -8.351539433446E-04   0.000000000000E+00   3.591326545907E-03  -2.425359658475E-03   0.000000000000E+00   0.000000000000E+00   0.000000000000E+00   0.000000000000E+00   0.000000000000E+00  -7.530820819286E-03   6.315653832862E-04   0.000000000000E+00  -2.811953471462E-03   1.658673867898E-03
   0.000000000000E+00   0.000000000000E+00   0.000000000000E+00   0.000000000000E+00   0.000000000000E+00   6.257871466654E-03  -6.081897272525E-04   0.000000000000E+00   2.699352798972E-03  -1.785845162931E-03   0.000000000000E+00   0.000000000000E+00   0.000000000000E+00   0.000000000000E+00   0.000000000000E+00  -5.459905858859E-03   4.293115985888E-04   0.000000000000E+00  -1.983010027924E-03   1.161996526478E-03
   0.000000000000E+00   0.000000000000E+00   0.000000000000E+00   0.000000000000E+00   0.000000000000E+00   4.824614258601E-03  -4.381171579209E-04   0.000000000000E+00   2.009382986629E-03  -1.303286273943E-03   0.000000000000E+00   0.000000000000E+00   0.000000000000E+00   0.000000000000E+00   0.000000000000E+00  -3.903109008028E-03   2.883967095273E-04   0.000000000000E+00  -1.378144646518E-03   8.084037004423E-04
   0.000000000000E+00   0.000000000000E+00   0.000000000000E+00   0.000000000000E+00   0.000000000000E+00   3.676217926858E-03  -3.120004673727E-04   0.000000000000E+00   1.480777791072E-03  -9.425028191723E-04   0.000000000000E+00   0.000000000000E+00   0.000000000000E+00   0.000000000000E+00   0.000000000000E+00  -2.749035631940E-03   1.915045038711E-04   0.000000000000E+00  -9.420445414926E-04   5.593139649793E-04
   0.000000000000E+00   0.000000000000E+00   0.000000000000E+00   0.000000000000E+00   0.000000000000E+00   2.766324123153E-03  -2.195100152520E-04   0.000000000000E+00   1.079110209553E-03  -6.749549540507E-04   0.000000000000E+00   0.000000000000E+00   0.000000000000E+00   0.000000000000E+00   0.000000000000E+00  -1.906046864807E-03   1.258081361338E-04   0.000000000000E+00  -6.316891313453E-04   3.855699049862E-04
   0.000000000000E+00   0.000000000000E+00   0.000000000000E+00   0.000000000000E+00   0.000000000000E+00   2.054773882237E-03  -1.524622277806E-04   0.000000000000E+00   7.769295479744E-04  -4.784015253112E-04   0.000000000000E+00   0.000000000000E+00   0.000000000000E+00   0.000000000000E+00   0.000000000000E+00  -1.299934637645E-03   8.191746060316E-05   0.000000000000E+00  -4.139879037420E-04   2.654273927863E-04
   0.000000000000E+00   0.000000000000E+00   0.000000000000E+00   0.000000000000E+00   0.000000000000E+00   1.505598309013E-03  -1.044617766284E-04   0.000000000000E+00   5.519223662613E-04  -3.353645407389E-04   0.000000000000E+00   0.000000000000E+00   0.000000000000E+00   0.000000000000E+00   0.000000000000E+00  -8.715206489223E-04   5.304370021821E-05   0.000000000000E+00  -2.637660999101E-04   1.828954453088E-04
   0.000000000000E+00   0.000000000000E+00   0.000000000000E+00   0.000000000000E+00   0.000000000000E+00   1.086137079256E-03  -7.055196336174E-05   0.000000000000E+00   3.857454601137E-04  -2.320558234639E-04   0.000000000000E+00   0.000000000000E+00   0.000000000000E+00   0.000000000000E+00   0.000000000000E+00  -5.743238774308E-04   3.434432380236E-05   0.000000000000E+00  -1.620803510831E-04   1.263868905855E-04
   0.000000000000E+00   0.000000000000E+00   0.000000000000E+00   0.000000000000E+00   0.000000000000E+00   7.716573827614E-04  -4.694020936914E-05   0.000000000000E+00   2.649532258939E-04  -1.584089081908E-04   0.000000000000E+00   0.000000000000E+00   0.000000000000E+00   0.000000000000E+00   0.000000000000E+00  -3.723913018696E-04   2.241524996656E-05   0.000000000000E+00  -9.483422201255E-05   8.763795928765E-05
   0.000000000000E+00   0.000000000000E+00   0.000000000000E+00   0.000000000000E+00   0.000000000000E+00   5.389419695828E-04  -3.075082440217E-05   0.000000000000E+00   1.781517242480E-04  -1.063735201012E-04   0.000000000000E+00   0.000000000000E+00   0.000000000000E+00   0.000000000000E+00   0.000000000000E+00  -2.383473010491E-04   1.490188751363E-05   0.000000000000E+00  -5.165770851186E-05   6.085575048472E-05
   0.000000000000E+00   0.000000000000E+00   0.000000000000E+00   0.000000000000E+00   0.000000000000E+00   3.692172760368E-04  -1.983859933065E-05   0.000000000000E+00   1.166168250714E-04  -6.995777124802E-05   0.000000000000E+00   0.000000000000E+00   0.000000000000E+00   0.000000000000E+00   0.000000000000E+00  -1.516875836443E-04   1.020479490207E-05   0.000000000000E+00  -2.501314092163E-05   4.205523296215E-05
   0.000000000000E+00   0.000000000000E+00   0.000000000000E+00   0.000000000000E+00   0.000000000000E+00   2.479230079816E-04  -1.261849198545E-05   0.000000000000E+00   7.386109404809E-05  -4.480541181066E-05   0.000000000000E+00   0.000000000000E+00   0.000000000000E+00   0.000000000000E+00   0.000000000000E+00  -9.732207225852E-05   7.259724217639E-06   0.000000000000E+00  -9.491156632817E-06   2.855123094217E-05
   0.000000000000E+00   0.000000000000E+00   0.000000000000E+00   0.000000000000E+00   0.000000000000E+00   1.627257040338E-04  -7.937446440575E-06   0.000000000000E+00   4.471415317836E-05  -2.760897870434E-05   0.000000000000E+00   0.000000000000E+00   0.000000000000E+00   0.000000000000E+00   0.000000000000E+00  -6.435652532511E-05   5.375408067885E-06   0.000000000000E+00  -1.263298567264E-06   1.857512240996E-05
   0.000000000000E+00   0.000000000000E+00   0.000000000000E+00   0.000000000000E+00   0.000000000000E+00   1.042137655617E-04  -4.968835044558E-06   0.000000000000E+00   2.537139215600E-05  -1.600437516381E-05   0.000000000000E+00   0.000000000000E+00   0.000000000000E+00   0.000000000000E+00   0.000000000000E+00  -4.509345354932E-05   4.115604419960E-06   0.000000000000E+00   2.338435458693E-06   1.099034350485E-05
   0.000000000000E+00   0.000000000000E+00   0.000000000000E+00   0.000000000000E+00   0.000000000000E+00   6.509174156606E-05  -3.129887930738E-06   0.000000000000E+00   1.298997298261E-05  -8.291012902233E-06   0.000000000000E+00   0.000000000000E+00   0.000000000000E+00   0.000000000000E+00   0.000000000000E+00  -3.422782368035E-05   3.214625945324E-06   0.000000000000E+00   3.140684115595E-06   5.084976294744E-06
   0.000000000000E+00   0.000000000000E+00   0.000000000000E+00   0.000000000000E+00   0.000000000000E+00   3.964829264059E-05  -2.016634465301E-06   0.000000000000E+00   5.424520928135E-06  -3.241129160934E-06   0.000000000000E+00   0.000000000000E+00   0.000000000000E+00   0.000000000000E+00   0.000000000000E+00  -2.821104830491E-05   2.517864234563E-06   0.000000000000E+00   2.368014728946E-06   4.235370070619E-07
   0.000000000000E+00   0.000000000000E+00   0.000000000000E+00   0.000000000000E+00   0.000000000000E+00   2.370795394292E-05  -1.355712744787E-06   0.000000000000E+00   1.141449257881E-06  -7.715245873414E-09   0.000000000000E+00   0.000000000000E+00   0.000000000000E+00   0.000000000000E+00   0.000000000000E+00  -2.475691885041E-05   1.940708946588E-06   0.000000000000E+00   8.202208510683E-07  -3.256507827628E-06
   0.000000000000E+00   0.000000000000E+00   0.000000000000E+00   0.000000000000E+00   0.000000000000E+00   1.416682441543E-05  -9.661390836250E-07   0.000000000000E+00  -9.735852172019E-07   1.999699280245E-06   0.000000000000E+00   0.000000000000E+00   0.000000000000E+00   0.000000000000E+00   0.000000000000E+00  -2.246470985310E-05   1.440800164691E-06   0.000000000000E+00  -9.979279614098E-07  -6.115019914206E-06


Spline
12 0.0553585
112.9353346817185 2.801373701455403 -0.1119994835253462
0.035 0.0375    0.204206 -35.71077211012958 2016.504000000031 24177.93762071238
0.0375 0.04    0.12791 -25.17491577974109 2197.838532155373 -120889.6881035729
0.04 0.0425    0.07682029999999999 -16.45240477090621 1291.165871378576 -57585.58520643491
0.0425 0.045    0.0428593 -11.07630513663398 859.2739823303137 16659.22892930921
0.045 0.04533    0.0207993 -6.467574682557872 984.2181993001326 -2167173.572075024
0.04533 0.045334    0.0186943 -6.526006277016704 -1161.283637054166 353213222.4907721
0.045334 0.046259    0.0186682 -6.518342311433599 3077.275032831984 -1324559.571220061
0.046259 0.047184    0.0142234 -4.225362350069925 -598.3777773036936 561811.1110751317
0.047184 0.0493131    0.0102476 -3.890262342340788 960.6480559297889 -100763.5210502349
0.0493131 0.0503195    0.00534702 -1.169934109375229 317.0412179256228 -143026.9144497911
0.0503195 0.0513259    0.00434492 -0.9663840979460291 -114.7856421811885 10348.58893883691
0.0513259 0.0553585    0.00326664 -1.165980214261954 -83.5411824570522 -5782.515169399558 27636944.82683195 -3877959552.095367

This SPLINE is just a DUMMY-SPLINE!!!!!!!!!!!!!!!

