0.200000 41
   0.000000000000E+00 0.0 0.0 0.0 0.0 0.0 0.0 0.0 0.0 0.0 0.0 0.0 0.0 0.0 0.0 0.0 0.0 0.0 0.0 0.0
   0.000000000000E+00   0.000000000000E+00   0.000000000000E+00   0.000000000000E+00   0.000000000000E+00   0.000000000000E+00   0.000000000000E+00   0.000000000000E+00   0.000000000000E+00   0.000000000000E+00   0.000000000000E+00   0.000000000000E+00   0.000000000000E+00   0.000000000000E+00   0.000000000000E+00   0.000000000000E+00   0.000000000000E+00   0.000000000000E+00   0.000000000000E+00   0.000000000000E+00
   0.000000000000E+00   0.000000000000E+00   0.000000000000E+00   0.000000000000E+00   0.000000000000E+00  -6.787333451137E-01  -9.513766196145E-01   0.000000000000E+00  -3.394145761498E-01  -8.217017777302E-01   0.000000000000E+00   0.000000000000E+00   0.000000000000E+00   0.000000000000E+00   0.000000000000E+00   8.015704981810E-01   9.060332069831E-01   0.000000000000E+00  -8.229541838479E-02   8.933230387414E-01
   0.000000000000E+00   0.000000000000E+00   0.000000000000E+00   0.000000000000E+00   0.000000000000E+00  -3.681823706924E-01  -8.066878639241E-01   0.000000000000E+00  -1.888391041029E-01  -5.144090879546E-01   0.000000000000E+00   0.000000000000E+00   0.000000000000E+00   0.000000000000E+00   0.000000000000E+00   6.337912841162E-01   8.442869887182E-01   0.000000000000E+00  -1.451457384004E-01   8.345054941747E-01
   0.000000000000E+00   0.000000000000E+00   0.000000000000E+00   0.000000000000E+00   0.000000000000E+00  -1.231162259199E-01  -6.641951224305E-01   0.000000000000E+00  -8.865513019369E-03  -4.153539896838E-01   0.000000000000E+00   0.000000000000E+00   0.000000000000E+00   0.000000000000E+00   0.000000000000E+00   4.416050280645E-01   7.678888837345E-01   0.000000000000E+00  -2.128274365662E-01   7.788161533295E-01
   0.000000000000E+00   0.000000000000E+00   0.000000000000E+00   0.000000000000E+00   0.000000000000E+00   4.151872641955E-02  -5.378140291105E-01   0.000000000000E+00   1.363196444003E-01  -3.996791665413E-01   0.000000000000E+00   0.000000000000E+00   0.000000000000E+00   0.000000000000E+00   0.000000000000E+00   2.480677873939E-01   6.831370616935E-01   0.000000000000E+00  -2.752486183645E-01   7.255807340497E-01
   0.000000000000E+00   0.000000000000E+00   0.000000000000E+00   0.000000000000E+00   0.000000000000E+00   1.387197190462E-01  -4.319225223853E-01   0.000000000000E+00   2.311795091298E-01  -4.023971418546E-01   0.000000000000E+00   0.000000000000E+00   0.000000000000E+00   0.000000000000E+00   0.000000000000E+00   7.061943685372E-02   5.955203312396E-01   0.000000000000E+00  -3.251839431660E-01   6.721503201874E-01
   0.000000000000E+00   0.000000000000E+00   0.000000000000E+00   0.000000000000E+00   0.000000000000E+00   1.880959608255E-01  -3.459958707583E-01   0.000000000000E+00   2.814992563688E-01  -3.985227303486E-01   0.000000000000E+00   0.000000000000E+00   0.000000000000E+00   0.000000000000E+00   0.000000000000E+00  -7.932069241467E-02   5.094508611421E-01   0.000000000000E+00  -3.587511616119E-01   6.165763011848E-01
   0.000000000000E+00   0.000000000000E+00   0.000000000000E+00   0.000000000000E+00   0.000000000000E+00   2.072605542546E-01  -2.774109080830E-01   0.000000000000E+00   2.990812050352E-01  -3.824832834646E-01   0.000000000000E+00   0.000000000000E+00   0.000000000000E+00   0.000000000000E+00   0.000000000000E+00  -1.958982999245E-01   4.282066620751E-01   0.000000000000E+00  -3.748499010597E-01   5.582734678037E-01
   0.000000000000E+00   0.000000000000E+00   0.000000000000E+00   0.000000000000E+00   0.000000000000E+00   2.093946534023E-01  -2.229827367363E-01   0.000000000000E+00   2.953271831293E-01  -3.562564534289E-01   0.000000000000E+00   0.000000000000E+00   0.000000000000E+00   0.000000000000E+00   0.000000000000E+00  -2.778958387485E-01   3.539916206665E-01   0.000000000000E+00  -3.744678080467E-01   4.978591439029E-01
   0.000000000000E+00   0.000000000000E+00   0.000000000000E+00   0.000000000000E+00   0.000000000000E+00   2.030024394060E-01  -1.797181947240E-01   0.000000000000E+00   2.789765162879E-01  -3.236584053943E-01   0.000000000000E+00   0.000000000000E+00   0.000000000000E+00   0.000000000000E+00   0.000000000000E+00  -3.275525599493E-01   2.880666462995E-01   0.000000000000E+00  -3.600258839304E-01   4.367286490833E-01
   0.000000000000E+00   0.000000000000E+00   0.000000000000E+00   0.000000000000E+00   0.000000000000E+00   1.928706478522E-01  -1.451152430293E-01   0.000000000000E+00   2.559447380831E-01  -2.881311898948E-01   0.000000000000E+00   0.000000000000E+00   0.000000000000E+00   0.000000000000E+00   0.000000000000E+00  -3.493346811252E-01   2.309202815929E-01   0.000000000000E+00  -3.347606588379E-01   3.766104113060E-01
   0.000000000000E+00   0.000000000000E+00   0.000000000000E+00   0.000000000000E+00   0.000000000000E+00   1.813071685540E-01  -1.172167677075E-01   0.000000000000E+00   2.299476371187E-01  -2.521907323812E-01   0.000000000000E+00   0.000000000000E+00   0.000000000000E+00   0.000000000000E+00   0.000000000000E+00  -3.488255726714E-01   1.824524792299E-01   0.000000000000E+00  -3.021696347609E-01   3.192036222791E-01
   0.000000000000E+00   0.000000000000E+00   0.000000000000E+00   0.000000000000E+00   0.000000000000E+00   1.691968307858E-01  -9.454922574900E-02   0.000000000000E+00   2.032195132956E-01  -2.174937117911E-01   0.000000000000E+00   0.000000000000E+00   0.000000000000E+00   0.000000000000E+00   0.000000000000E+00  -3.318426932662E-01   1.421506616563E-01   0.000000000000E+00  -2.655700159515E-01   2.659337277288E-01
   0.000000000000E+00   0.000000000000E+00   0.000000000000E+00   0.000000000000E+00   0.000000000000E+00   1.567517990819E-01  -7.602272412060E-02   0.000000000000E+00   1.770826969481E-01  -1.850583778021E-01   0.000000000000E+00   0.000000000000E+00   0.000000000000E+00   0.000000000000E+00   0.000000000000E+00  -3.038189681728E-01   1.092439995674E-01   0.000000000000E+00  -2.278035999442E-01   2.178241747366E-01
   0.000000000000E+00   0.000000000000E+00   0.000000000000E+00   0.000000000000E+00   0.000000000000E+00   1.439694473097E-01  -6.083105210671E-02   0.000000000000E+00   1.523260800961E-01  -1.554673772695E-01   0.000000000000E+00   0.000000000000E+00   0.000000000000E+00   0.000000000000E+00   0.000000000000E+00  -2.694329381085E-01   8.282873352323E-02   0.000000000000E+00  -1.910877432555E-01   1.754632599870E-01
   0.000000000000E+00   0.000000000000E+00   0.000000000000E+00   0.000000000000E+00   0.000000000000E+00   1.308600668667E-01  -4.836862525158E-02   0.000000000000E+00   1.294234249644E-01  -1.290096038270E-01   0.000000000000E+00   0.000000000000E+00   0.000000000000E+00   0.000000000000E+00   0.000000000000E+00  -2.324418229536E-01   6.196299373953E-02   0.000000000000E+00  -1.569864016427E-01   1.390374085983E-01
   0.000000000000E+00   0.000000000000E+00   0.000000000000E+00   0.000000000000E+00   0.000000000000E+00   1.175237633725E-01  -3.816829993652E-02   0.000000000000E+00   1.086462776742E-01  -1.057693911877E-01   0.000000000000E+00   0.000000000000E+00   0.000000000000E+00   0.000000000000E+00   0.000000000000E+00  -1.956617741502E-01   4.573337132901E-02   0.000000000000E+00  -1.264638932491E-01   1.084028291240E-01
   0.000000000000E+00   0.000000000000E+00   0.000000000000E+00   0.000000000000E+00   0.000000000000E+00   1.041504119338E-01  -2.985809911468E-02   0.000000000000E+00   9.012269811867E-02  -8.568515901799E-02   0.000000000000E+00   0.000000000000E+00   0.000000000000E+00   0.000000000000E+00   0.000000000000E+00  -1.610429291069E-01   3.329753974000E-02   0.000000000000E+00  -9.998478688557E-02   8.317260069440E-02
   0.000000000000E+00   0.000000000000E+00   0.000000000000E+00   0.000000000000E+00   0.000000000000E+00   9.098931129461E-02  -2.313250442330E-02   0.000000000000E+00   7.387279344393E-02  -6.859223421543E-02   0.000000000000E+00   0.000000000000E+00   0.000000000000E+00   0.000000000000E+00   0.000000000000E+00  -1.297965345595E-01   2.390793356222E-02   0.000000000000E+00  -7.763069467235E-02   6.280294863101E-02
   0.000000000000E+00   0.000000000000E+00   0.000000000000E+00   0.000000000000E+00   0.000000000000E+00   7.831000937039E-02  -1.773402566239E-02   0.000000000000E+00   5.983434190921E-02  -5.425661790417E-02   0.000000000000E+00   0.000000000000E+00   0.000000000000E+00   0.000000000000E+00   0.000000000000E+00  -1.025426049495E-01   1.692134533957E-02   0.000000000000E+00  -5.921406236392E-02   4.666886902889E-02
   0.000000000000E+00   0.000000000000E+00   0.000000000000E+00   0.000000000000E+00   0.000000000000E+00   6.636514929151E-02  -1.344191136222E-02   0.000000000000E+00   4.788356042073E-02  -4.240230699846E-02   0.000000000000E+00   0.000000000000E+00   0.000000000000E+00   0.000000000000E+00   0.000000000000E+00  -7.945679741244E-02   1.179870109424E-02   0.000000000000E+00  -4.437750889748E-02   3.412442765198E-02
   0.000000000000E+00   0.000000000000E+00   0.000000000000E+00   0.000000000000E+00   0.000000000000E+00   5.536172550664E-02  -1.006532807153E-02   0.000000000000E+00   3.785319792067E-02  -3.273329148885E-02   0.000000000000E+00   0.000000000000E+00   0.000000000000E+00   0.000000000000E+00   0.000000000000E+00  -6.040346330813E-02   8.098498880047E-03   0.000000000000E+00  -3.267371660298E-02   2.454671706912E-02
   0.000000000000E+00   0.000000000000E+00   0.000000000000E+00   0.000000000000E+00   0.000000000000E+00   4.544460244871E-02  -7.439322846150E-03   0.000000000000E+00   2.954901993055E-02  -2.495132498341E-02   0.000000000000E+00   0.000000000000E+00   0.000000000000E+00   0.000000000000E+00   0.000000000000E+00  -4.504807114392E-02   5.466607078736E-03   0.000000000000E+00  -2.362518220412E-02   1.736473069283E-02
   0.000000000000E+00   0.000000000000E+00   0.000000000000E+00   0.000000000000E+00   0.000000000000E+00   3.669267243672E-02  -5.422123702471E-03   0.000000000000E+00   2.276478633032E-02  -1.876970928110E-02   0.000000000000E+00   0.000000000000E+00   0.000000000000E+00   0.000000000000E+00   0.000000000000E+00  -3.294662674882E-02   3.624405778255E-03   0.000000000000E+00  -1.676565262896E-02   1.207559408658E-02
   0.000000000000E+00   0.000000000000E+00   0.000000000000E+00   0.000000000000E+00   0.000000000000E+00   2.912481722622E-02  -3.893009948305E-03   0.000000000000E+00   1.729496914948E-02  -1.392327624606E-02   0.000000000000E+00   0.000000000000E+00   0.000000000000E+00   0.000000000000E+00   0.000000000000E+00  -2.361267073667E-02   2.356651408666E-03   0.000000000000E+00  -1.166627198371E-02   8.251004193298E-03
   0.000000000000E+00   0.000000000000E+00   0.000000000000E+00   0.000000000000E+00   0.000000000000E+00   2.271090383725E-02  -2.750309573836E-03   0.000000000000E+00   1.294410473695E-02  -1.017438362446E-02   0.000000000000E+00   0.000000000000E+00   0.000000000000E+00   0.000000000000E+00   0.000000000000E+00  -1.656422642621E-02   1.499960099331E-03   0.000000000000E+00  -7.949805557580E-03   5.536648827170E-03
   0.000000000000E+00   0.000000000000E+00   0.000000000000E+00   0.000000000000E+00   0.000000000000E+00   1.738366923863E-02  -1.909391569093E-03   0.000000000000E+00   9.532392073625E-03  -7.315311414115E-03   0.000000000000E+00   0.000000000000E+00   0.000000000000E+00   0.000000000000E+00   0.000000000000E+00  -1.135398373019E-02   9.324327859729E-04   0.000000000000E+00  -5.296135411805E-03   3.647030763030E-03
   0.000000000000E+00   0.000000000000E+00   0.000000000000E+00   0.000000000000E+00   0.000000000000E+00   1.304894352217E-02  -1.300700814618E-03   0.000000000000E+00   6.897878265843E-03  -5.167787376843E-03   0.000000000000E+00   0.000000000000E+00   0.000000000000E+00   0.000000000000E+00   0.000000000000E+00  -7.586279924523E-03   5.646718358361E-04   0.000000000000E+00  -3.441789207626E-03   2.357657253198E-03
   0.000000000000E+00   0.000000000000E+00   0.000000000000E+00   0.000000000000E+00   0.000000000000E+00   9.596116019090E-03  -8.678606883983E-04   0.000000000000E+00   4.897499319359E-03  -3.581357878778E-03   0.000000000000E+00   0.000000000000E+00   0.000000000000E+00   0.000000000000E+00   0.000000000000E+00  -4.924285162912E-03   3.322489420928E-04   0.000000000000E+00  -2.175732552806E-03   1.496076267045E-03
   0.000000000000E+00   0.000000000000E+00   0.000000000000E+00   0.000000000000E+00   0.000000000000E+00   6.904375386470E-03  -5.659219865626E-04   0.000000000000E+00   3.405667944937E-03  -2.430246173874E-03   0.000000000000E+00   0.000000000000E+00   0.000000000000E+00   0.000000000000E+00   0.000000000000E+00  -3.090391169201E-03   1.895608269415E-04   0.000000000000E+00  -1.333124015955E-03   9.328028903868E-04
   0.000000000000E+00   0.000000000000E+00   0.000000000000E+00   0.000000000000E+00   0.000000000000E+00   4.851784239100E-03  -3.596418533039E-04   0.000000000000E+00   2.314407508889E-03  -1.611111621454E-03   0.000000000000E+00   0.000000000000E+00   0.000000000000E+00   0.000000000000E+00   0.000000000000E+00  -1.862269968898E-03   1.049373398252E-04   0.000000000000E+00  -7.882549572728E-04   5.728113186836E-04
   0.000000000000E+00   0.000000000000E+00   0.000000000000E+00   0.000000000000E+00   0.000000000000E+00   3.321359671718E-03  -2.219343199582E-04   0.000000000000E+00   1.532432874213E-03  -1.040359709498E-03   0.000000000000E+00   0.000000000000E+00   0.000000000000E+00   0.000000000000E+00   0.000000000000E+00  -1.066512891502E-03   5.683203063250E-05   0.000000000000E+00  -4.474977540642E-04   3.479784347064E-04
   0.000000000000E+00   0.000000000000E+00   0.000000000000E+00   0.000000000000E+00   0.000000000000E+00   2.208089266727E-03  -1.323606948384E-04   0.000000000000E+00   9.850964305553E-04  -6.521243333612E-04   0.000000000000E+00   0.000000000000E+00   0.000000000000E+00   0.000000000000E+00   0.000000000000E+00  -5.712417533962E-04   3.091659090084E-05   0.000000000000E+00  -2.427716582286E-04   2.106509494829E-04
   0.000000000000E+00   0.000000000000E+00   0.000000000000E+00   0.000000000000E+00   0.000000000000E+00   1.417856984218E-03  -7.583462705120E-05   0.000000000000E+00   6.111809227445E-04  -3.947123846130E-04   0.000000000000E+00   0.000000000000E+00   0.000000000000E+00   0.000000000000E+00   0.000000000000E+00  -2.786394587364E-04   1.790838771718E-05   0.000000000000E+00  -1.258004325157E-04   1.283600094824E-04
   0.000000000000E+00   0.000000000000E+00   0.000000000000E+00   0.000000000000E+00   0.000000000000E+00   8.731598817688E-04  -4.143990051844E-05   0.000000000000E+00   3.632577164891E-04  -2.292705350430E-04   0.000000000000E+00   0.000000000000E+00   0.000000000000E+00   0.000000000000E+00   0.000000000000E+00  -1.179903309690E-04   1.197759779737E-05   0.000000000000E+00  -6.326954122145E-05   7.961287939239E-05
   0.000000000000E+00   0.000000000000E+00   0.000000000000E+00   0.000000000000E+00   0.000000000000E+00   5.091683756272E-04  -2.144622227631E-05   0.000000000000E+00   2.041529544433E-04  -1.265870105890E-04   0.000000000000E+00   0.000000000000E+00   0.000000000000E+00   0.000000000000E+00   0.000000000000E+00  -3.955086439366E-05   9.602099895417E-06   0.000000000000E+00  -3.288034665403E-05   5.063834459140E-05
   0.000000000000E+00   0.000000000000E+00   0.000000000000E+00   0.000000000000E+00   0.000000000000E+00   2.751055670502E-04  -1.051405429255E-05   0.000000000000E+00   1.061932898751E-04  -6.560104755025E-05   0.000000000000E+00   0.000000000000E+00   0.000000000000E+00   0.000000000000E+00   0.000000000000E+00  -9.380090642107E-06   8.760872445443E-06   0.000000000000E+00  -2.023179684893E-05   3.293946024171E-05
   0.000000000000E+00   0.000000000000E+00   0.000000000000E+00   0.000000000000E+00   0.000000000000E+00   1.319489161701E-04  -5.044331607846E-06   0.000000000000E+00   4.912394667224E-05  -3.142733069905E-05   0.000000000000E+00   0.000000000000E+00   0.000000000000E+00   0.000000000000E+00   0.000000000000E+00  -5.132011349884E-06   8.378037889080E-06   0.000000000000E+00  -1.642499000097E-05   2.150457536179E-05
   0.000000000000E+00   0.000000000000E+00   0.000000000000E+00   0.000000000000E+00   0.000000000000E+00   5.041110230129E-05  -2.681877758697E-06   0.000000000000E+00   1.845596721194E-05  -1.381042782564E-05   0.000000000000E+00   0.000000000000E+00   0.000000000000E+00   0.000000000000E+00   0.000000000000E+00  -1.273614555658E-05   7.948726645974E-06   0.000000000000E+00  -1.627305884552E-05   1.353752101875E-05
   0.000000000000E+00   0.000000000000E+00   0.000000000000E+00   0.000000000000E+00   0.000000000000E+00   8.647289306350E-06  -1.941483870901E-06   0.000000000000E+00   3.936208901786E-06  -5.828510075865E-06   0.000000000000E+00   0.000000000000E+00   0.000000000000E+00   0.000000000000E+00   0.000000000000E+00  -2.385270832126E-05   7.294105983006E-06   0.000000000000E+00  -1.700028022732E-05   7.584712471453E-06
   0.000000000000E+00   0.000000000000E+00   0.000000000000E+00   0.000000000000E+00   0.000000000000E+00  -8.499354958105E-06  -1.929785673105E-06   0.000000000000E+00  -1.217875162536E-06  -3.080538699605E-06   0.000000000000E+00   0.000000000000E+00   0.000000000000E+00   0.000000000000E+00   0.000000000000E+00  -3.397477880991E-05   6.406175083247E-06   0.000000000000E+00  -1.732429751434E-05   2.956589547353E-06


Spline
12 0.0553585
112.9353346817185 2.801373701455403 -0.1119994835253462
0.035 0.0375    0.204206 -35.71077211012958 2016.504000000031 24177.93762071238
0.0375 0.04    0.12791 -25.17491577974109 2197.838532155373 -120889.6881035729
0.04 0.0425    0.07682029999999999 -16.45240477090621 1291.165871378576 -57585.58520643491
0.0425 0.045    0.0428593 -11.07630513663398 859.2739823303137 16659.22892930921
0.045 0.04533    0.0207993 -6.467574682557872 984.2181993001326 -2167173.572075024
0.04533 0.045334    0.0186943 -6.526006277016704 -1161.283637054166 353213222.4907721
0.045334 0.046259    0.0186682 -6.518342311433599 3077.275032831984 -1324559.571220061
0.046259 0.047184    0.0142234 -4.225362350069925 -598.3777773036936 561811.1110751317
0.047184 0.0493131    0.0102476 -3.890262342340788 960.6480559297889 -100763.5210502349
0.0493131 0.0503195    0.00534702 -1.169934109375229 317.0412179256228 -143026.9144497911
0.0503195 0.0513259    0.00434492 -0.9663840979460291 -114.7856421811885 10348.58893883691
0.0513259 0.0553585    0.00326664 -1.165980214261954 -83.5411824570522 -5782.515169399558 27636944.82683195 -3877959552.095367

This SPLINE is just a DUMMY-SPLINE!!!!!!!!!!!!!!!

