0.200000 51
   0.000000000000E+00 0.0 0.0 0.0 0.0 0.0 0.0 0.0 0.0 0.0 0.0 0.0 0.0 0.0 0.0 0.0 0.0 0.0 0.0 0.0
   0.000000000000E+00   0.000000000000E+00   0.000000000000E+00   0.000000000000E+00   0.000000000000E+00   0.000000000000E+00   0.000000000000E+00   0.000000000000E+00   0.000000000000E+00   0.000000000000E+00   0.000000000000E+00   0.000000000000E+00   0.000000000000E+00   0.000000000000E+00   0.000000000000E+00   0.000000000000E+00   0.000000000000E+00   0.000000000000E+00   0.000000000000E+00   0.000000000000E+00
   0.000000000000E+00   0.000000000000E+00   0.000000000000E+00   0.000000000000E+00   0.000000000000E+00  -8.036837640060E-01  -1.058718349066E+00   0.000000000000E+00  -2.473631779468E-01  -1.017544523937E+00   0.000000000000E+00   0.000000000000E+00   0.000000000000E+00   0.000000000000E+00   0.000000000000E+00   8.426366924668E-01   9.282398270434E-01   0.000000000000E+00  -1.097425367019E-01   9.225591920826E-01
   0.000000000000E+00   0.000000000000E+00   0.000000000000E+00   0.000000000000E+00   0.000000000000E+00  -4.967556995315E-01  -9.211177491947E-01   0.000000000000E+00  -9.681046446981E-02  -7.373468021223E-01   0.000000000000E+00   0.000000000000E+00   0.000000000000E+00   0.000000000000E+00   0.000000000000E+00   7.037063727794E-01   8.774616260933E-01   0.000000000000E+00  -1.804664559890E-01   8.735037502399E-01
   0.000000000000E+00   0.000000000000E+00   0.000000000000E+00   0.000000000000E+00   0.000000000000E+00  -2.361350113309E-01  -7.806191028539E-01   0.000000000000E+00   8.044371796522E-02  -6.355276192192E-01   0.000000000000E+00   0.000000000000E+00   0.000000000000E+00   0.000000000000E+00   0.000000000000E+00   5.417975535182E-01   8.140664578711E-01   0.000000000000E+00  -2.530645282919E-01   8.266829968906E-01
   0.000000000000E+00   0.000000000000E+00   0.000000000000E+00   0.000000000000E+00   0.000000000000E+00  -4.295301162812E-02  -6.509197407187E-01   0.000000000000E+00   2.267995191281E-01  -6.058085930025E-01   0.000000000000E+00   0.000000000000E+00   0.000000000000E+00   0.000000000000E+00   0.000000000000E+00   3.743601999742E-01   7.428371867298E-01   0.000000000000E+00  -3.189490856735E-01   7.811637033289E-01
   0.000000000000E+00   0.000000000000E+00   0.000000000000E+00   0.000000000000E+00   0.000000000000E+00   8.732974933231E-02  -5.375963642474E-01   0.000000000000E+00   3.257078471494E-01  -5.915044850335E-01   0.000000000000E+00   0.000000000000E+00   0.000000000000E+00   0.000000000000E+00   0.000000000000E+00   2.146189962799E-01   6.679334237574E-01   0.000000000000E+00  -3.719250629271E-01   7.344792839738E-01
   0.000000000000E+00   0.000000000000E+00   0.000000000000E+00   0.000000000000E+00   0.000000000000E+00   1.677927811093E-01  -4.417164439088E-01   0.000000000000E+00   3.802415069754E-01  -5.704110796681E-01   0.000000000000E+00   0.000000000000E+00   0.000000000000E+00   0.000000000000E+00   0.000000000000E+00   7.146986972292E-02   5.927137985942E-01   0.000000000000E+00  -4.087855025807E-01   6.849346450615E-01
   0.000000000000E+00   0.000000000000E+00   0.000000000000E+00   0.000000000000E+00   0.000000000000E+00   2.122215594382E-01  -3.621113485525E-01   0.000000000000E+00   4.001422375477E-01  -5.376044788327E-01   0.000000000000E+00   0.000000000000E+00   0.000000000000E+00   0.000000000000E+00   0.000000000000E+00  -4.994735315329E-02   5.197271480507E-01   0.000000000000E+00  -4.289040552312E-01   6.320943923843E-01
   0.000000000000E+00   0.000000000000E+00   0.000000000000E+00   0.000000000000E+00   0.000000000000E+00   2.323922425349E-01  -2.966922737335E-01   0.000000000000E+00   3.959081928626E-01  -4.951826827507E-01   0.000000000000E+00   0.000000000000E+00   0.000000000000E+00   0.000000000000E+00   0.000000000000E+00  -1.474615520951E-01   4.507882032877E-01   0.000000000000E+00  -4.334698050444E-01   5.765488824216E-01
   0.000000000000E+00   0.000000000000E+00   0.000000000000E+00   0.000000000000E+00   0.000000000000E+00   2.371153851126E-01  -2.431730714842E-01   0.000000000000E+00   3.763395911028E-01  -4.471176497486E-01   0.000000000000E+00   0.000000000000E+00   0.000000000000E+00   0.000000000000E+00   0.000000000000E+00  -2.210991158080E-01   3.870869766656E-01   0.000000000000E+00  -4.247342962727E-01   5.195033827116E-01
   0.000000000000E+00   0.000000000000E+00   0.000000000000E+00   0.000000000000E+00   0.000000000000E+00   2.324060033989E-01  -1.994277637422E-01   0.000000000000E+00   3.479405525817E-01  -3.970875722444E-01   0.000000000000E+00   0.000000000000E+00   0.000000000000E+00   0.000000000000E+00   0.000000000000E+00  -2.724130821486E-01   3.293043124331E-01   0.000000000000E+00  -4.054260491145E-01   4.624067067435E-01
   0.000000000000E+00   0.000000000000E+00   0.000000000000E+00   0.000000000000E+00   0.000000000000E+00   2.221359582955E-01  -1.636307659030E-01   0.000000000000E+00   3.151821396030E-01  -3.478366282601E-01   0.000000000000E+00   0.000000000000E+00   0.000000000000E+00   0.000000000000E+00   0.000000000000E+00  -3.039268587473E-01   2.777207776892E-01   0.000000000000E+00  -3.783515046898E-01   4.066815613756E-01
   0.000000000000E+00   0.000000000000E+00   0.000000000000E+00   0.000000000000E+00   0.000000000000E+00   2.087111914883E-01  -1.342796315975E-01   0.000000000000E+00   2.810010506136E-01  -3.011687895909E-01   0.000000000000E+00   0.000000000000E+00   0.000000000000E+00   0.000000000000E+00   0.000000000000E+00  -3.186855917722E-01   2.323138864453E-01   0.000000000000E+00  -3.461453785262E-01   3.535573757174E-01
   0.000000000000E+00   0.000000000000E+00   0.000000000000E+00   0.000000000000E+00   0.000000000000E+00   1.936100726930E-01  -1.101640580412E-01   0.000000000000E+00   2.472676033192E-01  -2.581418740845E-01   0.000000000000E+00   0.000000000000E+00   0.000000000000E+00   0.000000000000E+00   0.000000000000E+00  -3.199063972748E-01   1.928421227591E-01   0.000000000000E+00  -3.111264073417E-01   3.039862854558E-01
   0.000000000000E+00   0.000000000000E+00   0.000000000000E+00   0.000000000000E+00   0.000000000000E+00   1.777566643631E-01  -9.031695850469E-02   0.000000000000E+00   2.151418331393E-01  -2.192812787620E-01   0.000000000000E+00   0.000000000000E+00   0.000000000000E+00   0.000000000000E+00   0.000000000000E+00  -3.107197205055E-01   1.589155916193E-01   0.000000000000E+00  -2.752251195767E-01   2.586193120440E-01
   0.000000000000E+00   0.000000000000E+00   0.000000000000E+00   0.000000000000E+00   0.000000000000E+00   1.617542283719E-01  -7.396522667613E-02   0.000000000000E+00   1.853159872836E-01  -1.847534540937E-01   0.000000000000E+00   0.000000000000E+00   0.000000000000E+00   0.000000000000E+00   0.000000000000E+00  -2.939931235283E-01   1.300537137975E-01   0.000000000000E+00  -2.399616477037E-01   2.178220393394E-01
   0.000000000000E+00   0.000000000000E+00   0.000000000000E+00   0.000000000000E+00   0.000000000000E+00   1.460177430904E-01  -6.048742234260E-02   0.000000000000E+00   1.581693081213E-01  -1.544907655027E-01   0.000000000000E+00   0.000000000000E+00   0.000000000000E+00   0.000000000000E+00   0.000000000000E+00  -2.722263564092E-01   1.057307657148E-01   0.000000000000E+00  -2.064587598456E-01   1.817131260465E-01
   0.000000000000E+00   0.000000000000E+00   0.000000000000E+00   0.000000000000E+00   0.000000000000E+00   1.308428689539E-01  -4.938016752215E-02   0.000000000000E+00   1.338651584607E-01  -1.282773609471E-01   0.000000000000E+00   0.000000000000E+00   0.000000000000E+00   0.000000000000E+00   0.000000000000E+00  -2.475043361437E-01   8.541039477371E-02   0.000000000000E+00  -1.754788449764E-01   1.502132315143E-01
   0.000000000000E+00   0.000000000000E+00   0.000000000000E+00   0.000000000000E+00   0.000000000000E+00   1.164404721135E-01  -4.023252081471E-02   0.000000000000E+00   1.124144875033E-01  -1.058081867118E-01   0.000000000000E+00   0.000000000000E+00   0.000000000000E+00   0.000000000000E+00   0.000000000000E+00  -2.214937287357E-01   6.857049987528E-02   0.000000000000E+00  -1.474754197065E-01   1.230957596145E-01
   0.000000000000E+00   0.000000000000E+00   0.000000000000E+00   0.000000000000E+00   0.000000000000E+00   1.029550735540E-01  -3.270673973598E-02   0.000000000000E+00   9.372075930890E-02  -8.673026462091E-02   0.000000000000E+00   0.000000000000E+00   0.000000000000E+00   0.000000000000E+00   0.000000000000E+00  -1.954694298746E-01   5.472001713083E-02   0.000000000000E+00  -1.226511834886E-01   1.000339984748E-01
   0.000000000000E+00   0.000000000000E+00   0.000000000000E+00   0.000000000000E+00   0.000000000000E+00   9.047672886195E-02  -2.652380905448E-02   0.000000000000E+00   7.761420848990E-02  -7.067189568433E-02   0.000000000000E+00   0.000000000000E+00   0.000000000000E+00   0.000000000000E+00   0.000000000000E+00  -1.703590311746E-01   4.340917774015E-02   0.000000000000E+00  -1.010162716595E-01   8.064168739294E-02
   0.000000000000E+00   0.000000000000E+00   0.000000000000E+00   0.000000000000E+00   0.000000000000E+00   7.905045962266E-02  -2.145242035412E-02   0.000000000000E+00   6.387896444056E-02  -5.726317395466E-02   0.000000000000E+00   0.000000000000E+00   0.000000000000E+00   0.000000000000E+00   0.000000000000E+00  -1.467957967492E-01   3.423472269676E-02   0.000000000000E+00  -8.244214680316E-02   6.450581190843E-02
   0.000000000000E+00   0.000000000000E+00   0.000000000000E+00   0.000000000000E+00   0.000000000000E+00   6.868469942811E-02  -1.730042123182E-02   0.000000000000E+00   5.227455373229E-02  -4.614997240398E-02   0.000000000000E+00   0.000000000000E+00   0.000000000000E+00   0.000000000000E+00   0.000000000000E+00  -1.251732483017E-01   2.684139831898E-02   0.000000000000E+00  -6.670832508461E-02   5.121160729879E-02
   0.000000000000E+00   0.000000000000E+00   0.000000000000E+00   0.000000000000E+00   0.000000000000E+00   5.935910026992E-02  -1.390805215240E-02   0.000000000000E+00   4.255254144223E-02  -3.700294140636E-02   0.000000000000E+00   0.000000000000E+00   0.000000000000E+00   0.000000000000E+00   0.000000000000E+00  -1.056968023207E-01   2.092085275226E-02   0.000000000000E+00  -5.354065213032E-02   4.036045901823E-02
   0.000000000000E+00   0.000000000000E+00   0.000000000000E+00   0.000000000000E+00   0.000000000000E+00   5.103167261190E-02  -1.114249780085E-02   0.000000000000E+00   3.446889523133E-02  -2.952271612392E-02   0.000000000000E+00   0.000000000000E+00   0.000000000000E+00   0.000000000000E+00   0.000000000000E+00  -8.842982381968E-02   1.620883739651E-02   0.000000000000E+00  -4.264100477524E-02   3.158174731206E-02
   0.000000000000E+00   0.000000000000E+00   0.000000000000E+00   0.000000000000E+00   0.000000000000E+00   4.364517604364E-02  -8.893425207275E-03   0.000000000000E+00   2.779267084296E-02  -2.344230231147E-02   0.000000000000E+00   0.000000000000E+00   0.000000000000E+00   0.000000000000E+00   0.000000000000E+00  -7.333289811626E-02   1.248141126543E-02   0.000000000000E+00  -3.370907545033E-02   2.453980104965E-02
   0.000000000000E+00   0.000000000000E+00   0.000000000000E+00   0.000000000000E+00   0.000000000000E+00   3.713271413730E-02  -7.069284994432E-03   0.000000000000E+00   2.231164413642E-02  -1.852742734132E-02   0.000000000000E+00   0.000000000000E+00   0.000000000000E+00   0.000000000000E+00   0.000000000000E+00  -6.029610695742E-02   9.550664329335E-03   0.000000000000E+00  -2.645733619253E-02   1.893709123328E-02
   0.000000000000E+00   0.000000000000E+00   0.000000000000E+00   0.000000000000E+00   0.000000000000E+00   3.142249662280E-02  -5.594211041985E-03   0.000000000000E+00   1.783548767561E-02  -1.457547187409E-02   0.000000000000E+00   0.000000000000E+00   0.000000000000E+00   0.000000000000E+00   0.000000000000E+00  -4.916470630440E-02   7.260324194718E-03   0.000000000000E+00  -2.062045354401E-02   1.451467442408E-02
   0.000000000000E+00   0.000000000000E+00   0.000000000000E+00   0.000000000000E+00   0.000000000000E+00   2.644169727252E-02  -4.405407254269E-03   0.000000000000E+00   1.419701624289E-02  -1.141344782226E-02   0.000000000000E+00   0.000000000000E+00   0.000000000000E+00   0.000000000000E+00   0.000000000000E+00  -3.975893285598E-02   5.481489899867E-03   0.000000000000E+00  -1.596041547531E-02   1.105073739029E-02
   0.000000000000E+00   0.000000000000E+00   0.000000000000E+00   0.000000000000E+00   0.000000000000E+00   2.211931094919E-02  -3.450937394299E-03   0.000000000000E+00   1.125194833855E-02  -8.895368286604E-03   0.000000000000E+00   0.000000000000E+00   0.000000000000E+00   0.000000000000E+00   0.000000000000E+00  -3.188880147102E-02   4.108644677159E-03   0.000000000000E+00  -1.226850964766E-02   8.357927214212E-03
   0.000000000000E+00   0.000000000000E+00   0.000000000000E+00   0.000000000000E+00   0.000000000000E+00   1.838797376982E-02  -2.687867287781E-03   0.000000000000E+00   8.877584226743E-03  -6.899281594809E-03   0.000000000000E+00   0.000000000000E+00   0.000000000000E+00   0.000000000000E+00   0.000000000000E+00  -2.536476695652E-02   3.056032098737E-03   0.000000000000E+00  -9.365115641004E-03   6.279994084145E-03
   0.000000000000E+00   0.000000000000E+00   0.000000000000E+00   0.000000000000E+00   0.000000000000E+00   1.518484629859E-02  -2.080711468414E-03   0.000000000000E+00   6.970781250914E-03  -5.324193543592E-03   0.000000000000E+00   0.000000000000E+00   0.000000000000E+00   0.000000000000E+00   0.000000000000E+00  -2.000506398735E-02   2.254432424278E-03   0.000000000000E+00  -7.098081954548E-03   4.688136446690E-03
   0.000000000000E+00   0.000000000000E+00   0.000000000000E+00   0.000000000000E+00   0.000000000000E+00   1.245178276429E-02  -1.600148759899E-03   0.000000000000E+00   5.445571975326E-03  -4.087060964014E-03   0.000000000000E+00   0.000000000000E+00   0.000000000000E+00   0.000000000000E+00   0.000000000000E+00  -1.564044444085E-02   1.648343762496E-03   0.000000000000E+00  -5.340276425575E-03   3.477323673276E-03
   0.000000000000E+00   0.000000000000E+00   0.000000000000E+00   0.000000000000E+00   0.000000000000E+00   1.013519980979E-02  -1.221968976105E-03   0.000000000000E+00   4.230760352108E-03  -3.120017988622E-03   0.000000000000E+00   0.000000000000E+00   0.000000000000E+00   0.000000000000E+00   0.000000000000E+00  -1.211692517440E-02   1.193551971067E-03   0.000000000000E+00  -3.986739448214E-03   2.562779882438E-03
   0.000000000000E+00   0.000000000000E+00   0.000000000000E+00   0.000000000000E+00   0.000000000000E+00   8.185333927076E-03  -9.262102406493E-04   0.000000000000E+00   3.267476630390E-03  -2.367803627079E-03   0.000000000000E+00   0.000000000000E+00   0.000000000000E+00   0.000000000000E+00   0.000000000000E+00  -9.297054664180E-03   8.550608879211E-04   0.000000000000E+00  -2.951738198569E-03   1.876742046922E-03
   0.000000000000E+00   0.000000000000E+00   0.000000000000E+00   0.000000000000E+00   0.000000000000E+00   6.557336196333E-03  -6.964580999579E-04   0.000000000000E+00   2.507670488393E-03  -1.785866080703E-03   0.000000000000E+00   0.000000000000E+00   0.000000000000E+00   0.000000000000E+00   0.000000000000E+00  -7.060110948431E-03   6.053480344368E-04   0.000000000000E+00  -2.165917094887E-03   1.365553066780E-03
   0.000000000000E+00   0.000000000000E+00   0.000000000000E+00   0.000000000000E+00   0.000000000000E+00   5.208571326285E-03  -5.192559715027E-04   0.000000000000E+00   1.911406642032E-03  -1.338034978956E-03   0.000000000000E+00   0.000000000000E+00   0.000000000000E+00   0.000000000000E+00   0.000000000000E+00  -5.301558966652E-03   4.229084887022E-04   0.000000000000E+00  -1.573662230103E-03   9.871129193985E-04
   0.000000000000E+00   0.000000000000E+00   0.000000000000E+00   0.000000000000E+00   0.000000000000E+00   4.099542293219E-03  -3.836258055208E-04   0.000000000000E+00   1.445833816507E-03  -9.951964670400E-04   0.000000000000E+00   0.000000000000E+00   0.000000000000E+00   0.000000000000E+00   0.000000000000E+00  -3.932023339048E-03   2.910498207225E-04   0.000000000000E+00  -1.130741531226E-03   7.086852533150E-04
   0.000000000000E+00   0.000000000000E+00   0.000000000000E+00   0.000000000000E+00   0.000000000000E+00   3.197072503228E-03  -2.806584161423E-04   0.000000000000E+00   1.085052927140E-03  -7.345392533863E-04   0.000000000000E+00   0.000000000000E+00   0.000000000000E+00   0.000000000000E+00   0.000000000000E+00  -2.875972361374E-03   1.969028249855E-04   0.000000000000E+00  -8.022436699331E-04   5.050401593801E-04
   0.000000000000E+00   0.000000000000E+00   0.000000000000E+00   0.000000000000E+00   0.000000000000E+00   2.468413879493E-03  -2.031723970157E-04   0.000000000000E+00   8.070386470995E-04  -5.374562653173E-04   0.000000000000E+00   0.000000000000E+00   0.000000000000E+00   0.000000000000E+00   0.000000000000E+00  -2.070259416051E-03   1.306155849702E-04   0.000000000000E+00  -5.608132927133E-04   3.569040296390E-04
   0.000000000000E+00   0.000000000000E+00   0.000000000000E+00   0.000000000000E+00   0.000000000000E+00   1.884593954203E-03  -1.454053725628E-04   0.000000000000E+00   5.940213767424E-04  -3.892639759851E-04   0.000000000000E+00   0.000000000000E+00   0.000000000000E+00   0.000000000000E+00   0.000000000000E+00  -1.462627845254E-03   8.470168055929E-05   0.000000000000E+00  -3.851645255204E-04   2.496825233536E-04
   0.000000000000E+00   0.000000000000E+00   0.000000000000E+00   0.000000000000E+00   0.000000000000E+00   1.423057413622E-03  -1.027835263802E-04   0.000000000000E+00   4.326013781216E-04  -2.788604392658E-04   0.000000000000E+00   0.000000000000E+00   0.000000000000E+00   0.000000000000E+00   0.000000000000E+00  -1.010253309693E-03   5.351678034400E-05   0.000000000000E+00  -2.588461340312E-04   1.724212132449E-04
   0.000000000000E+00   0.000000000000E+00   0.000000000000E+00   0.000000000000E+00   0.000000000000E+00   1.060727241128E-03  -7.168510982185E-05   0.000000000000E+00   3.109625548980E-04  -1.970535279811E-04   0.000000000000E+00   0.000000000000E+00   0.000000000000E+00   0.000000000000E+00   0.000000000000E+00  -6.783725558808E-04   3.284123569777E-05   0.000000000000E+00  -1.692279934648E-04   1.169693370218E-04
   0.000000000000E+00   0.000000000000E+00   0.000000000000E+00   0.000000000000E+00   0.000000000000E+00   7.798313151105E-04  -4.927824348797E-05   0.000000000000E+00   2.203097248162E-04  -1.369965456602E-04   0.000000000000E+00   0.000000000000E+00   0.000000000000E+00   0.000000000000E+00   0.000000000000E+00  -4.390282264461E-04   1.954948043485E-05   0.000000000000E+00  -1.066779838967E-04   7.731436810117E-05
   0.000000000000E+00   0.000000000000E+00   0.000000000000E+00   0.000000000000E+00   0.000000000000E+00   5.643525551087E-04  -3.335748334932E-05   0.000000000000E+00   1.533997202724E-04  -9.327400705771E-05   0.000000000000E+00   0.000000000000E+00   0.000000000000E+00   0.000000000000E+00   0.000000000000E+00  -2.699448781033E-04   1.134996291187E-05   0.000000000000E+00  -6.389986616989E-05   4.905821560811E-05
   0.000000000000E+00   0.000000000000E+00   0.000000000000E+00   0.000000000000E+00   0.000000000000E+00   4.009227454090E-04  -2.222614616657E-05   0.000000000000E+00   1.045533801269E-04  -6.174451547927E-05   0.000000000000E+00   0.000000000000E+00   0.000000000000E+00   0.000000000000E+00   0.000000000000E+00  -1.535408369650E-04   6.581958690003E-06   0.000000000000E+00  -3.540524963226E-05   2.900932034917E-05
   0.000000000000E+00   0.000000000000E+00   0.000000000000E+00   0.000000000000E+00   0.000000000000E+00   2.788302755007E-04  -1.458740341634E-05   0.000000000000E+00   6.943558279870E-05  -3.929936616483E-05   0.000000000000E+00   0.000000000000E+00   0.000000000000E+00   0.000000000000E+00   0.000000000000E+00  -7.607314732358E-05   4.057920573933E-06   0.000000000000E+00  -1.709584707235E-05   1.486842518679E-05
   0.000000000000E+00   0.000000000000E+00   0.000000000000E+00   0.000000000000E+00   0.000000000000E+00   1.890005687639E-04  -9.459415408901E-06   0.000000000000E+00   4.459985490064E-05  -2.354994137362E-05   0.000000000000E+00   0.000000000000E+00   0.000000000000E+00   0.000000000000E+00   0.000000000000E+00  -2.690798699515E-05   2.942025176659E-06   0.000000000000E+00  -5.935436049392E-06   4.989166557072E-06
   0.000000000000E+00   0.000000000000E+00   0.000000000000E+00   0.000000000000E+00   0.000000000000E+00   1.241458655316E-04  -6.107723762808E-06   0.000000000000E+00   2.740832186537E-05  -1.270783703259E-05   0.000000000000E+00   0.000000000000E+00   0.000000000000E+00   0.000000000000E+00   0.000000000000E+00   2.094041603544E-06   2.657288925922E-06   0.000000000000E+00   3.059333130791E-07  -1.802261222861E-06
   0.000000000000E+00   0.000000000000E+00   0.000000000000E+00   0.000000000000E+00   0.000000000000E+00   7.829485285076E-05  -3.988449372380E-06   0.000000000000E+00   1.581080409545E-05  -5.423919339489E-06   0.000000000000E+00   0.000000000000E+00   0.000000000000E+00   0.000000000000E+00   0.000000000000E+00   1.708986018013E-05   2.815075864953E-06   0.000000000000E+00   3.250066135126E-06  -6.341338782470E-06
   0.000000000000E+00   0.000000000000E+00   0.000000000000E+00   0.000000000000E+00   0.000000000000E+00   4.676958995837E-05  -2.704210206457E-06   0.000000000000E+00   8.266625923364E-06  -7.029233276253E-07   0.000000000000E+00   0.000000000000E+00   0.000000000000E+00   0.000000000000E+00   0.000000000000E+00   2.267569814935E-05   3.162032340315E-06   0.000000000000E+00   4.063103220139E-06  -9.223893327818E-06


Spline
12 0.0553585
112.9353346817185 2.801373701455403 -0.1119994835253462
0.035 0.0375    0.204206 -35.71077211012958 2016.504000000031 24177.93762071238
0.0375 0.04    0.12791 -25.17491577974109 2197.838532155373 -120889.6881035729
0.04 0.0425    0.07682029999999999 -16.45240477090621 1291.165871378576 -57585.58520643491
0.0425 0.045    0.0428593 -11.07630513663398 859.2739823303137 16659.22892930921
0.045 0.04533    0.0207993 -6.467574682557872 984.2181993001326 -2167173.572075024
0.04533 0.045334    0.0186943 -6.526006277016704 -1161.283637054166 353213222.4907721
0.045334 0.046259    0.0186682 -6.518342311433599 3077.275032831984 -1324559.571220061
0.046259 0.047184    0.0142234 -4.225362350069925 -598.3777773036936 561811.1110751317
0.047184 0.0493131    0.0102476 -3.890262342340788 960.6480559297889 -100763.5210502349
0.0493131 0.0503195    0.00534702 -1.169934109375229 317.0412179256228 -143026.9144497911
0.0503195 0.0513259    0.00434492 -0.9663840979460291 -114.7856421811885 10348.58893883691
0.0513259 0.0553585    0.00326664 -1.165980214261954 -83.5411824570522 -5782.515169399558 27636944.82683195 -3877959552.095367

This SPLINE is just a DUMMY-SPLINE!!!!!!!!!!!!!!!

