0.200000 56
   0.000000000000E+00  -1.943551799182E-01  -5.048917654803E-01  -4.547905708580E-02   0.000000000000E+00   3.646664973641E-01   3.646664973641E-01   0.000000000000E+00   2.000000000000E+00   2.000000000000E+00
   1.201000000000E+01 0.0 0.0 0.0 0.0 0.0 0.0 0.0 0.0 0.0 0.0 0.0 0.0 0.0 0.0 0.0 0.0 0.0 0.0 0.0
   0.000000000000E+00   0.000000000000E+00   0.000000000000E+00   0.000000000000E+00   0.000000000000E+00   0.000000000000E+00   0.000000000000E+00   0.000000000000E+00   0.000000000000E+00   0.000000000000E+00   0.000000000000E+00   0.000000000000E+00   0.000000000000E+00   0.000000000000E+00   0.000000000000E+00   0.000000000000E+00   0.000000000000E+00   0.000000000000E+00   0.000000000000E+00   0.000000000000E+00
   0.000000000000E+00   0.000000000000E+00   0.000000000000E+00   0.000000000000E+00   0.000000000000E+00  -8.045520965006E-01  -1.057990370261E+00   0.000000000000E+00  -2.404856453176E-01  -1.020431006812E+00   0.000000000000E+00   0.000000000000E+00   0.000000000000E+00   0.000000000000E+00   0.000000000000E+00   8.695194950182E-01   9.551463234498E-01   0.000000000000E+00  -1.292308222099E-01   9.350259917047E-01
   0.000000000000E+00   0.000000000000E+00   0.000000000000E+00   0.000000000000E+00   0.000000000000E+00  -4.988977276939E-01  -9.211561867709E-01   0.000000000000E+00  -9.545317210858E-02  -7.452340149626E-01   0.000000000000E+00   0.000000000000E+00   0.000000000000E+00   0.000000000000E+00   0.000000000000E+00   7.301933399200E-01   9.043089977188E-01   0.000000000000E+00  -2.085485381806E-01   8.867978569793E-01
   0.000000000000E+00   0.000000000000E+00   0.000000000000E+00   0.000000000000E+00   0.000000000000E+00  -2.387934643672E-01  -7.812660258667E-01   0.000000000000E+00   7.667697161968E-02  -6.446811514343E-01   0.000000000000E+00   0.000000000000E+00   0.000000000000E+00   0.000000000000E+00   0.000000000000E+00   5.671949993019E-01   8.407052127220E-01   0.000000000000E+00  -2.889873349176E-01   8.405675658426E-01
   0.000000000000E+00   0.000000000000E+00   0.000000000000E+00   0.000000000000E+00   0.000000000000E+00  -4.558402246131E-02  -6.519805135200E-01   0.000000000000E+00   2.202203725934E-01  -6.148703590498E-01   0.000000000000E+00   0.000000000000E+00   0.000000000000E+00   0.000000000000E+00   0.000000000000E+00   3.977013823567E-01   7.690398529694E-01   0.000000000000E+00  -3.620336964791E-01   7.954284043905E-01
   0.000000000000E+00   0.000000000000E+00   0.000000000000E+00   0.000000000000E+00   0.000000000000E+00   8.495318517503E-02  -5.389087894806E-01   0.000000000000E+00   3.188859515185E-01  -6.001964233809E-01   0.000000000000E+00   0.000000000000E+00   0.000000000000E+00   0.000000000000E+00   0.000000000000E+00   2.347861111396E-01   6.934106209180E-01   0.000000000000E+00  -4.215154741485E-01   7.489426613027E-01
   0.000000000000E+00   0.000000000000E+00   0.000000000000E+00   0.000000000000E+00   0.000000000000E+00   1.656975060561E-01  -4.431687806610E-01   0.000000000000E+00   3.752133670075E-01  -5.787650964161E-01   0.000000000000E+00   0.000000000000E+00   0.000000000000E+00   0.000000000000E+00   0.000000000000E+00   8.733515565779E-02   6.171381046123E-01   0.000000000000E+00  -4.641411019142E-01   6.994012636857E-01
   0.000000000000E+00   0.000000000000E+00   0.000000000000E+00   0.000000000000E+00   0.000000000000E+00   2.103633284459E-01  -3.636352351973E-01   0.000000000000E+00   3.981879132330E-01  -5.456825047966E-01   0.000000000000E+00   0.000000000000E+00   0.000000000000E+00   0.000000000000E+00   0.000000000000E+00  -3.938655912441E-02   5.427594145753E-01   0.000000000000E+00  -4.891103917254E-01   6.463547353478E-01
   0.000000000000E+00   0.000000000000E+00   0.000000000000E+00   0.000000000000E+00   0.000000000000E+00   2.307582693366E-01  -2.982454398323E-01   0.000000000000E+00   3.976251319512E-01  -5.030119977652E-01   0.000000000000E+00   0.000000000000E+00   0.000000000000E+00   0.000000000000E+00   0.000000000000E+00  -1.429572844652E-01   4.721037374540E-01   0.000000000000E+00  -4.974209849715E-01   5.904042280590E-01
   0.000000000000E+00   0.000000000000E+00   0.000000000000E+00   0.000000000000E+00   0.000000000000E+00   2.357762827269E-01  -2.447228695161E-01   0.000000000000E+00   3.818273848500E-01  -4.546946773041E-01   0.000000000000E+00   0.000000000000E+00   0.000000000000E+00   0.000000000000E+00   0.000000000000E+00  -2.230431959433E-01   4.064004959761E-01   0.000000000000E+00  -4.911775949547E-01   5.327814947094E-01
   0.000000000000E+00   0.000000000000E+00   0.000000000000E+00   0.000000000000E+00   0.000000000000E+00   2.315068139308E-01  -2.009403719293E-01   0.000000000000E+00   3.569748329612E-01  -4.043876217897E-01   0.000000000000E+00   0.000000000000E+00   0.000000000000E+00   0.000000000000E+00   0.000000000000E+00  -2.807617003305E-01   3.463921306507E-01   0.000000000000E+00  -4.730329759878E-01   4.749592659889E-01
   0.000000000000E+00   0.000000000000E+00   0.000000000000E+00   0.000000000000E+00   0.000000000000E+00   2.218516803083E-01  -1.650671904758E-01   0.000000000000E+00   3.273404954925E-01  -3.548187884389E-01   0.000000000000E+00   0.000000000000E+00   0.000000000000E+00   0.000000000000E+00   0.000000000000E+00  -3.181791923617E-01   2.924378916844E-01   0.000000000000E+00  -4.457885973767E-01   4.183731801565E-01
   0.000000000000E+00   0.000000000000E+00   0.000000000000E+00   0.000000000000E+00   0.000000000000E+00   2.091939747327E-01  -1.355970628492E-01   0.000000000000E+00   2.957445949530E-01  -3.077788565727E-01   0.000000000000E+00   0.000000000000E+00   0.000000000000E+00   0.000000000000E+00   0.000000000000E+00  -3.379251932212E-01   2.446037264738E-01   0.000000000000E+00  -4.121352504880E-01   3.642583813699E-01
   0.000000000000E+00   0.000000000000E+00   0.000000000000E+00   0.000000000000E+00   0.000000000000E+00   1.949473755847E-01  -1.113202001896E-01   0.000000000000E+00   2.639934615085E-01  -2.643162709528E-01   0.000000000000E+00   0.000000000000E+00   0.000000000000E+00   0.000000000000E+00   0.000000000000E+00  -3.428981200473E-01   2.027377934722E-01   0.000000000000E+00  -3.744994958470E-01   3.135749114157E-01
   0.000000000000E+00   0.000000000000E+00   0.000000000000E+00   0.000000000000E+00   0.000000000000E+00   1.799489814612E-01  -9.127509033867E-02   0.000000000000E+00   2.332205732593E-01  -2.249528207955E-01   0.000000000000E+00   0.000000000000E+00   0.000000000000E+00   0.000000000000E+00   0.000000000000E+00  -3.360424851137E-01   1.665329114386E-01   0.000000000000E+00  -3.349640368360E-01   2.669919438867E-01
   0.000000000000E+00   0.000000000000E+00   0.000000000000E+00   0.000000000000E+00   0.000000000000E+00   1.647126491408E-01  -7.469843402633E-02   0.000000000000E+00   2.041226921748E-01  -1.898584653560E-01   0.000000000000E+00   0.000000000000E+00   0.000000000000E+00   0.000000000000E+00   0.000000000000E+00  -3.201837601101E-01   1.355776559303E-01   0.000000000000E+00  -2.952376449940E-01   2.249065447347E-01
   0.000000000000E+00   0.000000000000E+00   0.000000000000E+00   0.000000000000E+00   0.000000000000E+00   1.495775328540E-01  -6.098125980468E-02   0.000000000000E+00   1.771120251191E-01  -1.589765673183E-01   0.000000000000E+00   0.000000000000E+00   0.000000000000E+00   0.000000000000E+00   0.000000000000E+00  -2.979117410478E-01   1.093976715735E-01   0.000000000000E+00  -2.566576514555E-01   1.874801199902E-01
   0.000000000000E+00   0.000000000000E+00   0.000000000000E+00   0.000000000000E+00   0.000000000000E+00   1.347875100940E-01  -4.963347999643E-02   0.000000000000E+00   1.524107749995E-01  -1.321088885136E-01   0.000000000000E+00   0.000000000000E+00   0.000000000000E+00   0.000000000000E+00   0.000000000000E+00  -2.715054907757E-01   8.748850872342E-02   0.000000000000E+00  -2.202134672540E-01   1.546819245667E-01
   0.000000000000E+00   0.000000000000E+00   0.000000000000E+00   0.000000000000E+00   0.000000000000E+00   1.205299936447E-01  -4.025663132344E-02   0.000000000000E+00   1.301100035131E-01  -1.089725029324E-01   0.000000000000E+00   0.000000000000E+00   0.000000000000E+00   0.000000000000E+00   0.000000000000E+00  -2.428935616077E-01   6.934108508208E-02   0.000000000000E+00  -1.865831182420E-01   1.263333143038E-01
   0.000000000000E+00   0.000000000000E+00   0.000000000000E+00   0.000000000000E+00   0.000000000000E+00   1.069532116482E-01  -3.252342507852E-02   0.000000000000E+00   1.102076923424E-01  -8.923823021406E-02   0.000000000000E+00   0.000000000000E+00   0.000000000000E+00   0.000000000000E+00   0.000000000000E+00  -2.136431286656E-01   5.446074801784E-02   0.000000000000E+00  -1.561769715035E-01   1.021491501503E-01
   0.000000000000E+00   0.000000000000E+00   0.000000000000E+00   0.000000000000E+00   0.000000000000E+00   9.417320653457E-02  -2.616256134424E-02   0.000000000000E+00   9.263492789215E-02  -7.255698196424E-02   0.000000000000E+00   0.000000000000E+00   0.000000000000E+00   0.000000000000E+00   0.000000000000E+00  -1.849715525848E-01   4.238084829511E-02   0.000000000000E+00  -1.291842705486E-01   8.177442920188E-02
   0.000000000000E+00   0.000000000000E+00   0.000000000000E+00   0.000000000000E+00   0.000000000000E+00   8.227656519991E-02  -2.094745687021E-02   0.000000000000E+00   7.727515172271E-02  -5.857799405857E-02   0.000000000000E+00   0.000000000000E+00   0.000000000000E+00   0.000000000000E+00   0.000000000000E+00  -1.577740627051E-01   3.267169679351E-02   0.000000000000E+00  -1.056191702924E-01   6.481524516848E-02
   0.000000000000E+00   0.000000000000E+00   0.000000000000E+00   0.000000000000E+00   0.000000000000E+00   7.132182335364E-02  -1.668781632717E-02   0.000000000000E+00   6.397907904530E-02  -4.696138612450E-02   0.000000000000E+00   0.000000000000E+00   0.000000000000E+00   0.000000000000E+00   0.000000000000E+00  -1.326617799513E-01   2.494573667518E-02   0.000000000000E+00  -8.536386233440E-02   5.086383928217E-02
   0.000000000000E+00   0.000000000000E+00   0.000000000000E+00   0.000000000000E+00   0.000000000000E+00   6.134087439791E-02  -1.322324920810E-02   0.000000000000E+00   5.257662174399E-02  -3.738659315040E-02   0.000000000000E+00   0.000000000000E+00   0.000000000000E+00   0.000000000000E+00   0.000000000000E+00  -1.100051104649E-01   1.885971070514E-02   0.000000000000E+00  -6.820717297525E-02   3.951793828333E-02
   0.000000000000E+00   0.000000000000E+00   0.000000000000E+00   0.000000000000E+00   0.000000000000E+00   5.234088810151E-02  -1.041833430239E-02   0.000000000000E+00   4.288651524344E-02  -2.955770690372E-02   0.000000000000E+00   0.000000000000E+00   0.000000000000E+00   0.000000000000E+00   0.000000000000E+00  -8.997851094053E-02   1.411453359118E-02   0.000000000000E+00  -5.387770550790E-02   3.039486219744E-02
   0.000000000000E+00   0.000000000000E+00   0.000000000000E+00   0.000000000000E+00   0.000000000000E+00   4.430686962516E-02  -8.158740973168E-03   0.000000000000E+00   3.472406293938E-02  -2.320648306555E-02   0.000000000000E+00   0.000000000000E+00   0.000000000000E+00   0.000000000000E+00   0.000000000000E+00  -7.260363031369E-02   1.045349523084E-02   0.000000000000E+00  -4.207117064253E-02   2.314105845302E-02
   0.000000000000E+00   0.000000000000E+00   0.000000000000E+00   0.000000000000E+00   0.000000000000E+00   3.720483969798E-02  -6.348098252862E-03   0.000000000000E+00   2.790728563741E-02  -1.809359629561E-02   0.000000000000E+00   0.000000000000E+00   0.000000000000E+00   0.000000000000E+00   0.000000000000E+00  -5.778877359711E-02   7.659328507835E-03   0.000000000000E+00  -3.247199384518E-02   1.743780374330E-02
   0.000000000000E+00   0.000000000000E+00   0.000000000000E+00   0.000000000000E+00   0.000000000000E+00   3.098555152606E-02  -4.905405448480E-03   0.000000000000E+00   2.226170976540E-02  -1.400860728479E-02   0.000000000000E+00   0.000000000000E+00   0.000000000000E+00   0.000000000000E+00   0.000000000000E+00  -4.536345098250E-02   5.550581152403E-03   0.000000000000E+00  -2.476960624008E-02   1.300383003403E-02
   0.000000000000E+00   0.000000000000E+00   0.000000000000E+00   0.000000000000E+00   0.000000000000E+00   2.558858061658E-02  -3.762838237169E-03   0.000000000000E+00   1.762397519915E-02  -1.076900299723E-02   0.000000000000E+00   0.000000000000E+00   0.000000000000E+00   0.000000000000E+00   0.000000000000E+00  -3.510743929389E-02   3.977640679390E-03   0.000000000000E+00  -1.867002751300E-02   9.595594352497E-03
   0.000000000000E+00   0.000000000000E+00   0.000000000000E+00   0.000000000000E+00   0.000000000000E+00   2.094649868967E-02  -2.863847808811E-03   0.000000000000E+00   1.384437315623E-02  -8.218573998223E-03   0.000000000000E+00   0.000000000000E+00   0.000000000000E+00   0.000000000000E+00   0.000000000000E+00  -2.677428822423E-02   2.818678590240E-03   0.000000000000E+00  -1.390345306304E-02   7.005840449727E-03
   0.000000000000E+00   0.000000000000E+00   0.000000000000E+00   0.000000000000E+00   0.000000000000E+00   1.698872372051E-02  -2.161494536320E-03   0.000000000000E+00   1.078836298941E-02  -6.225314158115E-03   0.000000000000E+00   0.000000000000E+00   0.000000000000E+00   0.000000000000E+00   0.000000000000E+00  -2.010956138187E-02   1.975707370782E-03   0.000000000000E+00  -1.022858475110E-02   5.061009093683E-03
   0.000000000000E+00   0.000000000000E+00   0.000000000000E+00   0.000000000000E+00   0.000000000000E+00   1.364462576069E-02  -1.616978285718E-03   0.000000000000E+00   8.337108029310E-03  -4.678986153836E-03   0.000000000000E+00   0.000000000000E+00   0.000000000000E+00   0.000000000000E+00   0.000000000000E+00  -1.486433202959E-02   1.370882476228E-03   0.000000000000E+00  -7.434416207299E-03   3.617954831342E-03
   0.000000000000E+00   0.000000000000E+00   0.000000000000E+00   0.000000000000E+00   0.000000000000E+00   1.084569179075E-02  -1.198355731132E-03   0.000000000000E+00   6.387164230709E-03  -3.488506584083E-03   0.000000000000E+00   0.000000000000E+00   0.000000000000E+00   0.000000000000E+00   0.000000000000E+00  -1.080457939355E-02   9.431315543003E-04   0.000000000000E+00  -5.340118867591E-03   2.560329677624E-03
   0.000000000000E+00   0.000000000000E+00   0.000000000000E+00   0.000000000000E+00   0.000000000000E+00   8.526805038664E-03  -8.794375416414E-04   0.000000000000E+00   4.849542430638E-03  -2.579311328503E-03   0.000000000000E+00   0.000000000000E+00   0.000000000000E+00   0.000000000000E+00   0.000000000000E+00  -7.717177690227E-03   6.451539602617E-04   0.000000000000E+00  -3.793589556781E-03   1.794904516108E-03
   0.000000000000E+00   0.000000000000E+00   0.000000000000E+00   0.000000000000E+00   0.000000000000E+00   6.625804496787E-03  -6.388508166733E-04   0.000000000000E+00   3.647931776644E-03  -1.890638277646E-03   0.000000000000E+00   0.000000000000E+00   0.000000000000E+00   0.000000000000E+00   0.000000000000E+00  -5.413158750696E-03   4.408040493633E-04   0.000000000000E+00  -2.669126802159E-03   1.248020646268E-03
   0.000000000000E+00   0.000000000000E+00   0.000000000000E+00   0.000000000000E+00   0.000000000000E+00   5.086658766411E-03  -4.592534580956E-04   0.000000000000E+00   2.718548852401E-03  -1.373818930098E-03   0.000000000000E+00   0.000000000000E+00   0.000000000000E+00   0.000000000000E+00   0.000000000000E+00  -3.728879385693E-03   3.028504433419E-04   0.000000000000E+00  -1.864610030058E-03   8.622984819597E-04
   0.000000000000E+00   0.000000000000E+00   0.000000000000E+00   0.000000000000E+00   0.000000000000E+00   3.855022653528E-03  -3.266768349116E-04   0.000000000000E+00   2.006711402936E-03  -9.893941577285E-04   0.000000000000E+00   0.000000000000E+00   0.000000000000E+00   0.000000000000E+00   0.000000000000E+00  -2.525651953666E-03   2.110890422948E-04   0.000000000000E+00  -1.298469280194E-03   5.936780244358E-04
   0.000000000000E+00   0.000000000000E+00   0.000000000000E+00   0.000000000000E+00   0.000000000000E+00   2.883821385938E-03  -2.299579831012E-04   0.000000000000E+00   1.467902412729E-03  -7.064303597915E-04   0.000000000000E+00   0.000000000000E+00   0.000000000000E+00   0.000000000000E+00   0.000000000000E+00  -1.688312974177E-03   1.507786237613E-04   0.000000000000E+00  -9.066565686904E-04   4.088255506389E-04
   0.000000000000E+00   0.000000000000E+00   0.000000000000E+00   0.000000000000E+00   0.000000000000E+00   2.125704225014E-03  -1.602586058026E-04   0.000000000000E+00   1.063357723502E-03  -4.997053772568E-04   0.000000000000E+00   0.000000000000E+00   0.000000000000E+00   0.000000000000E+00   0.000000000000E+00  -1.123118874622E-03   1.113631890945E-04   0.000000000000E+00  -6.397651841617E-04   2.829115519690E-04
   0.000000000000E+00   0.000000000000E+00   0.000000000000E+00   0.000000000000E+00   0.000000000000E+00   1.546911016000E-03  -1.106830569658E-04   0.000000000000E+00   7.647276588130E-04  -3.508647029035E-04   0.000000000000E+00   0.000000000000E+00   0.000000000000E+00   0.000000000000E+00   0.000000000000E+00  -7.552761263596E-04   8.544369380692E-05   0.000000000000E+00  -4.603903170787E-04   1.977446426967E-04
   0.000000000000E+00   0.000000000000E+00   0.000000000000E+00   0.000000000000E+00   0.000000000000E+00   1.108699940899E-03  -7.586516473217E-05   0.000000000000E+00   5.454651990059E-04  -2.442436642024E-04   0.000000000000E+00   0.000000000000E+00   0.000000000000E+00   0.000000000000E+00   0.000000000000E+00  -5.263389270775E-04   6.796251693628E-05   0.000000000000E+00  -3.407829033484E-04   1.402331975365E-04
   0.000000000000E+00   0.000000000000E+00   0.000000000000E+00   0.000000000000E+00   0.000000000000E+00   7.832387168138E-04  -5.173654017664E-05   0.000000000000E+00   3.865204640355E-04  -1.687036290379E-04   0.000000000000E+00   0.000000000000E+00   0.000000000000E+00   0.000000000000E+00   0.000000000000E+00  -3.916432785624E-04   5.556623928310E-05   0.000000000000E+00  -2.608172609770E-04   1.011392376184E-04
   0.000000000000E+00   0.000000000000E+00   0.000000000000E+00   0.000000000000E+00   0.000000000000E+00   5.461423076424E-04  -3.522039232792E-05   0.000000000000E+00   2.725719259355E-04  -1.156907075085E-04   0.000000000000E+00   0.000000000000E+00   0.000000000000E+00   0.000000000000E+00   0.000000000000E+00  -3.178925489887E-04   4.611542489945E-05   0.000000000000E+00  -2.062705849564E-04   7.408610718576E-05
   0.000000000000E+00   0.000000000000E+00   0.000000000000E+00   0.000000000000E+00   0.000000000000E+00   3.773241435598E-04  -2.403498564422E-05   0.000000000000E+00   1.917974677654E-04  -7.884070447799E-05   0.000000000000E+00   0.000000000000E+00   0.000000000000E+00   0.000000000000E+00   0.000000000000E+00  -2.809662350415E-04   3.831368846797E-05   0.000000000000E+00  -1.673971241501E-04   5.478153309887E-05
   0.000000000000E+00   0.000000000000E+00   0.000000000000E+00   0.000000000000E+00   0.000000000000E+00   2.590563781507E-04  -1.651296828542E-05   0.000000000000E+00   1.346673296726E-04  -5.327743294657E-05   0.000000000000E+00   0.000000000000E+00   0.000000000000E+00   0.000000000000E+00   0.000000000000E+00  -2.639898921009E-04   3.143205694347E-05   0.000000000000E+00  -1.377704245239E-04   4.041972769026E-05
   0.000000000000E+00   0.000000000000E+00   0.000000000000E+00   0.000000000000E+00   0.000000000000E+00   1.781306848063E-04  -1.146154776197E-05   0.000000000000E+00   9.438661241062E-05  -3.559743895983E-05   0.000000000000E+00   0.000000000000E+00   0.000000000000E+00   0.000000000000E+00   0.000000000000E+00  -2.556789713983E-04   2.510826942618E-05   0.000000000000E+00  -1.133620431702E-04   2.922949146069E-05
   0.000000000000E+00   0.000000000000E+00   0.000000000000E+00   0.000000000000E+00   0.000000000000E+00   1.242478535272E-04  -8.041394997876E-06   0.000000000000E+00   6.597125640989E-05  -2.337791071220E-05   0.000000000000E+00   0.000000000000E+00   0.000000000000E+00   0.000000000000E+00   0.000000000000E+00  -2.489513225905E-04   1.920405599150E-05   0.000000000000E+00  -9.182344733002E-05   2.013919843565E-05
   0.000000000000E+00   0.000000000000E+00   0.000000000000E+00   0.000000000000E+00   0.000000000000E+00   8.929006779141E-05  -5.676564182374E-06   0.000000000000E+00   4.574770273771E-05  -1.489018139014E-05   0.000000000000E+00   0.000000000000E+00   0.000000000000E+00   0.000000000000E+00   0.000000000000E+00  -2.397910946392E-04   1.370650650650E-05   0.000000000000E+00  -7.193843269686E-05   1.253367251706E-05
   0.000000000000E+00   0.000000000000E+00   0.000000000000E+00   0.000000000000E+00   0.000000000000E+00   6.711353704157E-05  -3.981975909216E-06   0.000000000000E+00   3.110299546365E-05  -8.935380869943E-06   0.000000000000E+00   0.000000000000E+00   0.000000000000E+00   0.000000000000E+00   0.000000000000E+00  -2.263394679601E-04   8.662341945379E-06   0.000000000000E+00  -5.321553329482E-05   6.081991628316E-06
   0.000000000000E+00   0.000000000000E+00   0.000000000000E+00   0.000000000000E+00   0.000000000000E+00   5.328142769446E-05  -2.708963270810E-06   0.000000000000E+00   2.025674727620E-05  -4.709157406235E-06   0.000000000000E+00   0.000000000000E+00   0.000000000000E+00   0.000000000000E+00   0.000000000000E+00  -2.081839686619E-04   4.136224064566E-06   0.000000000000E+00  -3.559293389336E-05   6.189994728841E-07
   0.000000000000E+00   0.000000000000E+00   0.000000000000E+00   0.000000000000E+00   0.000000000000E+00   4.451608533863E-05  -1.703316824016E-06   0.000000000000E+00   1.197129919709E-05  -1.661596065383E-06   0.000000000000E+00   0.000000000000E+00   0.000000000000E+00   0.000000000000E+00   0.000000000000E+00  -1.858170927855E-04   1.861973434529E-07   0.000000000000E+00  -1.923187094921E-05  -3.933344890402E-06
   0.000000000000E+00   0.000000000000E+00   0.000000000000E+00   0.000000000000E+00   0.000000000000E+00   3.862268014761E-05  -8.744232873120E-07   0.000000000000E+00   5.459705778514E-06   5.598245244140E-07   0.000000000000E+00   0.000000000000E+00   0.000000000000E+00   0.000000000000E+00   0.000000000000E+00  -1.602358045416E-04  -3.149023149922E-06   0.000000000000E+00  -4.378085040011E-06  -7.615739214100E-06
   0.000000000000E+00   0.000000000000E+00   0.000000000000E+00   0.000000000000E+00   0.000000000000E+00   3.415244210805E-05  -1.727581417521E-07   0.000000000000E+00   2.234860764730E-07   2.183462666344E-06   0.000000000000E+00   0.000000000000E+00   0.000000000000E+00   0.000000000000E+00   0.000000000000E+00  -1.326555226395E-04  -5.854887675383E-06   0.000000000000E+00   8.725661166402E-06  -1.046092700021E-05
   0.000000000000E+00   0.000000000000E+00   0.000000000000E+00   0.000000000000E+00   0.000000000000E+00   3.020878150153E-05   4.260417840101E-07   0.000000000000E+00  -4.041888238765E-06   3.356450083043E-06   0.000000000000E+00   0.000000000000E+00   0.000000000000E+00   0.000000000000E+00   0.000000000000E+00  -1.043149690888E-04  -7.940889307724E-06   0.000000000000E+00   1.988980493470E-05  -1.250915796322E-05
   0.000000000000E+00   0.000000000000E+00   0.000000000000E+00   0.000000000000E+00   0.000000000000E+00   2.629656992887E-05   9.320009108040E-07   0.000000000000E+00  -7.514356729620E-06   4.173955630458E-06   0.000000000000E+00   0.000000000000E+00   0.000000000000E+00   0.000000000000E+00   0.000000000000E+00  -7.635134696939E-05  -9.437574652207E-06   0.000000000000E+00   2.900192152867E-05  -1.381452047247E-05
   0.000000000000E+00   0.000000000000E+00   0.000000000000E+00   0.000000000000E+00   0.000000000000E+00   2.219706449793E-05   1.348792859991E-06   0.000000000000E+00  -1.029542914372E-05   4.699727307830E-06   0.000000000000E+00   0.000000000000E+00   0.000000000000E+00   0.000000000000E+00   0.000000000000E+00  -4.972846426447E-05  -1.039214216805E-05   0.000000000000E+00   3.603290976511E-05  -1.444563170301E-05


Spline
12 0.0553585
112.9353346817185 2.801373701455403 -0.1119994835253462
0.035 0.0375    0.204206 -35.71077211012958 2016.504000000031 24177.93762071238
0.0375 0.04    0.12791 -25.17491577974109 2197.838532155373 -120889.6881035729
0.04 0.0425    0.07682029999999999 -16.45240477090621 1291.165871378576 -57585.58520643491
0.0425 0.045    0.0428593 -11.07630513663398 859.2739823303137 16659.22892930921
0.045 0.04533    0.0207993 -6.467574682557872 984.2181993001326 -2167173.572075024
0.04533 0.045334    0.0186943 -6.526006277016704 -1161.283637054166 353213222.4907721
0.045334 0.046259    0.0186682 -6.518342311433599 3077.275032831984 -1324559.571220061
0.046259 0.047184    0.0142234 -4.225362350069925 -598.3777773036936 561811.1110751317
0.047184 0.0493131    0.0102476 -3.890262342340788 960.6480559297889 -100763.5210502349
0.0493131 0.0503195    0.00534702 -1.169934109375229 317.0412179256228 -143026.9144497911
0.0503195 0.0513259    0.00434492 -0.9663840979460291 -114.7856421811885 10348.58893883691
0.0513259 0.0553585    0.00326664 -1.165980214261954 -83.5411824570522 -5782.515169399558 27636944.82683195 -3877959552.095367

This SPLINE is just a DUMMY-SPLINE!!!!!!!!!!!!!!!

