0.200000 71
   0.000000000000E+00 0.0 0.0 0.0 0.0 0.0 0.0 0.0 0.0 0.0 0.0 0.0 0.0 0.0 0.0 0.0 0.0 0.0 0.0 0.0
   0.000000000000E+00   0.000000000000E+00   0.000000000000E+00   0.000000000000E+00   0.000000000000E+00   0.000000000000E+00   0.000000000000E+00   0.000000000000E+00   0.000000000000E+00   0.000000000000E+00   0.000000000000E+00   0.000000000000E+00   0.000000000000E+00   0.000000000000E+00   0.000000000000E+00   0.000000000000E+00   0.000000000000E+00   0.000000000000E+00   0.000000000000E+00   0.000000000000E+00
   0.000000000000E+00   0.000000000000E+00   0.000000000000E+00   0.000000000000E+00   0.000000000000E+00  -8.539501662415E-01  -1.098338365711E+00   0.000000000000E+00  -2.029551978187E-01  -1.110883737641E+00   0.000000000000E+00   0.000000000000E+00   0.000000000000E+00   0.000000000000E+00   0.000000000000E+00   8.819545309441E-01   9.592744932659E-01   0.000000000000E+00  -1.294890198496E-01   9.387976346717E-01
   0.000000000000E+00   0.000000000000E+00   0.000000000000E+00   0.000000000000E+00   0.000000000000E+00  -5.538803445706E-01  -9.656593019470E-01   0.000000000000E+00  -5.387712139674E-02  -8.405129228894E-01   0.000000000000E+00   0.000000000000E+00   0.000000000000E+00   0.000000000000E+00   0.000000000000E+00   7.560308925426E-01   9.133555121268E-01   0.000000000000E+00  -2.079998577363E-01   8.937845615884E-01
   0.000000000000E+00   0.000000000000E+00   0.000000000000E+00   0.000000000000E+00   0.000000000000E+00  -2.926291436376E-01  -8.283987029345E-01   0.000000000000E+00   1.205252992141E-01  -7.379581460349E-01   0.000000000000E+00   0.000000000000E+00   0.000000000000E+00   0.000000000000E+00   0.000000000000E+00   6.083943385234E-01   8.558509882431E-01   0.000000000000E+00  -2.875795488995E-01   8.509559910491E-01
   0.000000000000E+00   0.000000000000E+00   0.000000000000E+00   0.000000000000E+00   0.000000000000E+00  -9.270718924861E-02  -6.998766969903E-01   0.000000000000E+00   2.665050560933E-01  -7.035414043133E-01   0.000000000000E+00   0.000000000000E+00   0.000000000000E+00   0.000000000000E+00   0.000000000000E+00   4.541949259619E-01   7.909421828600E-01   0.000000000000E+00  -3.602863663934E-01   8.093160678803E-01
   0.000000000000E+00   0.000000000000E+00   0.000000000000E+00   0.000000000000E+00   0.000000000000E+00   4.767629954644E-02  -5.859096134571E-01   0.000000000000E+00   3.678301428432E-01  -6.834942285989E-01   0.000000000000E+00   0.000000000000E+00   0.000000000000E+00   0.000000000000E+00   0.000000000000E+00   3.048256524927E-01   7.222410235681E-01   0.000000000000E+00  -4.204094915320E-01   7.664252778093E-01
   0.000000000000E+00   0.000000000000E+00   0.000000000000E+00   0.000000000000E+00   0.000000000000E+00   1.391724541839E-01  -4.880385996916E-01   0.000000000000E+00   4.265310680411E-01  -6.565202927136E-01   0.000000000000E+00   0.000000000000E+00   0.000000000000E+00   0.000000000000E+00   0.000000000000E+00   1.679312514342E-01   6.526508910048E-01   0.000000000000E+00  -4.649160831670E-01   7.205606845493E-01
   0.000000000000E+00   0.000000000000E+00   0.000000000000E+00   0.000000000000E+00   0.000000000000E+00   1.939198369767E-01  -4.055919935532E-01   0.000000000000E+00   4.511134572534E-01  -6.178666326421E-01   0.000000000000E+00   0.000000000000E+00   0.000000000000E+00   0.000000000000E+00   0.000000000000E+00   4.795938714327E-02   5.843721108233E-01   0.000000000000E+00  -4.930470005845E-01   6.712086036929E-01
   0.000000000000E+00   0.000000000000E+00   0.000000000000E+00   0.000000000000E+00   0.000000000000E+00   2.228441987164E-01  -3.368959333225E-01   0.000000000000E+00   4.511422304455E-01  -5.696364822111E-01   0.000000000000E+00   0.000000000000E+00   0.000000000000E+00   0.000000000000E+00   0.000000000000E+00  -5.311073131814E-02   5.189772094942E-01   0.000000000000E+00  -5.056718463773E-01   6.188609128633E-01
   0.000000000000E+00   0.000000000000E+00   0.000000000000E+00   0.000000000000E+00   0.000000000000E+00   2.345474870096E-01  -2.799644680269E-01   0.000000000000E+00   4.349209628732E-01  -5.158390164284E-01   0.000000000000E+00   0.000000000000E+00   0.000000000000E+00   0.000000000000E+00   0.000000000000E+00  -1.350499844169E-01   4.575144831079E-01   0.000000000000E+00  -5.046616329463E-01   5.646188671295E-01
   0.000000000000E+00   0.000000000000E+00   0.000000000000E+00   0.000000000000E+00   0.000000000000E+00   2.352141950095E-01  -2.328630317175E-01   0.000000000000E+00   4.087964483840E-01  -4.602303821553E-01   0.000000000000E+00   0.000000000000E+00   0.000000000000E+00   0.000000000000E+00   0.000000000000E+00  -1.987675963606E-01   4.006160038332E-01   0.000000000000E+00  -4.923776372963E-01   5.098262512710E-01
   0.000000000000E+00   0.000000000000E+00   0.000000000000E+00   0.000000000000E+00   0.000000000000E+00   2.290381668519E-01  -1.938722696569E-01   0.000000000000E+00   3.772745597882E-01  -4.056373721763E-01   0.000000000000E+00   0.000000000000E+00   0.000000000000E+00   0.000000000000E+00   0.000000000000E+00  -2.458416391537E-01   3.485967576724E-01   0.000000000000E+00  -4.713016760546E-01   4.558057228664E-01
   0.000000000000E+00   0.000000000000E+00   0.000000000000E+00   0.000000000000E+00   0.000000000000E+00   2.187545793382E-01  -1.615378151945E-01   0.000000000000E+00   3.434032002036E-01  -3.539238033427E-01   0.000000000000E+00   0.000000000000E+00   0.000000000000E+00   0.000000000000E+00   0.000000000000E+00  -2.781874802572E-01   3.015387212120E-01   0.000000000000E+00  -4.437972415626E-01   4.037025323189E-01
   0.000000000000E+00   0.000000000000E+00   0.000000000000E+00   0.000000000000E+00   0.000000000000E+00   2.061071704838E-01  -1.346624344341E-01   0.000000000000E+00   3.091732879178E-01  -3.061748885735E-01   0.000000000000E+00   0.000000000000E+00   0.000000000000E+00   0.000000000000E+00   0.000000000000E+00  -2.978392484319E-01   2.593583732476E-01   0.000000000000E+00  -4.119751777989E-01   3.544131286070E-01
   0.000000000000E+00   0.000000000000E+00   0.000000000000E+00   0.000000000000E+00   0.000000000000E+00   1.922014067772E-01  -1.122739086636E-01   0.000000000000E+00   2.758478336520E-01  -2.629144335022E-01   0.000000000000E+00   0.000000000000E+00   0.000000000000E+00   0.000000000000E+00   0.000000000000E+00  -3.068137698960E-01   2.218588550441E-01   0.000000000000E+00  -3.776340769467E-01   3.085710288397E-01
   0.000000000000E+00   0.000000000000E+00   0.000000000000E+00   0.000000000000E+00   0.000000000000E+00   1.777462240668E-01  -9.358656661983E-02   0.000000000000E+00   2.442020477805E-01  -2.242882003902E-01   0.000000000000E+00   0.000000000000E+00   0.000000000000E+00   0.000000000000E+00   0.000000000000E+00  -3.070296726400E-01   1.887692245979E-01   0.000000000000E+00  -3.422489644207E-01   2.665662991452E-01
   0.000000000000E+00   0.000000000000E+00   0.000000000000E+00   0.000000000000E+00   0.000000000000E+00   1.632074786493E-01  -7.796499147373E-02   0.000000000000E+00   2.146871682207E-01  -1.901999410751E-01   0.000000000000E+00   0.000000000000E+00   0.000000000000E+00   0.000000000000E+00   0.000000000000E+00  -3.002611378208E-01   1.597735132272E-01   0.000000000000E+00  -3.069880315843E-01   2.285814976820E-01
   0.000000000000E+00   0.000000000000E+00   0.000000000000E+00   0.000000000000E+00   0.000000000000E+00   1.489003811380E-01  -6.489315106103E-02   0.000000000000E+00   1.875386482693E-01  -1.604063620748E-01   0.000000000000E+00   0.000000000000E+00   0.000000000000E+00   0.000000000000E+00   0.000000000000E+00  -2.881126939733E-01   1.345320326960E-01   0.000000000000E+00  -2.727435346224E-01   1.946330008155E-01
   0.000000000000E+00   0.000000000000E+00   0.000000000000E+00   0.000000000000E+00   0.000000000000E+00   1.350436228041E-01  -5.394949337046E-02   0.000000000000E+00   1.628471402307E-01  -1.345815353205E-01   0.000000000000E+00   0.000000000000E+00   0.000000000000E+00   0.000000000000E+00   0.000000000000E+00  -2.720069205086E-01   1.126969144423E-01   0.000000000000E+00  -2.401682022947E-01   1.646112785316E-01
   0.000000000000E+00   0.000000000000E+00   0.000000000000E+00   0.000000000000E+00   0.000000000000E+00   1.217908978605E-01  -4.478739993350E-02   0.000000000000E+00   1.406055570316E-01  -1.123599006803E-01   0.000000000000E+00   0.000000000000E+00   0.000000000000E+00   0.000000000000E+00   0.000000000000E+00  -2.531805881237E-01   9.392337771788E-02   0.000000000000E+00  -2.097122245509E-01   1.383168474471E-01
   0.000000000000E+00   0.000000000000E+00   0.000000000000E+00   0.000000000000E+00   0.000000000000E+00   1.092494312507E-01  -3.712003578373E-02   0.000000000000E+00   1.207409037225E-01  -9.336456844169E-02   0.000000000000E+00   0.000000000000E+00   0.000000000000E+00   0.000000000000E+00   0.000000000000E+00  -2.326868744065E-01   7.787781068029E-02   0.000000000000E+00  -1.816582813140E-01   1.154905997550E-01
   0.000000000000E+00   0.000000000000E+00   0.000000000000E+00   0.000000000000E+00   0.000000000000E+00   9.749126787192E-02  -3.070864974378E-02   0.000000000000E+00   1.031363376352E-01  -7.722557157170E-02   0.000000000000E+00   0.000000000000E+00   0.000000000000E+00   0.000000000000E+00   0.000000000000E+00  -2.114023194094E-01   6.424343510060E-02   0.000000000000E+00  -1.561534597073E-01   9.583833540974E-02
   0.000000000000E+00   0.000000000000E+00   0.000000000000E+00   0.000000000000E+00   0.000000000000E+00   8.656053029645E-02  -2.535351640872E-02   0.000000000000E+00   8.764686534177E-02  -6.359124710505E-02   0.000000000000E+00   0.000000000000E+00   0.000000000000E+00   0.000000000000E+00   0.000000000000E+00  -1.900375743730E-01   5.272410528447E-02   0.000000000000E+00  -1.332376464186E-01   7.904991056387E-02
   0.000000000000E+00   0.000000000000E+00   0.000000000000E+00   0.000000000000E+00   0.000000000000E+00   7.647850824039E-02  -2.088688095546E-02   0.000000000000E+00   7.411078655685E-02  -5.213491578442E-02   0.000000000000E+00   0.000000000000E+00   0.000000000000E+00   0.000000000000E+00   0.000000000000E+00  -1.691510812352E-01   4.304664534399E-02   0.000000000000E+00  -1.128683423350E-01   6.481367385803E-02
   0.000000000000E+00   0.000000000000E+00   0.000000000000E+00   0.000000000000E+00   0.000000000000E+00   6.724758799850E-02  -1.716741055768E-02   0.000000000000E+00   6.235819694148E-02  -4.255834837573E-02   0.000000000000E+00   0.000000000000E+00   0.000000000000E+00   0.000000000000E+00   0.000000000000E+00  -1.491648103286E-01   3.496203424957E-02   0.000000000000E+00  -9.494201126215E-02   5.282693635435E-02
   0.000000000000E+00   0.000000000000E+00   0.000000000000E+00   0.000000000000E+00   0.000000000000E+00   5.885455807976E-02  -1.407578439951E-02   0.000000000000E+00   5.221736862856E-02  -3.459304745718E-02   0.000000000000E+00   0.000000000000E+00   0.000000000000E+00   0.000000000000E+00   0.000000000000E+00  -1.303811863080E-01   2.824568652690E-02   0.000000000000E+00  -7.931214997391E-02   4.280319855520E-02
   0.000000000000E+00   0.000000000000E+00   0.000000000000E+00   0.000000000000E+00   0.000000000000E+00   5.127355263670E-02  -1.151114446148E-02   0.000000000000E+00   4.351953089231E-02  -2.800006181813E-02   0.000000000000E+00   0.000000000000E+00   0.000000000000E+00   0.000000000000E+00   0.000000000000E+00  -1.130003867650E-01   2.269703441040E-02   0.000000000000E+00  -6.580430699897E-02   3.447679019724E-02
   0.000000000000E+00   0.000000000000E+00   0.000000000000E+00   0.000000000000E+00   0.000000000000E+00   4.446874320178E-02  -9.388204901558E-03   0.000000000000E+00   3.610239806173E-02  -2.256883948446E-02   0.000000000000E+00   0.000000000000E+00   0.000000000000E+00   0.000000000000E+00   0.000000000000E+00  -9.713730413010E-02   1.813858582507E-02   0.000000000000E+00  -5.422830494404E-02   2.760549358258E-02
   0.000000000000E+00   0.000000000000E+00   0.000000000000E+00   0.000000000000E+00   0.000000000000E+00   3.839681254604E-02  -7.634867996398E-03   0.000000000000E+00   2.981269086552E-02  -1.811547831710E-02   0.000000000000E+00   0.000000000000E+00   0.000000000000E+00   0.000000000000E+00   0.000000000000E+00  -8.283760205720E-02   1.441460657298E-02   0.000000000000E+00  -4.438794213902E-02   2.197163388859E-02
   0.000000000000E+00   0.000000000000E+00   0.000000000000E+00   0.000000000000E+00   0.000000000000E+00   3.300921144569E-02  -6.190237294393E-03   0.000000000000E+00   2.450783895316E-02  -1.448063021510E-02   0.000000000000E+00   0.000000000000E+00   0.000000000000E+00   0.000000000000E+00   0.000000000000E+00  -7.009245144925E-02   1.138955193666E-02   0.000000000000E+00  -3.608846375266E-02   1.738203743241E-02
   0.000000000000E+00   0.000000000000E+00   0.000000000000E+00   0.000000000000E+00   0.000000000000E+00   2.825418711424E-02  -5.002945194551E-03   0.000000000000E+00   2.005701646161E-02  -1.152724025210E-02   0.000000000000E+00   0.000000000000E+00   0.000000000000E+00   0.000000000000E+00   0.000000000000E+00  -5.885168062036E-02   8.946351540815E-03   0.000000000000E+00  -2.914209858691E-02   1.366718445624E-02
   0.000000000000E+00   0.000000000000E+00   0.000000000000E+00   0.000000000000E+00   0.000000000000E+00   2.407856922185E-02  -4.029732831219E-03   0.000000000000E+00   1.634163753271E-02  -9.138247272507E-03   0.000000000000E+00   0.000000000000E+00   0.000000000000E+00   0.000000000000E+00   0.000000000000E+00  -4.903520646630E-02   6.984631526074E-03   0.000000000000E+00  -2.337195455564E-02   1.067981773699E-02
   0.000000000000E+00   0.000000000000E+00   0.000000000000E+00   0.000000000000E+00   0.000000000000E+00   2.042929856368E-02  -3.234237884001E-03   0.000000000000E+00   1.325541884927E-02  -7.214331665587E-03   0.000000000000E+00   0.000000000000E+00   0.000000000000E+00   0.000000000000E+00   0.000000000000E+00  -4.054272228847E-02   5.418940034526E-03   0.000000000000E+00  -1.861455371883E-02   8.293212247894E-03
   0.000000000000E+00   0.000000000000E+00   0.000000000000E+00   0.000000000000E+00   0.000000000000E+00   1.725468132371E-02  -2.585953676878E-03   0.000000000000E+00   1.070409896485E-02  -5.671765778792E-03   0.000000000000E+00   0.000000000000E+00   0.000000000000E+00   0.000000000000E+00   0.000000000000E+00  -3.326170104406E-02   4.177025908302E-03   0.000000000000E+00  -1.472126808064E-02   6.399263721694E-03
   0.000000000000E+00   0.000000000000E+00   0.000000000000E+00   0.000000000000E+00   0.000000000000E+00   1.450535523086E-02  -2.059334881151E-03   0.000000000000E+00   8.604891196910E-03  -4.440401127127E-03   0.000000000000E+00   0.000000000000E+00   0.000000000000E+00   0.000000000000E+00   0.000000000000E+00  -2.707383140873E-02   3.198206524755E-03   0.000000000000E+00  -1.155889218882E-02   4.906514555647E-03
   0.000000000000E+00   0.000000000000E+00   0.000000000000E+00   0.000000000000E+00   0.000000000000E+00   1.213496191535E-02  -1.633028393575E-03   0.000000000000E+00   6.885737139152E-03  -3.461812247067E-03   0.000000000000E+00   0.000000000000E+00   0.000000000000E+00   0.000000000000E+00   0.000000000000E+00  -2.186004112809E-02   2.431848887283E-03   0.000000000000E+00  -9.009560084398E-03   3.738203219602E-03
   0.000000000000E+00   0.000000000000E+00   0.000000000000E+00   0.000000000000E+00   0.000000000000E+00   1.010054224868E-02  -1.289215262400E-03   0.000000000000E+00   5.484424508685E-03  -2.687608646537E-03   0.000000000000E+00   0.000000000000E+00   0.000000000000E+00   0.000000000000E+00   0.000000000000E+00  -1.750428153457E-02   1.835978403355E-03   0.000000000000E+00  -6.970184380493E-03   2.830397314277E-03
   0.000000000000E+00   0.000000000000E+00   0.000000000000E+00   0.000000000000E+00   0.000000000000E+00   8.362691689680E-03  -1.013049150514E-03   0.000000000000E+00   4.347627568685E-03  -2.077920158425E-03   0.000000000000E+00   0.000000000000E+00   0.000000000000E+00   0.000000000000E+00   0.000000000000E+00  -1.389625278830E-02   1.376022066838E-03   0.000000000000E+00  -5.351565885509E-03   2.130249825417E-03
   0.000000000000E+00   0.000000000000E+00   0.000000000000E+00   0.000000000000E+00   0.000000000000E+00   6.885484620320E-03  -7.921804713505E-04   0.000000000000E+00   3.429910787865E-03  -1.600049911308E-03   0.000000000000E+00   0.000000000000E+00   0.000000000000E+00   0.000000000000E+00   0.000000000000E+00  -1.093324505063E-02   1.023686817619E-03   0.000000000000E+00  -4.077294497825E-03   1.594402121050E-03
   0.000000000000E+00   0.000000000000E+00   0.000000000000E+00   0.000000000000E+00   0.000000000000E+00   5.636534811151E-03  -6.163551884146E-04   0.000000000000E+00   2.692840941496E-03  -1.227332662988E-03   0.000000000000E+00   0.000000000000E+00   0.000000000000E+00   0.000000000000E+00   0.000000000000E+00  -8.521259600892E-03   7.559694454703E-04   0.000000000000E+00  -3.082536934125E-03   1.187545094311E-03
   0.000000000000E+00   0.000000000000E+00   0.000000000000E+00   0.000000000000E+00   0.000000000000E+00   4.586251769865E-03  -4.770758735979E-04   0.000000000000E+00   2.103902485817E-03  -9.380534711686E-04   0.000000000000E+00   0.000000000000E+00   0.000000000000E+00   0.000000000000E+00   0.000000000000E+00  -6.575558461164E-03   5.542912956321E-04   0.000000000000E+00  -2.312784691350E-03   8.811408843919E-04
   0.000000000000E+00   0.000000000000E+00   0.000000000000E+00   0.000000000000E+00   0.000000000000E+00   3.707939959468E-03  -3.673234875922E-04   0.000000000000E+00   1.635789978369E-03  -7.146368149444E-04   0.000000000000E+00   0.000000000000E+00   0.000000000000E+00   0.000000000000E+00   0.000000000000E+00  -5.020773432141E-03   4.037489882573E-04   0.000000000000E+00  -1.722616665007E-03   6.523012113514E-04
   0.000000000000E+00   0.000000000000E+00   0.000000000000E+00   0.000000000000E+00   0.000000000000E+00   2.979154674659E-03  -2.813135457325E-04   0.000000000000E+00   1.266199973681E-03  -5.431038837054E-04   0.000000000000E+00   0.000000000000E+00   0.000000000000E+00   0.000000000000E+00   0.000000000000E+00  -3.790687081521E-03   2.924711677733E-04   0.000000000000E+00  -1.274515013717E-03   4.828140127771E-04
   0.000000000000E+00   0.000000000000E+00   0.000000000000E+00   0.000000000000E+00   0.000000000000E+00   2.377245102244E-03  -2.142958280111E-04   0.000000000000E+00   9.757356160238E-04  -4.119473297782E-04   0.000000000000E+00   0.000000000000E+00   0.000000000000E+00   0.000000000000E+00   0.000000000000E+00  -2.827780244769E-03   2.110707617080E-04   0.000000000000E+00  -9.377599797472E-04   3.583073239139E-04
   0.000000000000E+00   0.000000000000E+00   0.000000000000E+00   0.000000000000E+00   0.000000000000E+00   1.883848532801E-03  -1.623903384974E-04   0.000000000000E+00   7.489275293539E-04  -3.121891707260E-04   0.000000000000E+00   0.000000000000E+00   0.000000000000E+00   0.000000000000E+00   0.000000000000E+00  -2.082623719255E-03   1.521821874543E-04   0.000000000000E+00  -6.874191611496E-04   2.675378211013E-04
   0.000000000000E+00   0.000000000000E+00   0.000000000000E+00   0.000000000000E+00   0.000000000000E+00   1.481953480814E-03  -1.224395226632E-04   0.000000000000E+00   5.728020695126E-04  -2.366242457365E-04   0.000000000000E+00   0.000000000000E+00   0.000000000000E+00   0.000000000000E+00   0.000000000000E+00  -1.513176501109E-03   1.100732633259E-04   0.000000000000E+00  -5.034388505152E-04   2.017908404353E-04
   0.000000000000E+00   0.000000000000E+00   0.000000000000E+00   0.000000000000E+00   0.000000000000E+00   1.156836462412E-03  -9.189021168294E-05   0.000000000000E+00   4.368125113870E-04  -1.795944315419E-04   0.000000000000E+00   0.000000000000E+00   0.000000000000E+00   0.000000000000E+00   0.000000000000E+00  -1.084039360779E-03   8.032214466986E-05   0.000000000000E+00  -3.698391608993E-04   1.543787364736E-04
   0.000000000000E+00   0.000000000000E+00   0.000000000000E+00   0.000000000000E+00   0.000000000000E+00   8.961523037495E-04  -6.868606693868E-05   0.000000000000E+00   3.325336377256E-04  -1.367144436506E-04   0.000000000000E+00   0.000000000000E+00   0.000000000000E+00   0.000000000000E+00   0.000000000000E+00  -7.657008536191E-04   5.955032753579E-05   0.000000000000E+00  -2.740104148777E-04   1.202249578262E-04
   0.000000000000E+00   0.000000000000E+00   0.000000000000E+00   0.000000000000E+00   0.000000000000E+00   6.892218948772E-04  -5.117995902137E-05   0.000000000000E+00   2.531581347009E-04  -1.045700070014E-04   0.000000000000E+00   0.000000000000E+00   0.000000000000E+00   0.000000000000E+00   0.000000000000E+00  -5.338029814024E-04   4.520357162756E-05   0.000000000000E+00  -2.061053663218E-04   9.552202923893E-05
   0.000000000000E+00   0.000000000000E+00   0.000000000000E+00   0.000000000000E+00   0.000000000000E+00   5.261433261051E-04  -3.806209128632E-05   0.000000000000E+00   1.930096903553E-04  -8.045669627480E-05   0.000000000000E+00   0.000000000000E+00   0.000000000000E+00   0.000000000000E+00   0.000000000000E+00  -3.684455519135E-04   3.537343806619E-05   0.000000000000E+00  -1.585199782987E-04   7.745262165089E-05
   0.000000000000E+00   0.000000000000E+00   0.000000000000E+00   0.000000000000E+00   0.000000000000E+00   3.986287495367E-04  -2.829858285698E-05   0.000000000000E+00   1.476107544488E-04  -6.231596062155E-05   0.000000000000E+00   0.000000000000E+00   0.000000000000E+00   0.000000000000E+00   0.000000000000E+00  -2.535416732615E-04   2.865297707298E-05   0.000000000000E+00  -1.254544536122E-04   6.396397138539E-05
   0.000000000000E+00   0.000000000000E+00   0.000000000000E+00   0.000000000000E+00   0.000000000000E+00   2.998493721669E-04  -2.107829768410E-05   0.000000000000E+00   1.134712096496E-04  -4.859871526806E-05   0.000000000000E+00   0.000000000000E+00   0.000000000000E+00   0.000000000000E+00   0.000000000000E+00  -1.762315908964E-04   2.402090840658E-05   0.000000000000E+00  -1.025458031820E-04   5.358701024499E-05
   0.000000000000E+00   0.000000000000E+00   0.000000000000E+00   0.000000000000E+00   0.000000000000E+00   2.240987621059E-04  -1.576947157451E-05   0.000000000000E+00   8.785850949578E-05  -3.813996329239E-05   0.000000000000E+00   0.000000000000E+00   0.000000000000E+00   0.000000000000E+00   0.000000000000E+00  -1.263580437159E-04   2.074939512511E-05   0.000000000000E+00  -8.656327387314E-05   4.529264297301E-05
   0.000000000000E+00   0.000000000000E+00   0.000000000000E+00   0.000000000000E+00   0.000000000000E+00   1.666454383383E-04  -1.188398051703E-05   0.000000000000E+00   6.865104508470E-05  -3.007193792492E-05   0.000000000000E+00   0.000000000000E+00   0.000000000000E+00   0.000000000000E+00   0.000000000000E+00  -9.600329874844E-05   1.833120759737E-05   0.000000000000E+00  -7.515830528087E-05   3.837862548549E-05
   0.000000000000E+00   0.000000000000E+00   0.000000000000E+00   0.000000000000E+00   0.000000000000E+00   1.236092522896E-04  -9.048012446477E-06   0.000000000000E+00   5.421907845913E-05  -2.375568085239E-05   0.000000000000E+00   0.000000000000E+00   0.000000000000E+00   0.000000000000E+00   0.000000000000E+00  -7.908585037887E-05   1.642270404024E-05   0.000000000000E+00  -6.666123718753E-05   3.238143695093E-05
   0.000000000000E+00   0.000000000000E+00   0.000000000000E+00   0.000000000000E+00   0.000000000000E+00   9.177879325712E-05  -6.977842939461E-06   0.000000000000E+00   4.330860301199E-05  -1.872206718054E-05   0.000000000000E+00   0.000000000000E+00   0.000000000000E+00   0.000000000000E+00   0.000000000000E+00  -7.101328321295E-05   1.479961458818E-05   0.000000000000E+00  -5.991766281133E-05   2.700839047157E-05
   0.000000000000E+00   0.000000000000E+00   0.000000000000E+00   0.000000000000E+00   0.000000000000E+00   6.850487008989E-05  -5.460425087196E-06   0.000000000000E+00   3.496102322054E-05  -1.462973975121E-05   0.000000000000E+00   0.000000000000E+00   0.000000000000E+00   0.000000000000E+00   0.000000000000E+00  -6.838685799412E-05   1.332310912956E-05   0.000000000000E+00  -5.415805495698E-05   2.208598671890E-05
   0.000000000000E+00   0.000000000000E+00   0.000000000000E+00   0.000000000000E+00   0.000000000000E+00   5.176999158315E-05  -4.337519235261E-06   0.000000000000E+00   2.848685930035E-05  -1.124264838868E-05   0.000000000000E+00   0.000000000000E+00   0.000000000000E+00   0.000000000000E+00   0.000000000000E+00  -6.875286642864E-05   1.191405818833E-05   0.000000000000E+00  -4.889503682451E-05   1.752118296789E-05
   0.000000000000E+00   0.000000000000E+00   0.000000000000E+00   0.000000000000E+00   0.000000000000E+00   3.987885095459E-05  -3.493155188015E-06   0.000000000000E+00   2.335616333722E-05  -8.389206005253E-06   0.000000000000E+00   0.000000000000E+00   0.000000000000E+00   0.000000000000E+00   0.000000000000E+00  -7.039561064047E-05   1.053376564262E-05   0.000000000000E+00  -4.384339461247E-05   1.327283060948E-05
   0.000000000000E+00   0.000000000000E+00   0.000000000000E+00   0.000000000000E+00   0.000000000000E+00   3.158294537884E-05  -2.843554393672E-06   0.000000000000E+00   1.920303658239E-05  -5.955132352476E-06   0.000000000000E+00   0.000000000000E+00   0.000000000000E+00   0.000000000000E+00   0.000000000000E+00  -7.216691024632E-05   9.169767151106E-06   0.000000000000E+00  -3.885861324896E-05   9.331033140678E-06
   0.000000000000E+00   0.000000000000E+00   0.000000000000E+00   0.000000000000E+00   0.000000000000E+00   2.584433269017E-05  -2.329213187878E-06   0.000000000000E+00   1.575048312612E-05  -3.858128178294E-06   0.000000000000E+00   0.000000000000E+00   0.000000000000E+00   0.000000000000E+00   0.000000000000E+00  -7.334725439536E-05   7.825554566703E-06   0.000000000000E+00  -3.389034644754E-05   5.702601079560E-06
   0.000000000000E+00   0.000000000000E+00   0.000000000000E+00   0.000000000000E+00   0.000000000000E+00   2.190587568934E-05  -1.908576012326E-06   0.000000000000E+00   1.281225481781E-05  -2.043959051588E-06   0.000000000000E+00   0.000000000000E+00   0.000000000000E+00   0.000000000000E+00   0.000000000000E+00  -7.353404158925E-05   6.513309916510E-06   0.000000000000E+00  -2.894780071722E-05   2.401137891247E-06
   0.000000000000E+00   0.000000000000E+00   0.000000000000E+00   0.000000000000E+00   0.000000000000E+00   1.919133989631E-05  -1.553429569366E-06   0.000000000000E+00   1.025916973254E-05  -4.751747867317E-07   0.000000000000E+00   0.000000000000E+00   0.000000000000E+00   0.000000000000E+00   0.000000000000E+00  -7.255274237134E-05   5.248918203817E-06   0.000000000000E+00  -2.407451745993E-05  -5.594103837185E-07
   0.000000000000E+00   0.000000000000E+00   0.000000000000E+00   0.000000000000E+00   0.000000000000E+00   1.727315207582E-05  -1.245096591616E-06   0.000000000000E+00   8.004223185609E-06   8.745356044367E-07   0.000000000000E+00   0.000000000000E+00   0.000000000000E+00   0.000000000000E+00   0.000000000000E+00  -7.038724520608E-05   4.048681379434E-06   0.000000000000E+00  -1.933047853447E-05  -3.168662034999E-06
   0.000000000000E+00   0.000000000000E+00   0.000000000000E+00   0.000000000000E+00   0.000000000000E+00   1.584588130931E-05  -9.716652855411E-07   0.000000000000E+00   5.991312073188E-06   2.024236686652E-06   0.000000000000E+00   0.000000000000E+00   0.000000000000E+00   0.000000000000E+00   0.000000000000E+00  -6.712607910969E-05   2.927281154876E-06   0.000000000000E+00  -1.477984174433E-05  -5.421880673514E-06
   0.000000000000E+00   0.000000000000E+00   0.000000000000E+00   0.000000000000E+00   0.000000000000E+00   1.469407726025E-05  -7.257846388380E-07   0.000000000000E+00   4.184641263382E-06   2.988953175420E-06   0.000000000000E+00   0.000000000000E+00   0.000000000000E+00   0.000000000000E+00   0.000000000000E+00  -6.292162958612E-05   1.896639999913E-06   0.000000000000E+00  -1.048293786130E-05  -7.320783103204E-06
   0.000000000000E+00   0.000000000000E+00   0.000000000000E+00   0.000000000000E+00   0.000000000000E+00   1.367327651133E-05  -5.033759359162E-07   0.000000000000E+00   2.562303415947E-06   3.781461601367E-06   0.000000000000E+00   0.000000000000E+00   0.000000000000E+00   0.000000000000E+00   0.000000000000E+00  -5.795986498296E-05   9.654115767147E-07   0.000000000000E+00  -6.491435285385E-06  -8.873494117814E-06
   0.000000000000E+00   0.000000000000E+00   0.000000000000E+00   0.000000000000E+00   0.000000000000E+00   1.269233509411E-05  -3.021363087994E-07   0.000000000000E+00   1.111088326986E-06   4.413606102562E-06   0.000000000000E+00   0.000000000000E+00   0.000000000000E+00   0.000000000000E+00   0.000000000000E+00  -5.243846045248E-05   1.388972130601E-07   0.000000000000E+00  -2.845807648114E-06  -1.009396235088E-05
   0.000000000000E+00   0.000000000000E+00   0.000000000000E+00   0.000000000000E+00   0.000000000000E+00   1.169780857859E-05  -1.209621262972E-07   0.000000000000E+00  -1.773489162060E-07   4.896961080537E-06   0.000000000000E+00   0.000000000000E+00   0.000000000000E+00   0.000000000000E+00   0.000000000000E+00  -4.655154206614E-05  -5.807632503100E-07   0.000000000000E+00   4.255708118467E-07  -1.100106762334E-05
   0.000000000000E+00   0.000000000000E+00   0.000000000000E+00   0.000000000000E+00   0.000000000000E+00   1.066486195010E-05   4.055354091750E-08   0.000000000000E+00  -1.308678576024E-06   5.243281041197E-06   0.000000000000E+00   0.000000000000E+00   0.000000000000E+00   0.000000000000E+00   0.000000000000E+00  -4.047957238051E-05  -1.194237347328E-06   0.000000000000E+00   3.306222171905E-06  -1.161758484656E-05
   0.000000000000E+00   0.000000000000E+00   0.000000000000E+00   0.000000000000E+00   0.000000000000E+00   9.587447174542E-06   1.826548778760E-07   0.000000000000E+00  -2.287751090799E-06   5.464559342010E-06   0.000000000000E+00   0.000000000000E+00   0.000000000000E+00   0.000000000000E+00   0.000000000000E+00  -3.438316097808E-05  -1.704562272258E-06   0.000000000000E+00   5.790648491394E-06  -1.196911905555E-05


Spline
12 0.0553585
112.9353346817185 2.801373701455403 -0.1119994835253462
0.035 0.0375    0.204206 -35.71077211012958 2016.504000000031 24177.93762071238
0.0375 0.04    0.12791 -25.17491577974109 2197.838532155373 -120889.6881035729
0.04 0.0425    0.07682029999999999 -16.45240477090621 1291.165871378576 -57585.58520643491
0.0425 0.045    0.0428593 -11.07630513663398 859.2739823303137 16659.22892930921
0.045 0.04533    0.0207993 -6.467574682557872 984.2181993001326 -2167173.572075024
0.04533 0.045334    0.0186943 -6.526006277016704 -1161.283637054166 353213222.4907721
0.045334 0.046259    0.0186682 -6.518342311433599 3077.275032831984 -1324559.571220061
0.046259 0.047184    0.0142234 -4.225362350069925 -598.3777773036936 561811.1110751317
0.047184 0.0493131    0.0102476 -3.890262342340788 960.6480559297889 -100763.5210502349
0.0493131 0.0503195    0.00534702 -1.169934109375229 317.0412179256228 -143026.9144497911
0.0503195 0.0513259    0.00434492 -0.9663840979460291 -114.7856421811885 10348.58893883691
0.0513259 0.0553585    0.00326664 -1.165980214261954 -83.5411824570522 -5782.515169399558 27636944.82683195 -3877959552.095367

This SPLINE is just a DUMMY-SPLINE!!!!!!!!!!!!!!!

