0.200000 56
   0.000000000000E+00 0.0 0.0 0.0 0.0 0.0 0.0 0.0 0.0 0.0 0.0 0.0 0.0 0.0 0.0 0.0 0.0 0.0 0.0 0.0
   0.000000000000E+00   0.000000000000E+00   0.000000000000E+00   0.000000000000E+00   0.000000000000E+00   0.000000000000E+00   0.000000000000E+00   0.000000000000E+00   0.000000000000E+00   0.000000000000E+00   0.000000000000E+00   0.000000000000E+00   0.000000000000E+00   0.000000000000E+00   0.000000000000E+00   0.000000000000E+00   0.000000000000E+00   0.000000000000E+00   0.000000000000E+00   0.000000000000E+00
   0.000000000000E+00   0.000000000000E+00   0.000000000000E+00   0.000000000000E+00   0.000000000000E+00  -6.917369951271E-01  -9.588019343010E-01   0.000000000000E+00  -3.256311265879E-01  -8.515131045600E-01   0.000000000000E+00   0.000000000000E+00   0.000000000000E+00   0.000000000000E+00   0.000000000000E+00   8.397685639817E-01   9.421452354074E-01   0.000000000000E+00  -1.133491628918E-01   9.206799617394E-01
   0.000000000000E+00   0.000000000000E+00   0.000000000000E+00   0.000000000000E+00   0.000000000000E+00  -3.843302441592E-01  -8.166189519179E-01   0.000000000000E+00  -1.824753164737E-01  -5.550125141535E-01   0.000000000000E+00   0.000000000000E+00   0.000000000000E+00   0.000000000000E+00   0.000000000000E+00   6.743099718369E-01   8.815023006930E-01   0.000000000000E+00  -1.883650184241E-01   8.635432565989E-01
   0.000000000000E+00   0.000000000000E+00   0.000000000000E+00   0.000000000000E+00   0.000000000000E+00  -1.385286414994E-01  -6.756698937604E-01   0.000000000000E+00  -8.677309895065E-03  -4.574691915544E-01   0.000000000000E+00   0.000000000000E+00   0.000000000000E+00   0.000000000000E+00   0.000000000000E+00   4.829995722076E-01   8.060826528093E-01   0.000000000000E+00  -2.657021075550E-01   8.087069536173E-01
   0.000000000000E+00   0.000000000000E+00   0.000000000000E+00   0.000000000000E+00   0.000000000000E+00   2.926269250350E-02  -5.498076822754E-01   0.000000000000E+00   1.341989536156E-01  -4.397459846315E-01   0.000000000000E+00   0.000000000000E+00   0.000000000000E+00   0.000000000000E+00   0.000000000000E+00   2.878179692945E-01   7.218549483826E-01   0.000000000000E+00  -3.354582809831E-01   7.554110835154E-01
   0.000000000000E+00   0.000000000000E+00   0.000000000000E+00   0.000000000000E+00   0.000000000000E+00   1.302769552688E-01  -4.436667963061E-01   0.000000000000E+00   2.300434430190E-01  -4.394359349610E-01   0.000000000000E+00   0.000000000000E+00   0.000000000000E+00   0.000000000000E+00   0.000000000000E+00   1.056287406911E-01   6.340598346486E-01   0.000000000000E+00  -3.904988090023E-01   7.011838451352E-01
   0.000000000000E+00   0.000000000000E+00   0.000000000000E+00   0.000000000000E+00   0.000000000000E+00   1.830425569793E-01  -3.570370581956E-01   0.000000000000E+00   2.832672092093E-01  -4.324513527567E-01   0.000000000000E+00   0.000000000000E+00   0.000000000000E+00   0.000000000000E+00   0.000000000000E+00  -5.216088523145E-02   5.469601102148E-01   0.000000000000E+00  -4.270694755414E-01   6.444028586530E-01
   0.000000000000E+00   0.000000000000E+00   0.000000000000E+00   0.000000000000E+00   0.000000000000E+00   2.047947690558E-01  -2.875458248680E-01   0.000000000000E+00   3.044926978503E-01  -4.134078019694E-01   0.000000000000E+00   0.000000000000E+00   0.000000000000E+00   0.000000000000E+00   0.000000000000E+00  -1.790916722989E-01   4.637961661255E-01   0.000000000000E+00  -4.443174558432E-01   5.847710004379E-01
   0.000000000000E+00   0.000000000000E+00   0.000000000000E+00   0.000000000000E+00   0.000000000000E+00   2.088002034376E-01  -2.321621530605E-01   0.000000000000E+00   3.043655053062E-01  -3.842770155598E-01   0.000000000000E+00   0.000000000000E+00   0.000000000000E+00   0.000000000000E+00   0.000000000000E+00  -2.728204693107E-01   3.868489252152E-01   0.000000000000E+00  -4.435172370791E-01   5.230412428274E-01
   0.000000000000E+00   0.000000000000E+00   0.000000000000E+00   0.000000000000E+00   0.000000000000E+00   2.038232368514E-01  -1.879665076131E-01   0.000000000000E+00   2.912288138924E-01  -3.488695286775E-01   0.000000000000E+00   0.000000000000E+00   0.000000000000E+00   0.000000000000E+00   0.000000000000E+00  -3.342073464817E-01   3.175534525737E-01   0.000000000000E+00  -4.273187232789E-01   4.605959201287E-01
   0.000000000000E+00   0.000000000000E+00   0.000000000000E+00   0.000000000000E+00   0.000000000000E+00   1.948906529152E-01  -1.524804437192E-01   0.000000000000E+00   2.708156523611E-01  -3.106465498466E-01   0.000000000000E+00   0.000000000000E+00   0.000000000000E+00   0.000000000000E+00   0.000000000000E+00  -3.664132774005E-01   2.566335117342E-01   0.000000000000E+00  -3.991095770286E-01   3.990732248970E-01
   0.000000000000E+00   0.000000000000E+00   0.000000000000E+00   0.000000000000E+00   0.000000000000E+00   1.844537539271E-01  -1.237463331506E-01   0.000000000000E+00   2.467641306614E-01  -2.721482537806E-01   0.000000000000E+00   0.000000000000E+00   0.000000000000E+00   0.000000000000E+00   0.000000000000E+00  -3.740514854804E-01   2.042420647472E-01   0.000000000000E+00  -3.625064135518E-01   3.400813147568E-01
   0.000000000000E+00   0.000000000000E+00   0.000000000000E+00   0.000000000000E+00   0.000000000000E+00   1.734351800783E-01  -1.002834971709E-01   0.000000000000E+00   2.212808794484E-01  -2.350454632504E-01   0.000000000000E+00   0.000000000000E+00   0.000000000000E+00   0.000000000000E+00   0.000000000000E+00  -3.624319509624E-01   1.600988847194E-01   0.000000000000E+00  -3.209722510300E-01   2.850013812111E-01
   0.000000000000E+00   0.000000000000E+00   0.000000000000E+00   0.000000000000E+00   0.000000000000E+00   1.620037563164E-01  -8.099752563380E-02   0.000000000000E+00   1.956920662403E-01  -2.003576672112E-01   0.000000000000E+00   0.000000000000E+00   0.000000000000E+00   0.000000000000E+00   0.000000000000E+00  -3.369373912703E-01   1.236186632973E-01   0.000000000000E+00  -2.775545199045E-01   2.348728711866E-01
   0.000000000000E+00   0.000000000000E+00   0.000000000000E+00   0.000000000000E+00   0.000000000000E+00   1.500722746392E-01  -6.508369388476E-02   0.000000000000E+00   1.708207471692E-01  -1.686614072638E-01   0.000000000000E+00   0.000000000000E+00   0.000000000000E+00   0.000000000000E+00   0.000000000000E+00  -3.025565703197E-01   9.402432371805E-02   0.000000000000E+00  -2.347336765979E-01   1.903496115775E-01
   0.000000000000E+00   0.000000000000E+00   0.000000000000E+00   0.000000000000E+00   0.000000000000E+00   1.375671808984E-01  -5.194308203714E-02   0.000000000000E+00   1.472094654938E-01  -1.402406173236E-01   0.000000000000E+00   0.000000000000E+00   0.000000000000E+00   0.000000000000E+00   0.000000000000E+00  -2.635807911023E-01   7.044188591909E-02   0.000000000000E+00  -1.943663639951E-01   1.517113784266E-01
   0.000000000000E+00   0.000000000000E+00   0.000000000000E+00   0.000000000000E+00   0.000000000000E+00   1.245362607441E-01  -4.111776081067E-02   0.000000000000E+00   1.252332665947E-01  -1.151821854253E-01   0.000000000000E+00   0.000000000000E+00   0.000000000000E+00   0.000000000000E+00   0.000000000000E+00  -2.234498904690E-01   5.197519898039E-02   0.000000000000E+00  -1.577020370981E-01   1.189132064948E-01
   0.000000000000E+00   0.000000000000E+00   0.000000000000E+00   0.000000000000E+00   0.000000000000E+00   1.111597142812E-01  -3.224453731265E-02   0.000000000000E+00   1.051492985211E-01  -9.343490536428E-02   0.000000000000E+00   0.000000000000E+00   0.000000000000E+00   0.000000000000E+00   0.000000000000E+00  -1.847204394335E-01   3.776077724657E-02   0.000000000000E+00  -1.254499775856E-01   9.165530136883E-02
   0.000000000000E+00   0.000000000000E+00   0.000000000000E+00   0.000000000000E+00   0.000000000000E+00   9.771478597135E-02  -2.502412614806E-02   0.000000000000E+00   8.711674395793E-02  -7.484829695213E-02   0.000000000000E+00   0.000000000000E+00   0.000000000000E+00   0.000000000000E+00   0.000000000000E+00  -1.491227338691E-01   2.700450658358E-02   0.000000000000E+00  -9.787486124652E-02   6.945923124526E-02
   0.000000000000E+00   0.000000000000E+00   0.000000000000E+00   0.000000000000E+00   0.000000000000E+00   8.452500077871E-02  -1.920178185963E-02   0.000000000000E+00   7.120657977388E-02  -5.920113459147E-02   0.000000000000E+00   0.000000000000E+00   0.000000000000E+00   0.000000000000E+00   0.000000000000E+00  -1.176734416363E-01   1.900296679150E-02   0.000000000000E+00  -7.490262520597E-02   5.174000302109E-02
   0.000000000000E+00   0.000000000000E+00   0.000000000000E+00   0.000000000000E+00   0.000000000000E+00   7.191065888937E-02  -1.455584739832E-02   0.000000000000E+00   5.740989975415E-02  -4.622456290371E-02   0.000000000000E+00   0.000000000000E+00   0.000000000000E+00   0.000000000000E+00   0.000000000000E+00  -9.081526766837E-02   1.315255299973E-02   0.000000000000E+00  -5.622309522521E-02   3.786763472634E-02
   0.000000000000E+00   0.000000000000E+00   0.000000000000E+00   0.000000000000E+00   0.000000000000E+00   6.014929343198E-02  -1.089144163409E-02   0.000000000000E+00   4.564845330100E-02  -3.562184233610E-02   0.000000000000E+00   0.000000000000E+00   0.000000000000E+00   0.000000000000E+00   0.000000000000E+00  -6.856153047837E-02   8.949578901554E-03   0.000000000000E+00  -4.138063182718E-02   2.721526179722E-02
   0.000000000000E+00   0.000000000000E+00   0.000000000000E+00   0.000000000000E+00   0.000000000000E+00   4.945005402479E-02  -8.037210537008E-03   0.000000000000E+00   3.578810322757E-02  -2.708550797402E-02   0.000000000000E+00   0.000000000000E+00   0.000000000000E+00   0.000000000000E+00   0.000000000000E+00  -5.063044613942E-02   5.984247748078E-03   0.000000000000E+00  -2.984824653546E-02   1.919336795562E-02
   0.000000000000E+00   0.000000000000E+00   0.000000000000E+00   0.000000000000E+00   0.000000000000E+00   3.994302227339E-02  -5.843574377660E-03   0.000000000000E+00   2.765454222129E-02  -2.031207784584E-02   0.000000000000E+00   0.000000000000E+00   0.000000000000E+00   0.000000000000E+00   0.000000000000E+00  -3.656013837249E-02   3.930915345940E-03   0.000000000000E+00  -2.108388863800E-02   1.327138926103E-02
   0.000000000000E+00   0.000000000000E+00   0.000000000000E+00   0.000000000000E+00   0.000000000000E+00   3.168202577053E-02  -4.181548707166E-03   0.000000000000E+00   2.105014663967E-02  -1.501418588491E-02   0.000000000000E+00   0.000000000000E+00   0.000000000000E+00   0.000000000000E+00   0.000000000000E+00  -2.580040927539E-02   2.536548023373E-03   0.000000000000E+00  -1.456984095023E-02   8.988829805499E-03
   0.000000000000E+00   0.000000000000E+00   0.000000000000E+00   0.000000000000E+00   0.000000000000E+00   2.465687794129E-02  -2.941454208317E-03   0.000000000000E+00   1.576992313864E-02  -1.092961801307E-02   0.000000000000E+00   0.000000000000E+00   0.000000000000E+00   0.000000000000E+00   0.000000000000E+00  -1.778096252921E-02   1.608770862826E-03   0.000000000000E+00  -9.837491436255E-03   5.958337663940E-03
   0.000000000000E+00   0.000000000000E+00   0.000000000000E+00   0.000000000000E+00   0.000000000000E+00   1.880929023485E-02  -2.031383235716E-03   0.000000000000E+00   1.161432196943E-02  -7.826747574507E-03   0.000000000000E+00   0.000000000000E+00   0.000000000000E+00   0.000000000000E+00   0.000000000000E+00  -1.195815171239E-02   1.004451735032E-03   0.000000000000E+00  -6.480350412440E-03   3.863111163934E-03
   0.000000000000E+00   0.000000000000E+00   0.000000000000E+00   0.000000000000E+00   0.000000000000E+00   1.404758005632E-02  -1.375394079034E-03   0.000000000000E+00   8.397541960102E-03  -5.506294906511E-03   0.000000000000E+00   0.000000000000E+00   0.000000000000E+00   0.000000000000E+00   0.000000000000E+00  -7.843636799418E-03   6.193962747618E-04   0.000000000000E+00  -4.158265790525E-03   2.450701903930E-03
   0.000000000000E+00   0.000000000000E+00   0.000000000000E+00   0.000000000000E+00   0.000000000000E+00   1.025807623845E-02  -9.116652950134E-04   0.000000000000E+00   5.951541848111E-03  -3.800210175326E-03   0.000000000000E+00   0.000000000000E+00   0.000000000000E+00   0.000000000000E+00   0.000000000000E+00  -5.018825089031E-03   3.794431406899E-04   0.000000000000E+00  -2.595540460496E-03   1.524876790276E-03
   0.000000000000E+00   0.000000000000E+00   0.000000000000E+00   0.000000000000E+00   0.000000000000E+00   7.313333325539E-03  -5.906707920731E-04   0.000000000000E+00   4.126918890112E-03  -2.568737680549E-03   0.000000000000E+00   0.000000000000E+00   0.000000000000E+00   0.000000000000E+00   0.000000000000E+00  -3.138898979039E-03   2.330425156670E-04   0.000000000000E+00  -1.575230550419E-03   9.367820372851E-04
   0.000000000000E+00   0.000000000000E+00   0.000000000000E+00   0.000000000000E+00   0.000000000000E+00   5.081975008339E-03  -3.734719217434E-04   0.000000000000E+00   2.793994301948E-03  -1.697741763532E-03   0.000000000000E+00   0.000000000000E+00   0.000000000000E+00   0.000000000000E+00   0.000000000000E+00  -1.929811090596E-03   1.452628642503E-04   0.000000000000E+00  -9.314145678586E-04   5.762693899825E-04
   0.000000000000E+00   0.000000000000E+00   0.000000000000E+00   0.000000000000E+00   0.000000000000E+00   3.436072365647E-03  -2.300859459372E-04   0.000000000000E+00   1.842468119242E-03  -1.095527278888E-03   0.000000000000E+00   0.000000000000E+00   0.000000000000E+00   0.000000000000E+00   0.000000000000E+00  -1.181031479006E-03   9.308811273831E-05   0.000000000000E+00  -5.407469521063E-04   3.639248723695E-04
   0.000000000000E+00   0.000000000000E+00   0.000000000000E+00   0.000000000000E+00   0.000000000000E+00   2.253699802889E-03  -1.379400996228E-04   0.000000000000E+00   1.178892472419E-03  -6.888642382463E-04   0.000000000000E+00   0.000000000000E+00   0.000000000000E+00   0.000000000000E+00   0.000000000000E+00  -7.361888925629E-04   6.182618972900E-05   0.000000000000E+00  -3.141894295428E-04   2.440913132628E-04
   0.000000000000E+00   0.000000000000E+00   0.000000000000E+00   0.000000000000E+00   0.000000000000E+00   1.430908371800E-03  -8.044908116961E-05   0.000000000000E+00   7.292940188864E-04  -4.221012098468E-04   0.000000000000E+00   0.000000000000E+00   0.000000000000E+00   0.000000000000E+00   0.000000000000E+00  -4.831416032978E-04   4.243807802645E-05   0.000000000000E+00  -1.894700688765E-04   1.789947120671E-04
   0.000000000000E+00   0.000000000000E+00   0.000000000000E+00   0.000000000000E+00   0.000000000000E+00   8.761734412805E-04  -4.573228531513E-05   0.000000000000E+00   4.335803144427E-04  -2.523371585031E-04   0.000000000000E+00   0.000000000000E+00   0.000000000000E+00   0.000000000000E+00   0.000000000000E+00  -3.444905799181E-04   2.960398041962E-05   0.000000000000E+00  -1.245570556623E-04   1.439620704717E-04
   0.000000000000E+00   0.000000000000E+00   0.000000000000E+00   0.000000000000E+00   0.000000000000E+00   5.152389692743E-04  -2.552010855489E-05   0.000000000000E+00   2.456021425193E-04  -1.479555088937E-04   0.000000000000E+00   0.000000000000E+00   0.000000000000E+00   0.000000000000E+00   0.000000000000E+00  -2.691288068182E-04   2.036189131727E-05   0.000000000000E+00  -9.224587847590E-05   1.236430942491E-04
   0.000000000000E+00   0.000000000000E+00   0.000000000000E+00   0.000000000000E+00   0.000000000000E+00   2.905371552183E-04  -1.419560229095E-05   0.000000000000E+00   1.312655288324E-04  -8.643591207246E-05   0.000000000000E+00   0.000000000000E+00   0.000000000000E+00   0.000000000000E+00   0.000000000000E+00  -2.251067160804E-04   1.317789993092E-05   0.000000000000E+00  -7.583355035823E-05   1.091085219546E-04
   0.000000000000E+00   0.000000000000E+00   0.000000000000E+00   0.000000000000E+00   0.000000000000E+00   1.576171626754E-04  -8.086071063641E-06   0.000000000000E+00   6.531157834173E-05  -5.180532327554E-05   0.000000000000E+00   0.000000000000E+00   0.000000000000E+00   0.000000000000E+00   0.000000000000E+00  -1.938748559950E-04   7.332870453788E-06   0.000000000000E+00  -6.577854534262E-05   9.568333726200E-05
   0.000000000000E+00   0.000000000000E+00   0.000000000000E+00   0.000000000000E+00   0.000000000000E+00   8.397432077340E-05  -4.880624405971E-06   0.000000000000E+00   2.993482812448E-05  -3.324909443399E-05   0.000000000000E+00   0.000000000000E+00   0.000000000000E+00   0.000000000000E+00   0.000000000000E+00  -1.658251444785E-04   2.534182107565E-06   0.000000000000E+00  -5.720750062205E-05   8.137515511860E-05
   0.000000000000E+00   0.000000000000E+00   0.000000000000E+00   0.000000000000E+00   0.000000000000E+00   4.659007441773E-05  -3.183369412481E-06   0.000000000000E+00   1.289926473144E-05  -2.367098274611E-05   0.000000000000E+00   0.000000000000E+00   0.000000000000E+00   0.000000000000E+00   0.000000000000E+00  -1.369736820039E-04  -1.317469030441E-06   0.000000000000E+00  -4.811813827053E-05   6.576996765467E-05
   0.000000000000E+00   0.000000000000E+00   0.000000000000E+00   0.000000000000E+00   0.000000000000E+00   2.979555748430E-05  -2.203948928172E-06   0.000000000000E+00   6.103988177551E-06  -1.862091230872E-05   0.000000000000E+00   0.000000000000E+00   0.000000000000E+00   0.000000000000E+00   0.000000000000E+00  -1.065943175083E-04  -4.258229568306E-06   0.000000000000E+00  -3.813307322825E-05   4.928432546798E-05
   0.000000000000E+00   0.000000000000E+00   0.000000000000E+00   0.000000000000E+00   0.000000000000E+00   2.348911219498E-05  -1.530741710190E-06   0.000000000000E+00   4.443938191463E-06  -1.548418983813E-05   0.000000000000E+00   0.000000000000E+00   0.000000000000E+00   0.000000000000E+00   0.000000000000E+00  -7.560845504623E-05  -6.325689552255E-06   0.000000000000E+00  -2.767411111049E-05   3.268157187796E-05
   0.000000000000E+00   0.000000000000E+00   0.000000000000E+00   0.000000000000E+00   0.000000000000E+00   2.153951831700E-05  -9.758152491600E-07   0.000000000000E+00   4.882081129728E-06  -1.285919124680E-05   0.000000000000E+00   0.000000000000E+00   0.000000000000E+00   0.000000000000E+00   0.000000000000E+00  -4.555132289441E-05  -7.584052757646E-06   0.000000000000E+00  -1.744617439358E-05   1.677781120509E-05
   0.000000000000E+00   0.000000000000E+00   0.000000000000E+00   0.000000000000E+00   0.000000000000E+00   2.055523636740E-05  -4.749989719212E-07   0.000000000000E+00   5.766562784264E-06  -1.011577122357E-05   0.000000000000E+00   0.000000000000E+00   0.000000000000E+00   0.000000000000E+00   0.000000000000E+00  -1.795937102485E-05  -8.127434406265E-06   0.000000000000E+00  -8.140651859482E-06   2.279651156750E-06
   0.000000000000E+00   0.000000000000E+00   0.000000000000E+00   0.000000000000E+00   0.000000000000E+00   1.894348138629E-05  -2.294686502499E-08   0.000000000000E+00   6.326473895380E-06  -7.080078781987E-06   0.000000000000E+00   0.000000000000E+00   0.000000000000E+00   0.000000000000E+00   0.000000000000E+00   5.948505370679E-06  -8.072580053230E-06   0.000000000000E+00  -2.875701954930E-07  -1.029017092851E-05
   0.000000000000E+00   0.000000000000E+00   0.000000000000E+00   0.000000000000E+00   0.000000000000E+00   1.621288560680E-05   3.609882135467E-07   0.000000000000E+00   6.324115978035E-06  -3.827023435142E-06   0.000000000000E+00   0.000000000000E+00   0.000000000000E+00   0.000000000000E+00   0.000000000000E+00   2.539557078623E-05  -7.547871604908E-06   0.000000000000E+00   5.796665018742E-06  -2.061154658696E-05
   0.000000000000E+00   0.000000000000E+00   0.000000000000E+00   0.000000000000E+00   0.000000000000E+00   1.246943259582E-05   6.601831872855E-07   0.000000000000E+00   5.790905524741E-06  -5.338673058536E-07   0.000000000000E+00   0.000000000000E+00   0.000000000000E+00   0.000000000000E+00   0.000000000000E+00   4.005238672289E-05  -6.682468970995E-06   0.000000000000E+00   1.000463999219E-05  -2.855313007712E-05
   0.000000000000E+00   0.000000000000E+00   0.000000000000E+00   0.000000000000E+00   0.000000000000E+00   8.104585762369E-06   8.618730211910E-07   0.000000000000E+00   4.893008795775E-06   2.596401615351E-06   0.000000000000E+00   0.000000000000E+00   0.000000000000E+00   0.000000000000E+00   0.000000000000E+00   4.997604585143E-05  -5.597465387079E-06   0.000000000000E+00   1.240337281520E-05  -3.414165450088E-05
   0.000000000000E+00   0.000000000000E+00   0.000000000000E+00   0.000000000000E+00   0.000000000000E+00   3.586663280900E-06   9.628542440489E-07   0.000000000000E+00   3.836121135383E-06   5.380988008176E-06   0.000000000000E+00   0.000000000000E+00   0.000000000000E+00   0.000000000000E+00   0.000000000000E+00   5.552004339469E-05  -4.399715335896E-06   0.000000000000E+00   1.318770698849E-05  -3.752483540347E-05
   0.000000000000E+00   0.000000000000E+00   0.000000000000E+00   0.000000000000E+00   0.000000000000E+00  -6.633450129113E-07   9.713564027169E-07   0.000000000000E+00   2.762740331322E-06   7.697538201793E-06   0.000000000000E+00   0.000000000000E+00   0.000000000000E+00   0.000000000000E+00   0.000000000000E+00   5.723822007115E-05  -3.178295016954E-06   0.000000000000E+00   1.263277765496E-05  -3.893432356228E-05
   0.000000000000E+00   0.000000000000E+00   0.000000000000E+00   0.000000000000E+00   0.000000000000E+00  -4.358333375921E-06   9.028981381947E-07   0.000000000000E+00   1.860493706360E-06   9.452091045723E-06   0.000000000000E+00   0.000000000000E+00   0.000000000000E+00   0.000000000000E+00   0.000000000000E+00   5.579655177967E-05  -2.003201963031E-06   0.000000000000E+00   1.105181959663E-05  -3.865237992528E-05
   0.000000000000E+00   0.000000000000E+00   0.000000000000E+00   0.000000000000E+00   0.000000000000E+00  -7.259170048956E-06   7.725837009297E-07   0.000000000000E+00   1.160510185279E-06   1.062651258581E-05   0.000000000000E+00   0.000000000000E+00   0.000000000000E+00   0.000000000000E+00   0.000000000000E+00   5.189976320551E-05  -9.257654818239E-07   0.000000000000E+00   8.762258684408E-06  -3.698404449188E-05
   0.000000000000E+00   0.000000000000E+00   0.000000000000E+00   0.000000000000E+00   0.000000000000E+00  -9.290389725832E-06   6.007175478774E-07   0.000000000000E+00   7.070022343614E-07   1.123090576021E-05   0.000000000000E+00   0.000000000000E+00   0.000000000000E+00   0.000000000000E+00   0.000000000000E+00   4.623520741072E-05   1.976640356417E-08   0.000000000000E+00   6.060866920154E-06  -3.423533264335E-05
   0.000000000000E+00   0.000000000000E+00   0.000000000000E+00   0.000000000000E+00   0.000000000000E+00  -1.044605071312E-05   4.054197266546E-07   0.000000000000E+00   5.060997355665E-07   1.130595544962E-05   0.000000000000E+00   0.000000000000E+00   0.000000000000E+00   0.000000000000E+00   0.000000000000E+00   3.943363151789E-05   8.139355248134E-07   0.000000000000E+00   3.207459364211E-06  -3.069723498916E-05
   0.000000000000E+00   0.000000000000E+00   0.000000000000E+00   0.000000000000E+00   0.000000000000E+00  -1.080647800683E-05   2.040037570918E-07   0.000000000000E+00   5.112434134866E-07   1.092365472663E-05   0.000000000000E+00   0.000000000000E+00   0.000000000000E+00   0.000000000000E+00   0.000000000000E+00   3.204486806733E-05   1.449458159046E-06   0.000000000000E+00   4.159184641128E-07  -2.663487718567E-05
   0.000000000000E+00   0.000000000000E+00   0.000000000000E+00   0.000000000000E+00   0.000000000000E+00  -1.047851569201E-05   9.524665144667E-09   0.000000000000E+00   6.863435147265E-07   1.015839782921E-05   0.000000000000E+00   0.000000000000E+00   0.000000000000E+00   0.000000000000E+00   0.000000000000E+00   2.452576897213E-05   1.928569300990E-06   0.000000000000E+00  -2.148949583490E-06  -2.228100529699E-05


Spline
12 0.0553585
112.9353346817185 2.801373701455403 -0.1119994835253462
0.035 0.0375    0.204206 -35.71077211012958 2016.504000000031 24177.93762071238
0.0375 0.04    0.12791 -25.17491577974109 2197.838532155373 -120889.6881035729
0.04 0.0425    0.07682029999999999 -16.45240477090621 1291.165871378576 -57585.58520643491
0.0425 0.045    0.0428593 -11.07630513663398 859.2739823303137 16659.22892930921
0.045 0.04533    0.0207993 -6.467574682557872 984.2181993001326 -2167173.572075024
0.04533 0.045334    0.0186943 -6.526006277016704 -1161.283637054166 353213222.4907721
0.045334 0.046259    0.0186682 -6.518342311433599 3077.275032831984 -1324559.571220061
0.046259 0.047184    0.0142234 -4.225362350069925 -598.3777773036936 561811.1110751317
0.047184 0.0493131    0.0102476 -3.890262342340788 960.6480559297889 -100763.5210502349
0.0493131 0.0503195    0.00534702 -1.169934109375229 317.0412179256228 -143026.9144497911
0.0503195 0.0513259    0.00434492 -0.9663840979460291 -114.7856421811885 10348.58893883691
0.0513259 0.0553585    0.00326664 -1.165980214261954 -83.5411824570522 -5782.515169399558 27636944.82683195 -3877959552.095367

This SPLINE is just a DUMMY-SPLINE!!!!!!!!!!!!!!!

