0.200000 51
   0.000000000000E+00 0.0 0.0 0.0 0.0 0.0 0.0 0.0 0.0 0.0 0.0 0.0 0.0 0.0 0.0 0.0 0.0 0.0 0.0 0.0
   0.000000000000E+00   0.000000000000E+00   0.000000000000E+00   0.000000000000E+00   0.000000000000E+00   0.000000000000E+00   0.000000000000E+00   0.000000000000E+00   0.000000000000E+00   0.000000000000E+00   0.000000000000E+00   0.000000000000E+00   0.000000000000E+00   0.000000000000E+00   0.000000000000E+00   0.000000000000E+00   0.000000000000E+00   0.000000000000E+00   0.000000000000E+00   0.000000000000E+00
   0.000000000000E+00   0.000000000000E+00   0.000000000000E+00   0.000000000000E+00   0.000000000000E+00  -5.958114300134E-01  -8.692342556700E-01   0.000000000000E+00  -3.982555186113E-01  -7.148215210341E-01   0.000000000000E+00   0.000000000000E+00   0.000000000000E+00   0.000000000000E+00   0.000000000000E+00   8.145165138915E-01   9.306053462446E-01   0.000000000000E+00  -9.961956737091E-02   9.061503110311E-01
   0.000000000000E+00   0.000000000000E+00   0.000000000000E+00   0.000000000000E+00   0.000000000000E+00  -2.959819565429E-01  -7.256971990998E-01   0.000000000000E+00  -2.541929158989E-01  -3.977011757599E-01   0.000000000000E+00   0.000000000000E+00   0.000000000000E+00   0.000000000000E+00   0.000000000000E+00   6.285071103977E-01   8.620406714780E-01   0.000000000000E+00  -1.719222591125E-01   8.408738115446E-01
   0.000000000000E+00   0.000000000000E+00   0.000000000000E+00   0.000000000000E+00   0.000000000000E+00  -7.226939710558E-02  -5.878708309737E-01   0.000000000000E+00  -7.698913386577E-02  -3.046160742830E-01   0.000000000000E+00   0.000000000000E+00   0.000000000000E+00   0.000000000000E+00   0.000000000000E+00   4.164577380926E-01   7.773977463772E-01   0.000000000000E+00  -2.482181893788E-01   7.787743911813E-01
   0.000000000000E+00   0.000000000000E+00   0.000000000000E+00   0.000000000000E+00   0.000000000000E+00   6.585738544019E-02  -4.691673055512E-01   0.000000000000E+00   6.679935655425E-02  -3.006147074298E-01   0.000000000000E+00   0.000000000000E+00   0.000000000000E+00   0.000000000000E+00   0.000000000000E+00   2.047257496427E-01   6.838431290533E-01   0.000000000000E+00  -3.172064229193E-01   7.193750390604E-01
   0.000000000000E+00   0.000000000000E+00   0.000000000000E+00   0.000000000000E+00   0.000000000000E+00   1.374392216316E-01  -3.728042173670E-01   0.000000000000E+00   1.619382902601E-01  -3.161464741505E-01   0.000000000000E+00   0.000000000000E+00   0.000000000000E+00   0.000000000000E+00   0.000000000000E+00   1.337373157466E-02   5.876522561684E-01   0.000000000000E+00  -3.707978344434E-01   6.600924414555E-01
   0.000000000000E+00   0.000000000000E+00   0.000000000000E+00   0.000000000000E+00   0.000000000000E+00   1.664483331447E-01  -2.970079875527E-01   0.000000000000E+00   2.148924558701E-01  -3.246644557997E-01   0.000000000000E+00   0.000000000000E+00   0.000000000000E+00   0.000000000000E+00   0.000000000000E+00  -1.444348306333E-01   4.938882942621E-01   0.000000000000E+00  -4.046594402729E-01   5.990837856430E-01
   0.000000000000E+00   0.000000000000E+00   0.000000000000E+00   0.000000000000E+00   0.000000000000E+00   1.727278904011E-01  -2.381134959241E-01   0.000000000000E+00   2.377356283075E-01  -3.201757906666E-01   0.000000000000E+00   0.000000000000E+00   0.000000000000E+00   0.000000000000E+00   0.000000000000E+00  -2.621092516602E-01   4.063106658835E-01   0.000000000000E+00  -4.176661391944E-01   5.358798507553E-01
   0.000000000000E+00   0.000000000000E+00   0.000000000000E+00   0.000000000000E+00   0.000000000000E+00   1.696494259917E-01  -1.922251523152E-01   0.000000000000E+00   2.415365406369E-01  -3.045161209389E-01   0.000000000000E+00   0.000000000000E+00   0.000000000000E+00   0.000000000000E+00   0.000000000000E+00  -3.387132582465E-01   3.274153222462E-01   0.000000000000E+00  -4.112022987759E-01   4.712003033804E-01
   0.000000000000E+00   0.000000000000E+00   0.000000000000E+00   0.000000000000E+00   0.000000000000E+00   1.644052308109E-01  -1.559849540188E-01   0.000000000000E+00   2.342103282580E-01  -2.813528663440E-01   0.000000000000E+00   0.000000000000E+00   0.000000000000E+00   0.000000000000E+00   0.000000000000E+00  -3.776263937545E-01   2.585653332613E-01   0.000000000000E+00  -3.884419049354E-01   4.065413221587E-01
   0.000000000000E+00   0.000000000000E+00   0.000000000000E+00   0.000000000000E+00   0.000000000000E+00   1.596999176729E-01  -1.268182143583E-01   0.000000000000E+00   2.206364368762E-01  -2.539611351369E-01   0.000000000000E+00   0.000000000000E+00   0.000000000000E+00   0.000000000000E+00   0.000000000000E+00  -3.850184347659E-01   2.001824164329E-01   0.000000000000E+00  -3.535945248611E-01   3.437416077354E-01
   0.000000000000E+00   0.000000000000E+00   0.000000000000E+00   0.000000000000E+00   0.000000000000E+00   1.556289469842E-01  -1.029017477537E-01   0.000000000000E+00   2.035513604814E-01  -2.247333486742E-01   0.000000000000E+00   0.000000000000E+00   0.000000000000E+00   0.000000000000E+00   0.000000000000E+00  -3.683912227044E-01   1.519686559986E-01   0.000000000000E+00  -3.111792871646E-01   2.846080585070E-01
   0.000000000000E+00   0.000000000000E+00   0.000000000000E+00   0.000000000000E+00   0.000000000000E+00   1.511779412035E-01  -8.301469537367E-02   0.000000000000E+00   1.844470950239E-01  -1.952993199277E-01   0.000000000000E+00   0.000000000000E+00   0.000000000000E+00   0.000000000000E+00   0.000000000000E+00  -3.353792282452E-01   1.131290225018E-01   0.000000000000E+00  -2.654254373846E-01   2.306422510515E-01
   0.000000000000E+00   0.000000000000E+00   0.000000000000E+00   0.000000000000E+00   0.000000000000E+00   1.452147040271E-01  -6.636395342228E-02   0.000000000000E+00   1.642235252579E-01  -1.667676957005E-01   0.000000000000E+00   0.000000000000E+00   0.000000000000E+00   0.000000000000E+00   0.000000000000E+00  -2.929007844174E-01   8.257193164322E-02   0.000000000000E+00  -2.198665148802E-01   1.828830488748E-01
   0.000000000000E+00   0.000000000000E+00   0.000000000000E+00   0.000000000000E+00   0.000000000000E+00   1.370158466107E-01  -5.242949421346E-02   0.000000000000E+00   1.435683635904E-01  -1.399159034197E-01   0.000000000000E+00   0.000000000000E+00   0.000000000000E+00   0.000000000000E+00   0.000000000000E+00  -2.466634352305E-01   5.907418595744E-02   0.000000000000E+00  -1.771401786522E-01   1.418576174206E-01
   0.000000000000E+00   0.000000000000E+00   0.000000000000E+00   0.000000000000E+00   0.000000000000E+00   1.264300784968E-01  -4.084710751844E-02   0.000000000000E+00   1.231178166612E-01  -1.152949827730E-01   0.000000000000E+00   0.000000000000E+00   0.000000000000E+00   0.000000000000E+00   0.000000000000E+00  -2.009698922741E-01   4.140521372592E-02   0.000000000000E+00  -1.389622260832E-01   1.076168940614E-01
   0.000000000000E+00   0.000000000000E+00   0.000000000000E+00   0.000000000000E+00   0.000000000000E+00   1.138087600052E-01  -3.133067620238E-02   0.000000000000E+00   1.034786515510E-01  -9.327251500885E-02   0.000000000000E+00   0.000000000000E+00   0.000000000000E+00   0.000000000000E+00   0.000000000000E+00  -1.587458325931E-01   2.841194080414E-02   0.000000000000E+00  -1.062223619181E-01   7.982470815737E-02
   0.000000000000E+00   0.000000000000E+00   0.000000000000E+00   0.000000000000E+00   0.000000000000E+00   9.982967397667E-02  -2.362768053246E-02   0.000000000000E+00   8.518839144906E-02  -7.404832818927E-02   0.000000000000E+00   0.000000000000E+00   0.000000000000E+00   0.000000000000E+00   0.000000000000E+00  -1.217085567814E-01   1.906955792752E-02   0.000000000000E+00  -7.914727737821E-02   5.787098638906E-02
   0.000000000000E+00   0.000000000000E+00   0.000000000000E+00   0.000000000000E+00   0.000000000000E+00   8.530307701149E-02  -1.749876502627E-02   0.000000000000E+00   6.866570399601E-02  -5.766695906294E-02   0.000000000000E+00   0.000000000000E+00   0.000000000000E+00   0.000000000000E+00   0.000000000000E+00  -9.060662796045E-02   1.250523975875E-02   0.000000000000E+00  -5.748580223452E-02   4.098566124217E-02
   0.000000000000E+00   0.000000000000E+00   0.000000000000E+00   0.000000000000E+00   0.000000000000E+00   7.100959274770E-02  -1.271237991976E-02   0.000000000000E+00   5.417748585276E-02  -4.403704141677E-02   0.000000000000E+00   0.000000000000E+00   0.000000000000E+00   0.000000000000E+00   0.000000000000E+00  -6.547740652067E-02   8.002134979560E-03   0.000000000000E+00  -4.068441463322E-02   2.833789186635E-02
   0.000000000000E+00   0.000000000000E+00   0.000000000000E+00   0.000000000000E+00   0.000000000000E+00   5.759146032479E-02  -9.047363874402E-03   0.000000000000E+00   4.183156969606E-02  -3.295916434318E-02   0.000000000000E+00   0.000000000000E+00   0.000000000000E+00   0.000000000000E+00   0.000000000000E+00  -4.588690104665E-02   4.990265400567E-03   0.000000000000E+00  -2.803473540780E-02   1.911277397825E-02
   0.000000000000E+00   0.000000000000E+00   0.000000000000E+00   0.000000000000E+00   0.000000000000E+00   4.550080227867E-02  -6.298366948498E-03   0.000000000000E+00   3.159369364724E-02  -2.415964363904E-02   0.000000000000E+00   0.000000000000E+00   0.000000000000E+00   0.000000000000E+00   0.000000000000E+00  -3.113176717710E-02   3.029814055372E-03   0.000000000000E+00  -1.878548877950E-02   1.256366529539E-02
   0.000000000000E+00   0.000000000000E+00   0.000000000000E+00   0.000000000000E+00   0.000000000000E+00   3.499658017635E-02  -4.280892026369E-03   0.000000000000E+00   2.332137852478E-02  -1.732574320506E-02   0.000000000000E+00   0.000000000000E+00   0.000000000000E+00   0.000000000000E+00   0.000000000000E+00  -2.039533515426E-02   1.790977934896E-03   0.000000000000E+00  -1.221901820145E-02   8.042216998516E-03
   0.000000000000E+00   0.000000000000E+00   0.000000000000E+00   0.000000000000E+00   0.000000000000E+00   2.617305617319E-02  -2.834412985919E-03   0.000000000000E+00   1.680401441306E-02  -1.213714521607E-02   0.000000000000E+00   0.000000000000E+00   0.000000000000E+00   0.000000000000E+00   0.000000000000E+00  -1.285796699801E-02   1.033319717291E-03   0.000000000000E+00  -7.696964902013E-03   5.010334124069E-03
   0.000000000000E+00   0.000000000000E+00   0.000000000000E+00   0.000000000000E+00   0.000000000000E+00   1.899927936968E-02  -1.823249244814E-03   0.000000000000E+00   1.179851074628E-02  -8.289111278770E-03   0.000000000000E+00   0.000000000000E+00   0.000000000000E+00   0.000000000000E+00   0.000000000000E+00  -7.767169490467E-03   5.864892833401E-04   0.000000000000E+00  -4.681757525752E-03   3.038997353590E-03
   0.000000000000E+00   0.000000000000E+00   0.000000000000E+00   0.000000000000E+00   0.000000000000E+00   1.335574888125E-02  -1.135753171033E-03   0.000000000000E+00   8.055001932623E-03  -5.505996782470E-03   0.000000000000E+00   0.000000000000E+00   0.000000000000E+00   0.000000000000E+00   0.000000000000E+00  -4.475360056136E-03   3.333466291639E-04   0.000000000000E+00  -2.740868212542E-03   1.798638245245E-03
   0.000000000000E+00   0.000000000000E+00   0.000000000000E+00   0.000000000000E+00   0.000000000000E+00   9.064560142115E-03  -6.824576447128E-04   0.000000000000E+00   5.333171960003E-03  -3.547227233840E-03   0.000000000000E+00   0.000000000000E+00   0.000000000000E+00   0.000000000000E+00   0.000000000000E+00  -2.453736738786E-03   1.959045891330E-04   0.000000000000E+00  -1.540054680053E-03   1.044993933493E-03
   0.000000000000E+00   0.000000000000E+00   0.000000000000E+00   0.000000000000E+00   0.000000000000E+00   5.915097510497E-03  -3.937059928370E-04   0.000000000000E+00   3.412522506014E-03  -2.208904820235E-03   0.000000000000E+00   0.000000000000E+00   0.000000000000E+00   0.000000000000E+00   0.000000000000E+00  -1.290036496635E-03   1.240976176386E-04   0.000000000000E+00  -8.305777023482E-04   6.034007364684E-04
   0.000000000000E+00   0.000000000000E+00   0.000000000000E+00   0.000000000000E+00   0.000000000000E+00   3.689011454137E-03  -2.168846392844E-04   0.000000000000E+00   2.100188417835E-03  -1.323865581382E-03   0.000000000000E+00   0.000000000000E+00   0.000000000000E+00   0.000000000000E+00   0.000000000000E+00  -6.766533959095E-04   8.713420142547E-05   0.000000000000E+00  -4.340402304214E-04   3.535351248105E-04
   0.000000000000E+00   0.000000000000E+00   0.000000000000E+00   0.000000000000E+00   0.000000000000E+00   2.181018106132E-03  -1.135254752790E-04   0.000000000000E+00   1.235650515134E-03  -7.601222030258E-04   0.000000000000E+00   0.000000000000E+00   0.000000000000E+00   0.000000000000E+00   0.000000000000E+00  -3.940549681109E-04   6.706480117785E-05   0.000000000000E+00  -2.272678767601E-04   2.157961816196E-04
   0.000000000000E+00   0.000000000000E+00   0.000000000000E+00   0.000000000000E+00   0.000000000000E+00   1.205634605384E-03  -5.645340388885E-05   0.000000000000E+00   6.880517305255E-04  -4.155220548815E-04   0.000000000000E+00   0.000000000000E+00   0.000000000000E+00   0.000000000000E+00   0.000000000000E+00  -2.929591903982E-04   5.415713537601E-05   0.000000000000E+00  -1.286516069544E-04   1.398954292256E-04
   0.000000000000E+00   0.000000000000E+00   0.000000000000E+00   0.000000000000E+00   0.000000000000E+00   6.085868744635E-04  -2.715909250871E-05   0.000000000000E+00   3.566649355968E-04  -2.147481438673E-04   0.000000000000E+00   0.000000000000E+00   0.000000000000E+00   0.000000000000E+00   0.000000000000E+00  -2.774709296746E-04   4.368487855287E-05   0.000000000000E+00  -8.663183569321E-05   9.577988643905E-05
   0.000000000000E+00   0.000000000000E+00   0.000000000000E+00   0.000000000000E+00   0.000000000000E+00   2.701233492078E-04  -1.354539896130E-05   0.000000000000E+00   1.680557969827E-04  -1.049034867317E-04   0.000000000000E+00   0.000000000000E+00   0.000000000000E+00   0.000000000000E+00   0.000000000000E+00  -2.903877210885E-04   3.378041347428E-05   0.000000000000E+00  -7.049973016979E-05   6.673812938759E-05
   0.000000000000E+00   0.000000000000E+00   0.000000000000E+00   0.000000000000E+00   0.000000000000E+00   9.759003509363E-05  -8.058558305732E-06   0.000000000000E+00   6.871194887225E-05  -4.923329101092E-05   0.000000000000E+00   0.000000000000E+00   0.000000000000E+00   0.000000000000E+00   0.000000000000E+00  -3.011717525096E-04   2.406002593641E-05   0.000000000000E+00  -6.338391066883E-05   4.439147529574E-05
   0.000000000000E+00   0.000000000000E+00   0.000000000000E+00   0.000000000000E+00   0.000000000000E+00   2.505196596849E-05  -6.252225766552E-06   0.000000000000E+00   2.236084573247E-05  -2.388802211299E-05   0.000000000000E+00   0.000000000000E+00   0.000000000000E+00   0.000000000000E+00   0.000000000000E+00  -2.966143324142E-04   1.478963366392E-05   0.000000000000E+00  -5.712983703906E-05   2.521651812655E-05
   0.000000000000E+00   0.000000000000E+00   0.000000000000E+00   0.000000000000E+00   0.000000000000E+00   7.294959780341E-06  -5.717922344740E-06   0.000000000000E+00   5.196333919699E-06  -1.403253404793E-05   0.000000000000E+00   0.000000000000E+00   0.000000000000E+00   0.000000000000E+00   0.000000000000E+00  -2.739420770670E-04   6.414181639753E-06   0.000000000000E+00  -4.871921231796E-05   8.248813801199E-06
   0.000000000000E+00   0.000000000000E+00   0.000000000000E+00   0.000000000000E+00   0.000000000000E+00   1.486303272059E-05  -5.297973423014E-06   0.000000000000E+00   2.265240848823E-06  -1.095328881192E-05   0.000000000000E+00   0.000000000000E+00   0.000000000000E+00   0.000000000000E+00   0.000000000000E+00  -2.359794453227E-04  -6.790596805390E-07   0.000000000000E+00  -3.787997410248E-05  -6.345024364203E-06
   0.000000000000E+00   0.000000000000E+00   0.000000000000E+00   0.000000000000E+00   0.000000000000E+00   3.014159643633E-05  -4.569032268608E-06   0.000000000000E+00   4.872450720967E-06  -1.002472533174E-05   0.000000000000E+00   0.000000000000E+00   0.000000000000E+00   0.000000000000E+00   0.000000000000E+00  -1.879441988465E-04  -6.254929050744E-06   0.000000000000E+00  -2.557547252810E-05  -1.808670544946E-05
   0.000000000000E+00   0.000000000000E+00   0.000000000000E+00   0.000000000000E+00   0.000000000000E+00   4.367061992478E-05  -3.496595280214E-06   0.000000000000E+00   8.399756985261E-06  -9.124065057987E-06   0.000000000000E+00   0.000000000000E+00   0.000000000000E+00   0.000000000000E+00   0.000000000000E+00  -1.354736668877E-04  -1.024470327823E-05   0.000000000000E+00  -1.311455531911E-05  -2.660099583337E-05
   0.000000000000E+00   0.000000000000E+00   0.000000000000E+00   0.000000000000E+00   0.000000000000E+00   5.133980649898E-05  -2.207289380714E-06   0.000000000000E+00   1.077091925923E-05  -7.554505867576E-06   0.000000000000E+00   0.000000000000E+00   0.000000000000E+00   0.000000000000E+00   0.000000000000E+00  -8.353254966775E-05  -1.272061422270E-05   0.000000000000E+00  -1.679977414845E-06  -3.177778611362E-05
   0.000000000000E+00   0.000000000000E+00   0.000000000000E+00   0.000000000000E+00   0.000000000000E+00   5.228974960829E-05  -8.750817053952E-07   0.000000000000E+00   1.138638351229E-05  -5.356966482619E-06   0.000000000000E+00   0.000000000000E+00   0.000000000000E+00   0.000000000000E+00   0.000000000000E+00  -3.591819344524E-05  -1.385525168717E-05   0.000000000000E+00   7.876288340221E-06  -3.378928271500E-05
   0.000000000000E+00   0.000000000000E+00   0.000000000000E+00   0.000000000000E+00   0.000000000000E+00   4.744498379932E-05   3.427484834793E-07   0.000000000000E+00   1.041274234407E-05  -2.856140643304E-06   0.000000000000E+00   0.000000000000E+00   0.000000000000E+00   0.000000000000E+00   0.000000000000E+00   4.855349296892E-06  -1.387986851151E-05   0.000000000000E+00   1.507899550479E-05  -3.303482789042E-05
   0.000000000000E+00   0.000000000000E+00   0.000000000000E+00   0.000000000000E+00   0.000000000000E+00   3.848363378476E-05   1.339757535134E-06   0.000000000000E+00   8.335363740427E-06  -4.381313884135E-07   0.000000000000E+00   0.000000000000E+00   0.000000000000E+00   0.000000000000E+00   0.000000000000E+00   3.745443851019E-05  -1.304861055758E-05   0.000000000000E+00   1.979054519671E-05  -3.005915093721E-05
   0.000000000000E+00   0.000000000000E+00   0.000000000000E+00   0.000000000000E+00   0.000000000000E+00   2.724961685009E-05   2.057627121592E-06   0.000000000000E+00   5.705636396686E-06   1.588133821361E-06   0.000000000000E+00   0.000000000000E+00   0.000000000000E+00   0.000000000000E+00   0.000000000000E+00   6.151515213967E-05  -1.161135799476E-05   0.000000000000E+00   2.213454750665E-05  -2.547065078972E-05
   0.000000000000E+00   0.000000000000E+00   0.000000000000E+00   0.000000000000E+00   0.000000000000E+00   1.536474931542E-05   2.486010980458E-06   0.000000000000E+00   2.996986121694E-06   3.040006633778E-06   0.000000000000E+00   0.000000000000E+00   0.000000000000E+00   0.000000000000E+00   0.000000000000E+00   7.739729393841E-05  -9.795366617452E-06   0.000000000000E+00   2.241085198078E-05  -1.987320750168E-05
   0.000000000000E+00   0.000000000000E+00   0.000000000000E+00   0.000000000000E+00   0.000000000000E+00   4.122680679803E-06   2.641095520049E-06   0.000000000000E+00   5.658648352395E-07   3.838706068798E-06   0.000000000000E+00   0.000000000000E+00   0.000000000000E+00   0.000000000000E+00   0.000000000000E+00   8.594687675600E-05  -7.794617624078E-06   0.000000000000E+00   2.101787324643E-05  -1.381660465209E-05
   0.000000000000E+00   0.000000000000E+00   0.000000000000E+00   0.000000000000E+00   0.000000000000E+00  -5.608417083695E-06   2.565894671461E-06   0.000000000000E+00  -1.372643135519E-06   4.008266111871E-06   0.000000000000E+00   0.000000000000E+00   0.000000000000E+00   0.000000000000E+00   0.000000000000E+00   8.829045150665E-05  -5.765269136844E-06   0.000000000000E+00   1.838950228758E-05  -7.765649818235E-06
   0.000000000000E+00   0.000000000000E+00   0.000000000000E+00   0.000000000000E+00   0.000000000000E+00  -1.332099789191E-05   2.311357999741E-06   0.000000000000E+00  -2.719217067027E-06   3.639424900402E-06   0.000000000000E+00   0.000000000000E+00   0.000000000000E+00   0.000000000000E+00   0.000000000000E+00   8.567094401384E-05  -3.825536639909E-06   0.000000000000E+00   1.494862533597E-05  -2.085456272199E-06
   0.000000000000E+00   0.000000000000E+00   0.000000000000E+00   0.000000000000E+00   0.000000000000E+00  -1.883677124462E-05   1.931815581819E-06   0.000000000000E+00  -3.472251796824E-06   2.862903558899E-06   0.000000000000E+00   0.000000000000E+00   0.000000000000E+00   0.000000000000E+00   0.000000000000E+00   7.932605221146E-05  -2.058500691099E-06   0.000000000000E+00   1.107628833693E-05   2.960723324256E-06
   0.000000000000E+00   0.000000000000E+00   0.000000000000E+00   0.000000000000E+00   0.000000000000E+00  -2.219622302012E-05   1.479038842615E-06   0.000000000000E+00  -3.685429053790E-06   1.815819629106E-06   0.000000000000E+00   0.000000000000E+00   0.000000000000E+00   0.000000000000E+00   0.000000000000E+00   7.040534236926E-05  -5.166137399745E-07   0.000000000000E+00   7.094084230687E-06   7.204847780096E-06
   0.000000000000E+00   0.000000000000E+00   0.000000000000E+00   0.000000000000E+00   0.000000000000E+00  -2.361388654960E-05   9.979493374080E-07   0.000000000000E+00  -3.456556369133E-06   6.370850927403E-07   0.000000000000E+00   0.000000000000E+00   0.000000000000E+00   0.000000000000E+00   0.000000000000E+00   5.991981572394E-05   7.730271840407E-07   0.000000000000E+00   3.256839754058E-06   1.056196887242E-05


Spline
12 0.0553585
112.9353346817185 2.801373701455403 -0.1119994835253462
0.035 0.0375    0.204206 -35.71077211012958 2016.504000000031 24177.93762071238
0.0375 0.04    0.12791 -25.17491577974109 2197.838532155373 -120889.6881035729
0.04 0.0425    0.07682029999999999 -16.45240477090621 1291.165871378576 -57585.58520643491
0.0425 0.045    0.0428593 -11.07630513663398 859.2739823303137 16659.22892930921
0.045 0.04533    0.0207993 -6.467574682557872 984.2181993001326 -2167173.572075024
0.04533 0.045334    0.0186943 -6.526006277016704 -1161.283637054166 353213222.4907721
0.045334 0.046259    0.0186682 -6.518342311433599 3077.275032831984 -1324559.571220061
0.046259 0.047184    0.0142234 -4.225362350069925 -598.3777773036936 561811.1110751317
0.047184 0.0493131    0.0102476 -3.890262342340788 960.6480559297889 -100763.5210502349
0.0493131 0.0503195    0.00534702 -1.169934109375229 317.0412179256228 -143026.9144497911
0.0503195 0.0513259    0.00434492 -0.9663840979460291 -114.7856421811885 10348.58893883691
0.0513259 0.0553585    0.00326664 -1.165980214261954 -83.5411824570522 -5782.515169399558 27636944.82683195 -3877959552.095367

This SPLINE is just a DUMMY-SPLINE!!!!!!!!!!!!!!!

