0.200000 51
   0.000000000000E+00 0.0 0.0 0.0 0.0 0.0 0.0 0.0 0.0 0.0 0.0 0.0 0.0 0.0 0.0 0.0 0.0 0.0 0.0 0.0
   0.000000000000E+00   0.000000000000E+00   0.000000000000E+00   0.000000000000E+00   0.000000000000E+00   0.000000000000E+00   0.000000000000E+00   0.000000000000E+00   0.000000000000E+00   0.000000000000E+00   0.000000000000E+00   0.000000000000E+00   0.000000000000E+00   0.000000000000E+00   0.000000000000E+00   0.000000000000E+00   0.000000000000E+00   0.000000000000E+00   0.000000000000E+00   0.000000000000E+00
   0.000000000000E+00   0.000000000000E+00   0.000000000000E+00   0.000000000000E+00   0.000000000000E+00  -7.361707674287E-01  -1.005646194522E+00   0.000000000000E+00  -3.103611752017E-01  -9.006927151950E-01   0.000000000000E+00   0.000000000000E+00   0.000000000000E+00   0.000000000000E+00   0.000000000000E+00   7.729846694479E-01   8.686709504923E-01   0.000000000000E+00  -7.433446095832E-02   8.768308966961E-01
   0.000000000000E+00   0.000000000000E+00   0.000000000000E+00   0.000000000000E+00   0.000000000000E+00  -4.222665739282E-01  -8.616994019997E-01   0.000000000000E+00  -1.553919661477E-01  -5.968767239151E-01   0.000000000000E+00   0.000000000000E+00   0.000000000000E+00   0.000000000000E+00   0.000000000000E+00   6.194342449138E-01   8.121301288800E-01   0.000000000000E+00  -1.324456143013E-01   8.216147140076E-01
   0.000000000000E+00   0.000000000000E+00   0.000000000000E+00   0.000000000000E+00   0.000000000000E+00  -1.666089605658E-01  -7.177977306618E-01   0.000000000000E+00   2.751633197655E-02  -4.939443322940E-01   0.000000000000E+00   0.000000000000E+00   0.000000000000E+00   0.000000000000E+00   0.000000000000E+00   4.436371444479E-01   7.422089927589E-01   0.000000000000E+00  -1.953720271500E-01   7.697604852000E-01
   0.000000000000E+00   0.000000000000E+00   0.000000000000E+00   0.000000000000E+00   0.000000000000E+00   1.319282577643E-02  -5.879443187421E-01   0.000000000000E+00   1.750541284225E-01  -4.716591069267E-01   0.000000000000E+00   0.000000000000E+00   0.000000000000E+00   0.000000000000E+00   0.000000000000E+00   2.664978516484E-01   6.646555249696E-01   0.000000000000E+00  -2.535614444963E-01   7.204863988063E-01
   0.000000000000E+00   0.000000000000E+00   0.000000000000E+00   0.000000000000E+00   0.000000000000E+00   1.266542284612E-01  -4.770786002533E-01   0.000000000000E+00   2.713470733470E-01  -4.670596817407E-01   0.000000000000E+00   0.000000000000E+00   0.000000000000E+00   0.000000000000E+00   0.000000000000E+00   1.036689305580E-01   5.844440104904E-01   0.000000000000E+00  -3.002431319771E-01   6.711127730795E-01
   0.000000000000E+00   0.000000000000E+00   0.000000000000E+00   0.000000000000E+00   0.000000000000E+00   1.905588586323E-01  -3.853732888400E-01   0.000000000000E+00   3.217173434025E-01  -4.558360902569E-01   0.000000000000E+00   0.000000000000E+00   0.000000000000E+00   0.000000000000E+00   0.000000000000E+00  -3.472543891354E-02   5.055453196628E-01   0.000000000000E+00  -3.318562649751E-01   6.196383755619E-01
   0.000000000000E+00   0.000000000000E+00   0.000000000000E+00   0.000000000000E+00   0.000000000000E+00   2.207909646161E-01  -3.108422414999E-01   0.000000000000E+00   3.377489373265E-01  -4.326104392401E-01   0.000000000000E+00   0.000000000000E+00   0.000000000000E+00   0.000000000000E+00   0.000000000000E+00  -1.436321207284E-01   4.308861597308E-01   0.000000000000E+00  -3.474768611032E-01   5.653873406993E-01
   0.000000000000E+00   0.000000000000E+00   0.000000000000E+00   0.000000000000E+00   0.000000000000E+00   2.298659876255E-01  -2.507861875173E-01   0.000000000000E+00   3.309403820509E-01  -3.994691435972E-01   0.000000000000E+00   0.000000000000E+00   0.000000000000E+00   0.000000000000E+00   0.000000000000E+00  -2.221844047779E-01   3.624116737983E-01   0.000000000000E+00  -3.481186952395E-01   5.088609972589E-01
   0.000000000000E+00   0.000000000000E+00   0.000000000000E+00   0.000000000000E+00   0.000000000000E+00   2.264654349328E-01  -2.025252315919E-01   0.000000000000E+00   3.103864883626E-01  -3.603719481119E-01   0.000000000000E+00   0.000000000000E+00   0.000000000000E+00   0.000000000000E+00   0.000000000000E+00  -2.725647266565E-01   3.012131649651E-01   0.000000000000E+00  -3.360829539512E-01   4.513292087967E-01
   0.000000000000E+00   0.000000000000E+00   0.000000000000E+00   0.000000000000E+00   0.000000000000E+00   2.161025320943E-01  -1.637134297269E-01   0.000000000000E+00   2.824955954919E-01  -3.189273893932E-01   0.000000000000E+00   0.000000000000E+00   0.000000000000E+00   0.000000000000E+00   0.000000000000E+00  -2.988216892771E-01   2.476932327646E-01   0.000000000000E+00  -3.143615290517E-01   3.943982410347E-01
   0.000000000000E+00   0.000000000000E+00   0.000000000000E+00   0.000000000000E+00   0.000000000000E+00   2.020721071795E-01  -1.324245865194E-01   0.000000000000E+00   2.514930980403E-01  -2.777966154243E-01   0.000000000000E+00   0.000000000000E+00   0.000000000000E+00   0.000000000000E+00   0.000000000000E+00  -3.058306368305E-01   2.017420303907E-01   0.000000000000E+00  -2.861198662174E-01   3.396588697992E-01
   0.000000000000E+00   0.000000000000E+00   0.000000000000E+00   0.000000000000E+00   0.000000000000E+00   1.862711098709E-01  -1.071287252462E-01   0.000000000000E+00   2.200501412202E-01  -2.387254998115E-01   0.000000000000E+00   0.000000000000E+00   0.000000000000E+00   0.000000000000E+00   0.000000000000E+00  -2.985093987548E-01   1.629027354288E-01   0.000000000000E+00  -2.543020932485E-01   2.884511502084E-01
   0.000000000000E+00   0.000000000000E+00   0.000000000000E+00   0.000000000000E+00   0.000000000000E+00   1.697918932782E-01  -8.662759640984E-02   0.000000000000E+00   1.898030539338E-01  -2.027508124167E-01   0.000000000000E+00   0.000000000000E+00   0.000000000000E+00   0.000000000000E+00   0.000000000000E+00  -2.813145638831E-01   1.305120377850E-01   0.000000000000E+00  -2.213820509989E-01   2.417439434239E-01
   0.000000000000E+00   0.000000000000E+00   0.000000000000E+00   0.000000000000E+00   0.000000000000E+00   1.533002208585E-01  -6.998387437098E-02   0.000000000000E+00   1.617175378488E-01  -1.704069893711E-01   0.000000000000E+00   0.000000000000E+00   0.000000000000E+00   0.000000000000E+00   0.000000000000E+00  -2.579831059743E-01   1.038095321384E-01   0.000000000000E+00  -1.892525884474E-01   2.001068567136E-01
   0.000000000000E+00   0.000000000000E+00   0.000000000000E+00   0.000000000000E+00   0.000000000000E+00   1.372399504260E-01  -5.645928075263E-02   0.000000000000E+00   1.363188396954E-01  -1.418839161037E-01   0.000000000000E+00   0.000000000000E+00   0.000000000000E+00   0.000000000000E+00   0.000000000000E+00  -2.314563877419E-01   8.201618350375E-02   0.000000000000E+00  -1.592227681564E-01   1.637448757354E-01
   0.000000000000E+00   0.000000000000E+00   0.000000000000E+00   0.000000000000E+00   0.000000000000E+00   1.219220119906E-01  -4.546642672573E-02   0.000000000000E+00   1.138308374845E-01  -1.171367502013E-01   0.000000000000E+00   0.000000000000E+00   0.000000000000E+00   0.000000000000E+00   0.000000000000E+00  -2.039207024808E-01   6.438583809543E-02   0.000000000000E+00  -1.320844576428E-01   1.325673237092E-01
   0.000000000000E+00   0.000000000000E+00   0.000000000000E+00   0.000000000000E+00   0.000000000000E+00   1.075572874810E-01  -3.653359162233E-02   0.000000000000E+00   9.426644888296E-02  -9.596440850565E-02   0.000000000000E+00   0.000000000000E+00   0.000000000000E+00   0.000000000000E+00   0.000000000000E+00  -1.769093964086E-01   5.023538168683E-02   0.000000000000E+00  -1.082129724477E-01   1.062687336294E-01
   0.000000000000E+00   0.000000000000E+00   0.000000000000E+00   0.000000000000E+00   0.000000000000E+00   9.427311289724E-02  -2.927937205280E-02   0.000000000000E+00   7.749493826431E-02  -7.806920870418E-02   0.000000000000E+00   0.000000000000E+00   0.000000000000E+00   0.000000000000E+00   0.000000000000E+00  -1.514272579586E-01   3.895927574306E-02   0.000000000000E+00  -8.767529953766E-02   8.440653056770E-02
   0.000000000000E+00   0.000000000000E+00   0.000000000000E+00   0.000000000000E+00   0.000000000000E+00   8.212814813359E-02  -2.339410729182E-02   0.000000000000E+00   6.329533044254E-02  -6.310280369217E-02   0.000000000000E+00   0.000000000000E+00   0.000000000000E+00   0.000000000000E+00   0.000000000000E+00  -1.280727892460E-01   3.003349189675E-02   0.000000000000E+00  -7.032934471624E-02   6.646708008273E-02
   0.000000000000E+00   0.000000000000E+00   0.000000000000E+00   0.000000000000E+00   0.000000000000E+00   7.112799240480E-02  -1.862583037691E-02   0.000000000000E+00   5.139816337530E-02  -5.070034325030E-02   0.000000000000E+00   0.000000000000E+00   0.000000000000E+00   0.000000000000E+00   0.000000000000E+00  -1.071456984787E-01   2.301281995084E-02   0.000000000000E+00  -5.590601361260E-02   5.191674894783E-02
   0.000000000000E+00   0.000000000000E+00   0.000000000000E+00   0.000000000000E+00   0.000000000000E+00   6.124050682036E-02  -1.476929415146E-02   0.000000000000E+00   4.151657410904E-02  -4.050446728402E-02   0.000000000000E+00   0.000000000000E+00   0.000000000000E+00   0.000000000000E+00   0.000000000000E+00  -8.873493113506E-02   1.752445953241E-02   0.000000000000E+00  -4.407183740412E-02   4.023798349405E-02
   0.000000000000E+00   0.000000000000E+00   0.000000000000E+00   0.000000000000E+00   0.000000000000E+00   5.240953139352E-02  -1.165718841624E-02   0.000000000000E+00   3.336809047413E-02  -3.218091207304E-02   0.000000000000E+00   0.000000000000E+00   0.000000000000E+00   0.000000000000E+00   0.000000000000E+00  -7.278727846787E-02   1.325988391795E-02   0.000000000000E+00  -3.447339025182E-02   3.095228450910E-02
   0.000000000000E+00   0.000000000000E+00   0.000000000000E+00   0.000000000000E+00   0.000000000000E+00   4.456619074091E-02  -9.152996982281E-03   0.000000000000E+00   2.668877626238E-02  -2.542756482975E-02   0.000000000000E+00   0.000000000000E+00   0.000000000000E+00   0.000000000000E+00   0.000000000000E+00  -5.915892612844E-02   9.966244931999E-03   0.000000000000E+00  -2.676645299681E-02   2.363274109709E-02
   0.000000000000E+00   0.000000000000E+00   0.000000000000E+00   0.000000000000E+00   0.000000000000E+00   3.763733840636E-02  -7.145147681204E-03   0.000000000000E+00   2.124131047652E-02  -1.997857429099E-02   0.000000000000E+00   0.000000000000E+00   0.000000000000E+00   0.000000000000E+00   0.000000000000E+00  -4.765309344805E-02   7.438067658627E-03   0.000000000000E+00  -2.063337268013E-02   1.790886981835E-02
   0.000000000000E+00   0.000000000000E+00   0.000000000000E+00   0.000000000000E+00   0.000000000000E+00   3.155092536749E-02  -5.542226731683E-03   0.000000000000E+00   1.681837832706E-02  -1.560487321080E-02   0.000000000000E+00   0.000000000000E+00   0.000000000000E+00   0.000000000000E+00   0.000000000000E+00  -3.804685144774E-02   5.509631504223E-03   0.000000000000E+00  -1.579186989331E-02   1.346620478234E-02
   0.000000000000E+00   0.000000000000E+00   0.000000000000E+00   0.000000000000E+00   0.000000000000E+00   2.623846000720E-02  -4.269108358296E-03   0.000000000000E+00   1.324263977287E-02  -1.211221916493E-02   0.000000000000E+00   0.000000000000E+00   0.000000000000E+00   0.000000000000E+00   0.000000000000E+00  -3.010976553088E-02   4.048209826949E-03   0.000000000000E+00  -1.199802723622E-02   1.004262066885E-02
   0.000000000000E+00   0.000000000000E+00   0.000000000000E+00   0.000000000000E+00   0.000000000000E+00   2.163524553119E-02  -3.263867164119E-03   0.000000000000E+00   1.036450239468E-02  -9.337797622310E-03   0.000000000000E+00   0.000000000000E+00   0.000000000000E+00   0.000000000000E+00   0.000000000000E+00  -2.361646761060E-02   2.948206286167E-03   0.000000000000E+00  -9.045584581014E-03   7.422881698637E-03
   0.000000000000E+00   0.000000000000E+00   0.000000000000E+00   0.000000000000E+00   0.000000000000E+00   1.767945017995E-02  -2.475352828989E-03   0.000000000000E+00   8.058818542170E-03  -7.146211262296E-03   0.000000000000E+00   0.000000000000E+00   0.000000000000E+00   0.000000000000E+00   0.000000000000E+00  -1.835476327667E-02   2.126151799595E-03   0.000000000000E+00  -6.763096648521E-03   5.432469507505E-03
   0.000000000000E+00   0.000000000000E+00   0.000000000000E+00   0.000000000000E+00   0.000000000000E+00   1.431100663868E-02  -1.861295541900E-03   0.000000000000E+00   6.221340591276E-03  -5.425466603666E-03   0.000000000000E+00   0.000000000000E+00   0.000000000000E+00   0.000000000000E+00   0.000000000000E+00  -1.413047518054E-02   1.516489131728E-03   0.000000000000E+00  -5.010031082644E-03   3.931382917596E-03
   0.000000000000E+00   0.000000000000E+00   0.000000000000E+00   0.000000000000E+00   0.000000000000E+00   1.147110571977E-02  -1.386814342264E-03   0.000000000000E+00   4.765500749957E-03  -4.083343263855E-03   0.000000000000E+00   0.000000000000E+00   0.000000000000E+00   0.000000000000E+00   0.000000000000E+00  -1.076991862239E-02   1.068057394583E-03   0.000000000000E+00  -3.672514371323E-03   2.808328100303E-03
   0.000000000000E+00   0.000000000000E+00   0.000000000000E+00   0.000000000000E+00   0.000000000000E+00   9.101497853656E-03  -1.023223302631E-03   0.000000000000E+00   3.619276461492E-03  -3.044029536545E-03   0.000000000000E+00   0.000000000000E+00   0.000000000000E+00   0.000000000000E+00   0.000000000000E+00  -8.120682911073E-03   7.411863347111E-04   0.000000000000E+00  -2.659160633412E-03   1.975520380999E-03
   0.000000000000E+00   0.000000000000E+00   0.000000000000E+00   0.000000000000E+00   0.000000000000E+00   7.145029523111E-03  -7.470571566230E-04   0.000000000000E+00   2.722865069400E-03  -2.245430734568E-03   0.000000000000E+00   0.000000000000E+00   0.000000000000E+00   0.000000000000E+00   0.000000000000E+00  -6.051230833005E-03   5.053142891400E-04   0.000000000000E+00  -1.897227636916E-03   1.364185147602E-03
   0.000000000000E+00   0.000000000000E+00   0.000000000000E+00   0.000000000000E+00   0.000000000000E+00   5.548303432620E-03  -5.392462447803E-04   0.000000000000E+00   2.027417231516E-03  -1.637280336710E-03   0.000000000000E+00   0.000000000000E+00   0.000000000000E+00   0.000000000000E+00   0.000000000000E+00  -4.449709376161E-03   3.370507232166E-04   0.000000000000E+00  -1.329216886474E-03   9.207602529288E-04
   0.000000000000E+00   0.000000000000E+00   0.000000000000E+00   0.000000000000E+00   0.000000000000E+00   4.258837527550E-03  -3.844143613216E-04   0.000000000000E+00   1.491968096765E-03  -1.178392304768E-03   0.000000000000E+00   0.000000000000E+00   0.000000000000E+00   0.000000000000E+00   0.000000000000E+00  -3.222273605835E-03   2.186124649071E-04   0.000000000000E+00  -9.099534275976E-04   6.037526327367E-04
   0.000000000000E+00   0.000000000000E+00   0.000000000000E+00   0.000000000000E+00   0.000000000000E+00   3.229460084184E-03  -2.702732873008E-04   0.000000000000E+00   1.083444085225E-03  -8.358272575492E-04   0.000000000000E+00   0.000000000000E+00   0.000000000000E+00   0.000000000000E+00   0.000000000000E+00  -2.291153119637E-03   1.365711588109E-04   0.000000000000E+00  -6.041324312498E-04   3.811766573728E-04
   0.000000000000E+00   0.000000000000E+00   0.000000000000E+00   0.000000000000E+00   0.000000000000E+00   2.417746285342E-03  -1.870867900661E-04   0.000000000000E+00   7.750214276642E-04  -5.832445476600E-04   0.000000000000E+00   0.000000000000E+00   0.000000000000E+00   0.000000000000E+00   0.000000000000E+00  -1.592631446724E-03   8.085759522519E-05   0.000000000000E+00  -3.842931198215E-04   2.284925700887E-04
   0.000000000000E+00   0.000000000000E+00   0.000000000000E+00   0.000000000000E+00   0.000000000000E+00   1.784839547493E-03  -1.272126131831E-04   0.000000000000E+00   5.446031858402E-04  -3.994650280794E-04   0.000000000000E+00   0.000000000000E+00   0.000000000000E+00   0.000000000000E+00   0.000000000000E+00  -1.075060180187E-03   4.397618732313E-05   0.000000000000E+00  -2.291684711821E-04   1.269640719009E-04
   0.000000000000E+00   0.000000000000E+00   0.000000000000E+00   0.000000000000E+00   0.000000000000E+00   1.297089292885E-03  -8.471599319040E-05   0.000000000000E+00   3.745177926518E-04  -2.678010052280E-04   0.000000000000E+00   0.000000000000E+00   0.000000000000E+00   0.000000000000E+00   0.000000000000E+00  -6.969899738795E-04   2.038985808502E-05   0.000000000000E+00  -1.223559594224E-04   6.236037635933E-05
   0.000000000000E+00   0.000000000000E+00   0.000000000000E+00   0.000000000000E+00   0.000000000000E+00   9.259159949171E-04  -5.503037648445E-05   0.000000000000E+00   2.507543650788E-04  -1.752137684515E-04   0.000000000000E+00   0.000000000000E+00   0.000000000000E+00   0.000000000000E+00   0.000000000000E+00  -4.254688261927E-04   6.041905064396E-06   0.000000000000E+00  -5.125664905752E-05   2.393698941222E-05
   0.000000000000E+00   0.000000000000E+00   0.000000000000E+00   0.000000000000E+00   0.000000000000E+00   6.471212845760E-04  -3.467468836833E-05   0.000000000000E+00   1.621874073794E-04  -1.115504034830E-04   0.000000000000E+00   0.000000000000E+00   0.000000000000E+00   0.000000000000E+00   0.000000000000E+00  -2.345335115393E-04  -2.012982191125E-06   0.000000000000E+00  -6.234798623743E-06   3.639231403759E-06
   0.000000000000E+00   0.000000000000E+00   0.000000000000E+00   0.000000000000E+00   0.000000000000E+00   4.408550989074E-04  -2.102559758781E-05   0.000000000000E+00   1.001494436212E-04  -6.901936232548E-05   0.000000000000E+00   0.000000000000E+00   0.000000000000E+00   0.000000000000E+00   0.000000000000E+00  -1.039017764363E-04  -5.891464089910E-06   0.000000000000E+00   2.004382067515E-05  -4.517987209861E-06
   0.000000000000E+00   0.000000000000E+00   0.000000000000E+00   0.000000000000E+00   0.000000000000E+00   2.907480811878E-04  -1.212603043883E-05   0.000000000000E+00   5.784377851918E-05  -4.165261977524E-05   0.000000000000E+00   0.000000000000E+00   0.000000000000E+00   0.000000000000E+00   0.000000000000E+00  -1.786008869282E-05  -7.096720031742E-06   0.000000000000E+00   3.313038721360E-05  -4.931990829458E-06
   0.000000000000E+00   0.000000000000E+00   0.000000000000E+00   0.000000000000E+00   0.000000000000E+00   1.835076565637E-04  -6.531776965086E-06   0.000000000000E+00   2.999183863576E-05  -2.493337439340E-05   0.000000000000E+00   0.000000000000E+00   0.000000000000E+00   0.000000000000E+00   0.000000000000E+00   3.566663176706E-05  -6.681097097548E-06   0.000000000000E+00   3.719777557597E-05  -7.861101987840E-07
   0.000000000000E+00   0.000000000000E+00   0.000000000000E+00   0.000000000000E+00   0.000000000000E+00   1.086902874972E-04  -3.191655956128E-06   0.000000000000E+00   1.258914460106E-05  -1.550510944994E-05   0.000000000000E+00   0.000000000000E+00   0.000000000000E+00   0.000000000000E+00   0.000000000000E+00   6.588169788784E-05  -5.368254038358E-06   0.000000000000E+00   3.535569233612E-05   5.660576050237E-06
   0.000000000000E+00   0.000000000000E+00   0.000000000000E+00   0.000000000000E+00   0.000000000000E+00   5.791296019371E-05  -1.348607989656E-06   0.000000000000E+00   2.548308910486E-06  -1.087972975218E-05   0.000000000000E+00   0.000000000000E+00   0.000000000000E+00   0.000000000000E+00   0.000000000000E+00   7.974031383785E-05  -3.644299006227E-06   0.000000000000E+00   2.989561987438E-05   1.284869971189E-05
   0.000000000000E+00   0.000000000000E+00   0.000000000000E+00   0.000000000000E+00   0.000000000000E+00   2.473531028444E-05  -4.672150109435E-07   0.000000000000E+00  -2.430073499462E-06  -9.262804642303E-06   0.000000000000E+00   0.000000000000E+00   0.000000000000E+00   0.000000000000E+00   0.000000000000E+00   8.245102074491E-05  -1.825359814142E-06   0.000000000000E+00   2.248103047120E-05   1.974461414322E-05
   0.000000000000E+00   0.000000000000E+00   0.000000000000E+00   0.000000000000E+00   0.000000000000E+00   4.193272808694E-06  -1.742780489665E-07   0.000000000000E+00  -4.058147213545E-06  -9.380079641643E-06   0.000000000000E+00   0.000000000000E+00   0.000000000000E+00   0.000000000000E+00   0.000000000000E+00   7.787473186607E-05  -1.073609173465E-07   0.000000000000E+00   1.429506327745E-05   2.570562690732E-05
   0.000000000000E+00   0.000000000000E+00   0.000000000000E+00   0.000000000000E+00   0.000000000000E+00  -7.466908009608E-06  -2.167647974429E-07   0.000000000000E+00  -3.586586062435E-06  -1.035175039210E-05   0.000000000000E+00   0.000000000000E+00   0.000000000000E+00   0.000000000000E+00   0.000000000000E+00   6.883938245432E-05   1.397548357590E-06   0.000000000000E+00   6.155201669922E-06   3.037571685061E-05
   0.000000000000E+00   0.000000000000E+00   0.000000000000E+00   0.000000000000E+00   0.000000000000E+00  -1.305703924202E-05  -4.259435717757E-07   0.000000000000E+00  -1.915154562257E-06  -1.159198336544E-05   0.000000000000E+00   0.000000000000E+00   0.000000000000E+00   0.000000000000E+00   0.000000000000E+00   5.738605815278E-05   2.634520208582E-06   0.000000000000E+00  -1.397635992908E-06   3.360500683224E-05
   0.000000000000E+00   0.000000000000E+00   0.000000000000E+00   0.000000000000E+00   0.000000000000E+00  -1.464862803856E-05  -6.943147698979E-07   0.000000000000E+00   3.242979144447E-07  -1.273007777912E-05   0.000000000000E+00   0.000000000000E+00   0.000000000000E+00   0.000000000000E+00   0.000000000000E+00   4.496019075877E-05   3.586916427371E-06   0.000000000000E+00  -8.029858158896E-06   3.538780538080E-05


Spline
12 0.0553585
112.9353346817185 2.801373701455403 -0.1119994835253462
0.035 0.0375    0.204206 -35.71077211012958 2016.504000000031 24177.93762071238
0.0375 0.04    0.12791 -25.17491577974109 2197.838532155373 -120889.6881035729
0.04 0.0425    0.07682029999999999 -16.45240477090621 1291.165871378576 -57585.58520643491
0.0425 0.045    0.0428593 -11.07630513663398 859.2739823303137 16659.22892930921
0.045 0.04533    0.0207993 -6.467574682557872 984.2181993001326 -2167173.572075024
0.04533 0.045334    0.0186943 -6.526006277016704 -1161.283637054166 353213222.4907721
0.045334 0.046259    0.0186682 -6.518342311433599 3077.275032831984 -1324559.571220061
0.046259 0.047184    0.0142234 -4.225362350069925 -598.3777773036936 561811.1110751317
0.047184 0.0493131    0.0102476 -3.890262342340788 960.6480559297889 -100763.5210502349
0.0493131 0.0503195    0.00534702 -1.169934109375229 317.0412179256228 -143026.9144497911
0.0503195 0.0513259    0.00434492 -0.9663840979460291 -114.7856421811885 10348.58893883691
0.0513259 0.0553585    0.00326664 -1.165980214261954 -83.5411824570522 -5782.515169399558 27636944.82683195 -3877959552.095367

This SPLINE is just a DUMMY-SPLINE!!!!!!!!!!!!!!!

