0.200000 56
   0.000000000000E+00 0.0 0.0 0.0 0.0 0.0 0.0 0.0 0.0 0.0 0.0 0.0 0.0 0.0 0.0 0.0 0.0 0.0 0.0 0.0
   0.000000000000E+00   0.000000000000E+00   0.000000000000E+00   0.000000000000E+00   0.000000000000E+00   0.000000000000E+00   0.000000000000E+00   0.000000000000E+00   0.000000000000E+00   0.000000000000E+00   0.000000000000E+00   0.000000000000E+00   0.000000000000E+00   0.000000000000E+00   0.000000000000E+00   0.000000000000E+00   0.000000000000E+00   0.000000000000E+00   0.000000000000E+00   0.000000000000E+00
   0.000000000000E+00   0.000000000000E+00   0.000000000000E+00   0.000000000000E+00   0.000000000000E+00  -8.335916106638E-01  -1.082355358293E+00   0.000000000000E+00  -2.205119447428E-01  -1.070858694929E+00   0.000000000000E+00   0.000000000000E+00   0.000000000000E+00   0.000000000000E+00   0.000000000000E+00   8.697333292972E-01   9.505765367290E-01   0.000000000000E+00  -1.228632099634E-01   9.348834190684E-01
   0.000000000000E+00   0.000000000000E+00   0.000000000000E+00   0.000000000000E+00   0.000000000000E+00  -5.304779588139E-01  -9.476214549724E-01   0.000000000000E+00  -7.095903115737E-02  -7.980112640489E-01   0.000000000000E+00   0.000000000000E+00   0.000000000000E+00   0.000000000000E+00   0.000000000000E+00   7.381644442790E-01   9.025764880585E-01   0.000000000000E+00  -1.987337348948E-01   8.884338548057E-01
   0.000000000000E+00   0.000000000000E+00   0.000000000000E+00   0.000000000000E+00   0.000000000000E+00  -2.690863044045E-01  -8.089347459883E-01   0.000000000000E+00   1.044980612500E-01  -6.961562281347E-01   0.000000000000E+00   0.000000000000E+00   0.000000000000E+00   0.000000000000E+00   0.000000000000E+00   5.841247673388E-01   8.425057960521E-01   0.000000000000E+00  -2.758372624528E-01   8.441035648017E-01
   0.000000000000E+00   0.000000000000E+00   0.000000000000E+00   0.000000000000E+00   0.000000000000E+00  -7.148493789529E-02  -6.797861683941E-01   0.000000000000E+00   2.505894601270E-01  -6.636467895035E-01   0.000000000000E+00   0.000000000000E+00   0.000000000000E+00   0.000000000000E+00   0.000000000000E+00   4.236530511570E-01   7.747760341665E-01   0.000000000000E+00  -3.459571812025E-01   8.009343906493E-01
   0.000000000000E+00   0.000000000000E+00   0.000000000000E+00   0.000000000000E+00   0.000000000000E+00   6.513664360740E-02  -5.659180512249E-01   0.000000000000E+00   3.509077678510E-01  -6.458542619575E-01   0.000000000000E+00   0.000000000000E+00   0.000000000000E+00   0.000000000000E+00   0.000000000000E+00   2.688715998405E-01   7.032117720538E-01   0.000000000000E+00  -4.031767208839E-01   7.564841298918E-01
   0.000000000000E+00   0.000000000000E+00   0.000000000000E+00   0.000000000000E+00   0.000000000000E+00   1.523742947971E-01  -4.686990371698E-01   0.000000000000E+00   4.078444195024E-01  -6.212037429342E-01   0.000000000000E+00   0.000000000000E+00   0.000000000000E+00   0.000000000000E+00   0.000000000000E+00   1.279541202981E-01   6.308975060705E-01   0.000000000000E+00  -4.443824964335E-01   7.090334627520E-01
   0.000000000000E+00   0.000000000000E+00   0.000000000000E+00   0.000000000000E+00   0.000000000000E+00   2.030337107778E-01  -3.872684790873E-01   0.000000000000E+00   4.303665332383E-01  -5.848811314012E-01   0.000000000000E+00   0.000000000000E+00   0.000000000000E+00   0.000000000000E+00   0.000000000000E+00   5.687625415733E-03   5.601781345218E-01   0.000000000000E+00  -4.688675349125E-01   6.580957569680E-01
   0.000000000000E+00   0.000000000000E+00   0.000000000000E+00   0.000000000000E+00   0.000000000000E+00   2.284121700518E-01  -3.197896593939E-01   0.000000000000E+00   4.284092799887E-01  -5.389792569212E-01   0.000000000000E+00   0.000000000000E+00   0.000000000000E+00   0.000000000000E+00   0.000000000000E+00  -9.577385102849E-02   4.927348578205E-01   0.000000000000E+00  -4.776442427416E-01   6.042105212125E-01
   0.000000000000E+00   0.000000000000E+00   0.000000000000E+00   0.000000000000E+00   0.000000000000E+00   2.372332536520E-01  -2.641548805354E-01   0.000000000000E+00   4.104930824401E-01  -4.874852829658E-01   0.000000000000E+00   0.000000000000E+00   0.000000000000E+00   0.000000000000E+00   0.000000000000E+00  -1.761739139919E-01   4.296911830141E-01   0.000000000000E+00  -4.727640974897E-01   5.485362795164E-01
   0.000000000000E+00   0.000000000000E+00   0.000000000000E+00   0.000000000000E+00   0.000000000000E+00   2.356435331487E-01  -2.183488487814E-01   0.000000000000E+00   3.830533313977E-01  -4.341185195956E-01   0.000000000000E+00   0.000000000000E+00   0.000000000000E+00   0.000000000000E+00   0.000000000000E+00  -2.365319214946E-01   3.717232010027E-01   0.000000000000E+00  -4.567694679545E-01   4.924734834326E-01
   0.000000000000E+00   0.000000000000E+00   0.000000000000E+00   0.000000000000E+00   0.000000000000E+00   2.277236798851E-01  -1.806050470744E-01   0.000000000000E+00   3.506064503368E-01  -3.816674285895E-01   0.000000000000E+00   0.000000000000E+00   0.000000000000E+00   0.000000000000E+00   0.000000000000E+00  -2.786596018618E-01   3.191607895198E-01   0.000000000000E+00  -4.323062846880E-01   4.373944060694E-01
   0.000000000000E+00   0.000000000000E+00   0.000000000000E+00   0.000000000000E+00   0.000000000000E+00   2.160796772047E-01  -1.494459645313E-01   0.000000000000E+00   3.161756352767E-01  -3.319672404173E-01   0.000000000000E+00   0.000000000000E+00   0.000000000000E+00   0.000000000000E+00   0.000000000000E+00  -3.048049152105E-01   2.720742609339E-01   0.000000000000E+00  -4.018789928996E-01   3.844836297975E-01
   0.000000000000E+00   0.000000000000E+00   0.000000000000E+00   0.000000000000E+00   0.000000000000E+00   2.023430940748E-01  -1.236665013417E-01   0.000000000000E+00   2.817184837665E-01  -2.860891009212E-01   0.000000000000E+00   0.000000000000E+00   0.000000000000E+00   0.000000000000E+00   0.000000000000E+00  -3.173985689432E-01   2.303454903013E-01   0.000000000000E+00  -3.677134576926E-01   3.346651289885E-01
   0.000000000000E+00   0.000000000000E+00   0.000000000000E+00   0.000000000000E+00   0.000000000000E+00   1.875373564894E-01  -1.022950944029E-01   0.000000000000E+00   2.484682735569E-01  -2.445565848944E-01   0.000000000000E+00   0.000000000000E+00   0.000000000000E+00   0.000000000000E+00   0.000000000000E+00  -3.188779761006E-01   1.937247799103E-01   0.000000000000E+00  -3.316942683585E-01   2.885873334252E-01
   0.000000000000E+00   0.000000000000E+00   0.000000000000E+00   0.000000000000E+00   0.000000000000E+00   1.723202766498E-01  -8.455065598773E-02   0.000000000000E+00   2.171767261442E-01  -2.075253305129E-01   0.000000000000E+00   0.000000000000E+00   0.000000000000E+00   0.000000000000E+00   0.000000000000E+00  -3.115680235384E-01   1.618755341179E-01   0.000000000000E+00  -2.953499137341E-01   2.466422638334E-01
   0.000000000000E+00   0.000000000000E+00   0.000000000000E+00   0.000000000000E+00   0.000000000000E+00   1.571318445641E-01  -6.980345714383E-02   0.000000000000E+00   1.882755306398E-01  -1.749143979483E-01   0.000000000000E+00   0.000000000000E+00   0.000000000000E+00   0.000000000000E+00   0.000000000000E+00  -2.976034878585E-01   1.344088932490E-01   0.000000000000E+00  -2.598670403267E-01   2.090017407254E-01
   0.000000000000E+00   0.000000000000E+00   0.000000000000E+00   0.000000000000E+00   0.000000000000E+00   1.422787443738E-01  -5.754278514422E-02   0.000000000000E+00   1.619806560571E-01  -1.464970022987E-01   0.000000000000E+00   0.000000000000E+00   0.000000000000E+00   0.000000000000E+00   0.000000000000E+00  -2.788824351884E-01   1.109102313797E-01   0.000000000000E+00  -2.261212698511E-01   1.756597760599E-01
   0.000000000000E+00   0.000000000000E+00   0.000000000000E+00   0.000000000000E+00   0.000000000000E+00   1.279807648644E-01  -4.735143520396E-02   0.000000000000E+00   1.383599970030E-01  -1.219618681049E-01   0.000000000000E+00   0.000000000000E+00   0.000000000000E+00   0.000000000000E+00   0.000000000000E+00  -2.570430371265E-01   9.095909463223E-02   0.000000000000E+00  -1.947164558678E-01   1.464747383385E-01
   0.000000000000E+00   0.000000000000E+00   0.000000000000E+00   0.000000000000E+00   0.000000000000E+00   1.143960692902E-01  -3.888610275094E-02   0.000000000000E+00   1.173786012832E-01  -1.009545503825E-01   0.000000000000E+00   0.000000000000E+00   0.000000000000E+00   0.000000000000E+00   0.000000000000E+00  -2.334581540913E-01   7.414385228792E-02   0.000000000000E+00  -1.660271377791E-01   1.212078481857E-01
   0.000000000000E+00   0.000000000000E+00   0.000000000000E+00   0.000000000000E+00   0.000000000000E+00   1.016354631621E-01  -3.186243741453E-02   0.000000000000E+00   9.893033756289E-02  -8.310525305973E-02   0.000000000000E+00   0.000000000000E+00   0.000000000000E+00   0.000000000000E+00   0.000000000000E+00  -2.092431838888E-01   6.007208774728E-02   0.000000000000E+00  -1.402407903448E-01   9.955640224390E-02
   0.000000000000E+00   0.000000000000E+00   0.000000000000E+00   0.000000000000E+00   0.000000000000E+00   8.977132496623E-02  -2.604362548839E-02   0.000000000000E+00   8.286111741622E-02  -6.804744626869E-02   0.000000000000E+00   0.000000000000E+00   0.000000000000E+00   0.000000000000E+00   0.000000000000E+00  -1.852734058804E-01   4.837756987110E-02   0.000000000000E+00  -1.173976688382E-01   8.118121708192E-02
   0.000000000000E+00   0.000000000000E+00   0.000000000000E+00   0.000000000000E+00   0.000000000000E+00   7.884394670690E-02  -2.123163081012E-02   0.000000000000E+00   6.898652351832E-02  -5.543009440026E-02   0.000000000000E+00   0.000000000000E+00   0.000000000000E+00   0.000000000000E+00   0.000000000000E+00  -1.622076085645E-01   3.872450431087E-02   0.000000000000E+00  -9.742687785779E-02   6.572841297875E-02
   0.000000000000E+00   0.000000000000E+00   0.000000000000E+00   0.000000000000E+00   0.000000000000E+00   6.886674912190E-02  -1.726036519909E-02   0.000000000000E+00   5.710543814247E-02  -4.492535369505E-02   0.000000000000E+00   0.000000000000E+00   0.000000000000E+00   0.000000000000E+00   0.000000000000E+00  -1.405152951626E-01   3.080965445725E-02   0.000000000000E+00  -8.017789522654E-02   5.284600293235E-02
   0.000000000000E+00   0.000000000000E+00   0.000000000000E+00   0.000000000000E+00   0.000000000000E+00   5.983087016616E-02  -1.399029513830E-02   0.000000000000E+00   4.701059541120E-02  -3.623301512784E-02   0.000000000000E+00   0.000000000000E+00   0.000000000000E+00   0.000000000000E+00   0.000000000000E+00  -1.205052615954E-01   2.436283116679E-02   0.000000000000E+00  -6.544723678176E-02   4.219592586325E-02
   0.000000000000E+00   0.000000000000E+00   0.000000000000E+00   0.000000000000E+00   0.000000000000E+00   5.170952251984E-02  -1.130412308127E-02   0.000000000000E+00   3.849661419011E-02  -2.908259749615E-02   0.000000000000E+00   0.000000000000E+00   0.000000000000E+00   0.000000000000E+00   0.000000000000E+00  -1.023538327058E-01   1.914617216608E-02   0.000000000000E+00  -5.300028873549E-02   3.346223002993E-02
   0.000000000000E+00   0.000000000000E+00   0.000000000000E+00   0.000000000000E+00   0.000000000000E+00   4.446192533583E-02  -9.103265349781E-03   0.000000000000E+00   3.136594960825E-02  -2.323375886168E-02   0.000000000000E+00   0.000000000000E+00   0.000000000000E+00   0.000000000000E+00   0.000000000000E+00  -8.613150639610E-02   1.495256209979E-02   0.000000000000E+00  -4.258857987265E-02   2.635611236294E-02
   0.000000000000E+00   0.000000000000E+00   0.000000000000E+00   0.000000000000E+00   0.000000000000E+00   3.803699953180E-02  -7.304948356468E-03   0.000000000000E+00   2.543308822754E-02  -1.847553094428E-02   0.000000000000E+00   0.000000000000E+00   0.000000000000E+00   0.000000000000E+00   0.000000000000E+00  -7.182717063137E-02   1.160348098101E-02   0.000000000000E+00  -3.396292900241E-02   2.061847673395E-02
   0.000000000000E+00   0.000000000000E+00   0.000000000000E+00   0.000000000000E+00   0.000000000000E+00   3.237670227332E-02  -5.839779818062E-03   0.000000000000E+00   2.052730079044E-02  -1.462476275346E-02   0.000000000000E+00   0.000000000000E+00   0.000000000000E+00   0.000000000000E+00   0.000000000000E+00  -5.936941036971E-02   8.946511949676E-03   0.000000000000E+00  -2.688299634881E-02   1.602060621362E-02
   0.000000000000E+00   0.000000000000E+00   0.000000000000E+00   0.000000000000E+00   0.000000000000E+00   2.741901073257E-02  -4.649697940686E-03   0.000000000000E+00   1.649421995850E-02  -1.152406570292E-02   0.000000000000E+00   0.000000000000E+00   0.000000000000E+00   0.000000000000E+00   0.000000000000E+00  -4.864470406386E-02   6.852688863297E-03   0.000000000000E+00  -2.112380432593E-02   1.236346347238E-02
   0.000000000000E+00   0.000000000000E+00   0.000000000000E+00   0.000000000000E+00   0.000000000000E+00   2.310051433167E-02  -3.686226141203E-03   0.000000000000E+00   1.319647618786E-02  -9.039475907795E-03   0.000000000000E+00   0.000000000000E+00   0.000000000000E+00   0.000000000000E+00   0.000000000000E+00  -3.951252339385E-02   5.213820490367E-03   0.000000000000E+00  -1.647978700853E-02   9.476048636281E-03
   0.000000000000E+00   0.000000000000E+00   0.000000000000E+00   0.000000000000E+00   0.000000000000E+00   1.935855849245E-02  -2.908976692850E-03   0.000000000000E+00   1.051358635296E-02  -7.057988991560E-03   0.000000000000E+00   0.000000000000E+00   0.000000000000E+00   0.000000000000E+00   0.000000000000E+00  -3.181750148473E-02   3.939890937117E-03   0.000000000000E+00  -1.276689142865E-02   7.213161486771E-03
   0.000000000000E+00   0.000000000000E+00   0.000000000000E+00   0.000000000000E+00   0.000000000000E+00   1.613288245247E-02  -2.284367623340E-03   0.000000000000E+00   8.341261691456E-03  -5.485078635968E-03   0.000000000000E+00   0.000000000000E+00   0.000000000000E+00   0.000000000000E+00   0.000000000000E+00  -2.539893310355E-02   2.956605167174E-03   0.000000000000E+00  -9.823198856395E-03   5.452839081534E-03
   0.000000000000E+00   0.000000000000E+00   0.000000000000E+00   0.000000000000E+00   0.000000000000E+00   1.336672364678E-02  -1.784528364936E-03   0.000000000000E+00   6.590285890482E-03  -4.242282271135E-03   0.000000000000E+00   0.000000000000E+00   0.000000000000E+00   0.000000000000E+00   0.000000000000E+00  -2.009792537778E-02   2.203123618671E-03   0.000000000000E+00  -7.508469637098E-03   4.093673100862E-03
   0.000000000000E+00   0.000000000000E+00   0.000000000000E+00   0.000000000000E+00   0.000000000000E+00   1.100742890744E-02  -1.386358930890E-03   0.000000000000E+00   5.185113789504E-03  -3.264920871971E-03   0.000000000000E+00   0.000000000000E+00   0.000000000000E+00   0.000000000000E+00   0.000000000000E+00  -1.576253939303E-02   1.630010384469E-03   0.000000000000E+00  -5.702947947461E-03   3.052154545019E-03
   0.000000000000E+00   0.000000000000E+00   0.000000000000E+00   0.000000000000E+00   0.000000000000E+00   9.006635872909E-03  -1.070749440400E-03   0.000000000000E+00   4.062315449088E-03  -2.499996953931E-03   0.000000000000E+00   0.000000000000E+00   0.000000000000E+00   0.000000000000E+00   0.000000000000E+00  -1.225126060538E-02   1.197404516933E-03   0.000000000000E+00  -4.305697935696E-03   2.260146876669E-03
   0.000000000000E+00   0.000000000000E+00   0.000000000000E+00   0.000000000000E+00   0.000000000000E+00   7.320230186941E-03  -8.219158904629E-04   0.000000000000E+00   3.169019047101E-03  -1.904319412885E-03   0.000000000000E+00   0.000000000000E+00   0.000000000000E+00   0.000000000000E+00   0.000000000000E+00  -9.435116982999E-03   8.734130452165E-04   0.000000000000E+00  -3.232683298559E-03   1.662551701034E-03
   0.000000000000E+00   0.000000000000E+00   0.000000000000E+00   0.000000000000E+00   0.000000000000E+00   5.907669309474E-03  -6.268483839198E-04   0.000000000000E+00   2.461247009884E-03  -1.442784169897E-03   0.000000000000E+00   0.000000000000E+00   0.000000000000E+00   0.000000000000E+00   0.000000000000E+00  -7.198734370160E-03   6.327165679067E-04   0.000000000000E+00  -2.414750182967E-03   1.215202588520E-03
   0.000000000000E+00   0.000000000000E+00   0.000000000000E+00   0.000000000000E+00   0.000000000000E+00   4.733404277080E-03  -4.748614878960E-04   0.000000000000E+00   1.903162490830E-03  -1.087223661816E-03   0.000000000000E+00   0.000000000000E+00   0.000000000000E+00   0.000000000000E+00   0.000000000000E+00  -5.440583551505E-03   4.553731764779E-04   0.000000000000E+00  -1.795629083748E-03   8.830014633334E-04
   0.000000000000E+00   0.000000000000E+00   0.000000000000E+00   0.000000000000E+00   0.000000000000E+00   3.763642788656E-03  -3.571979889938E-04   0.000000000000E+00   1.464770216417E-03  -8.147413443001E-04   0.000000000000E+00   0.000000000000E+00   0.000000000000E+00   0.000000000000E+00   0.000000000000E+00  -4.072636469900E-03   3.258034136425E-04   0.000000000000E+00  -1.330035100813E-03   6.382968614174E-04
   0.000000000000E+00   0.000000000000E+00   0.000000000000E+00   0.000000000000E+00   0.000000000000E+00   2.969307513517E-03  -2.667264356838E-04   0.000000000000E+00   1.122009919538E-03  -6.071959165366E-04   0.000000000000E+00   0.000000000000E+00   0.000000000000E+00   0.000000000000E+00   0.000000000000E+00  -3.019612558970E-03   2.319374898209E-04   0.000000000000E+00  -9.819169955405E-04   4.594931147221E-04
   0.000000000000E+00   0.000000000000E+00   0.000000000000E+00   0.000000000000E+00   0.000000000000E+00   2.323574754911E-03  -1.976519661033E-04   0.000000000000E+00   8.550547932577E-04  -4.500223663969E-04   0.000000000000E+00   0.000000000000E+00   0.000000000000E+00   0.000000000000E+00   0.000000000000E+00  -2.217961894384E-03   1.645056624420E-04   0.000000000000E+00  -7.228831472139E-04   3.298730768857E-04
   0.000000000000E+00   0.000000000000E+00   0.000000000000E+00   0.000000000000E+00   0.000000000000E+00   1.802480958668E-03  -1.453110000292E-04   0.000000000000E+00   6.478095263780E-04  -3.316589673000E-04   0.000000000000E+00   0.000000000000E+00   0.000000000000E+00   0.000000000000E+00   0.000000000000E+00  -1.614700886114E-03   1.164531908940E-04   0.000000000000E+00  -5.308158297300E-04   2.366134439863E-04
   0.000000000000E+00   0.000000000000E+00   0.000000000000E+00   0.000000000000E+00   0.000000000000E+00   1.386730118490E-03  -1.059581625065E-04   0.000000000000E+00   4.879081790907E-04  -2.432180678107E-04   0.000000000000E+00   0.000000000000E+00   0.000000000000E+00   0.000000000000E+00   0.000000000000E+00  -1.166189066027E-03   8.246234563695E-05   0.000000000000E+00  -3.886732587396E-04   1.699702717299E-04
   0.000000000000E+00   0.000000000000E+00   0.000000000000E+00   0.000000000000E+00   0.000000000000E+00   1.056117877599E-03  -7.661271877222E-05   0.000000000000E+00   3.644143104208E-04  -1.773286370409E-04   0.000000000000E+00   0.000000000000E+00   0.000000000000E+00   0.000000000000E+00   0.000000000000E+00  -8.369123424946E-04   5.856536198966E-05   0.000000000000E+00  -2.834706990273E-04   1.226123225217E-04
   0.000000000000E+00   0.000000000000E+00   0.000000000000E+00   0.000000000000E+00   0.000000000000E+00   7.969027647379E-04  -5.492085890356E-05   0.000000000000E+00   2.697569052161E-04  -1.286880987785E-04   0.000000000000E+00   0.000000000000E+00   0.000000000000E+00   0.000000000000E+00   0.000000000000E+00  -5.983188091378E-04   4.183382612378E-05   0.000000000000E+00  -2.054267569568E-04   8.908089992448E-05
   0.000000000000E+00   0.000000000000E+00   0.000000000000E+00   0.000000000000E+00   0.000000000000E+00   5.955281556395E-04  -3.903017061903E-05   0.000000000000E+00   1.974155102445E-04  -9.298764963018E-05   0.000000000000E+00   0.000000000000E+00   0.000000000000E+00   0.000000000000E+00   0.000000000000E+00  -4.277375514028E-04   3.013164298843E-05   0.000000000000E+00  -1.472581050747E-04   6.535646653729E-05
   0.000000000000E+00   0.000000000000E+00   0.000000000000E+00   0.000000000000E+00   0.000000000000E+00   4.403491717399E-04  -2.749886244735E-05   0.000000000000E+00   1.422248846267E-04  -6.690202117390E-05   0.000000000000E+00   0.000000000000E+00   0.000000000000E+00   0.000000000000E+00   0.000000000000E+00  -3.073985324309E-04   2.192037750945E-05   0.000000000000E+00  -1.036046994400E-04   4.851431320408E-05
   0.000000000000E+00   0.000000000000E+00   0.000000000000E+00   0.000000000000E+00   0.000000000000E+00   3.221456087336E-04  -1.921386504225E-05   0.000000000000E+00   1.003020939659E-04  -4.795335098633E-05   0.000000000000E+00   0.000000000000E+00   0.000000000000E+00   0.000000000000E+00   0.000000000000E+00  -2.235621473504E-04   1.610732274306E-05   0.000000000000E+00  -7.056756603830E-05   3.645364958250E-05
   0.000000000000E+00   0.000000000000E+00   0.000000000000E+00   0.000000000000E+00   0.000000000000E+00   2.329773175001E-04  -1.332207779757E-05   0.000000000000E+00   6.855015836320E-05  -3.423753039252E-05   0.000000000000E+00   0.000000000000E+00   0.000000000000E+00   0.000000000000E+00   0.000000000000E+00  -1.657599873965E-04   1.192809449078E-05   0.000000000000E+00  -4.534206153195E-05   2.768657788117E-05
   0.000000000000E+00   0.000000000000E+00   0.000000000000E+00   0.000000000000E+00   0.000000000000E+00   1.665896004620E-04  -9.176059353587E-06   0.000000000000E+00   4.464638830490E-05  -2.435163881752E-05   0.000000000000E+00   0.000000000000E+00   0.000000000000E+00   0.000000000000E+00   0.000000000000E+00  -1.261433387808E-04   8.856860204740E-06   0.000000000000E+00  -2.593085270049E-05   2.117540036833E-05
   0.000000000000E+00   0.000000000000E+00   0.000000000000E+00   0.000000000000E+00   0.000000000000E+00   1.178272885759E-04  -6.288961224151E-06   0.000000000000E+00   2.678189807862E-05  -1.724427187266E-05   0.000000000000E+00   0.000000000000E+00   0.000000000000E+00   0.000000000000E+00   0.000000000000E+00  -9.893257146497E-05   6.538471896997E-06   0.000000000000E+00  -1.092247935094E-05   1.620854069465E-05
   0.000000000000E+00   0.000000000000E+00   0.000000000000E+00   0.000000000000E+00   0.000000000000E+00   8.242315192847E-05  -4.298465746882E-06   0.000000000000E+00   1.353690138915E-05  -1.212866361740E-05   0.000000000000E+00   0.000000000000E+00   0.000000000000E+00   0.000000000000E+00   0.000000000000E+00  -7.995850526825E-05   4.737788202433E-06   0.000000000000E+00   6.769000114546E-07   1.230699974289E-05
   0.000000000000E+00   0.000000000000E+00   0.000000000000E+00   0.000000000000E+00   0.000000000000E+00   5.726097020896E-05  -2.938275600033E-06   0.000000000000E+00   3.892081726210E-06  -8.453835478466E-06   0.000000000000E+00   0.000000000000E+00   0.000000000000E+00   0.000000000000E+00   0.000000000000E+00  -6.628577363466E-05   3.302345481066E-06   0.000000000000E+00   9.569250330501E-06   9.154707790279E-06
   0.000000000000E+00   0.000000000000E+00   0.000000000000E+00   0.000000000000E+00   0.000000000000E+00   3.952595382567E-05  -2.014721793493E-06   0.000000000000E+00  -3.022902129500E-06  -5.789561488300E-06   0.000000000000E+00   0.000000000000E+00   0.000000000000E+00   0.000000000000E+00   0.000000000000E+00  -5.590788362238E-05   2.135281732645E-06   0.000000000000E+00   1.625691356416E-05   6.547378791575E-06
   0.000000000000E+00   0.000000000000E+00   0.000000000000E+00   0.000000000000E+00   0.000000000000E+00   2.727445125732E-05  -1.389253724030E-06   0.000000000000E+00  -7.815881552616E-06  -3.847634115352E-06   0.000000000000E+00   0.000000000000E+00   0.000000000000E+00   0.000000000000E+00   0.000000000000E+00  -4.750388210087E-05   1.176042158881E-06   0.000000000000E+00   2.110888266524E-05   4.355530253529E-06


Spline
12 0.0553585
112.9353346817185 2.801373701455403 -0.1119994835253462
0.035 0.0375    0.204206 -35.71077211012958 2016.504000000031 24177.93762071238
0.0375 0.04    0.12791 -25.17491577974109 2197.838532155373 -120889.6881035729
0.04 0.0425    0.07682029999999999 -16.45240477090621 1291.165871378576 -57585.58520643491
0.0425 0.045    0.0428593 -11.07630513663398 859.2739823303137 16659.22892930921
0.045 0.04533    0.0207993 -6.467574682557872 984.2181993001326 -2167173.572075024
0.04533 0.045334    0.0186943 -6.526006277016704 -1161.283637054166 353213222.4907721
0.045334 0.046259    0.0186682 -6.518342311433599 3077.275032831984 -1324559.571220061
0.046259 0.047184    0.0142234 -4.225362350069925 -598.3777773036936 561811.1110751317
0.047184 0.0493131    0.0102476 -3.890262342340788 960.6480559297889 -100763.5210502349
0.0493131 0.0503195    0.00534702 -1.169934109375229 317.0412179256228 -143026.9144497911
0.0503195 0.0513259    0.00434492 -0.9663840979460291 -114.7856421811885 10348.58893883691
0.0513259 0.0553585    0.00326664 -1.165980214261954 -83.5411824570522 -5782.515169399558 27636944.82683195 -3877959552.095367

This SPLINE is just a DUMMY-SPLINE!!!!!!!!!!!!!!!

