0.200000 56
   0.000000000000E+00 0.0 0.0 0.0 0.0 0.0 0.0 0.0 0.0 0.0 0.0 0.0 0.0 0.0 0.0 0.0 0.0 0.0 0.0 0.0
   0.000000000000E+00   0.000000000000E+00   0.000000000000E+00   0.000000000000E+00   0.000000000000E+00   0.000000000000E+00   0.000000000000E+00   0.000000000000E+00   0.000000000000E+00   0.000000000000E+00   0.000000000000E+00   0.000000000000E+00   0.000000000000E+00   0.000000000000E+00   0.000000000000E+00   0.000000000000E+00   0.000000000000E+00   0.000000000000E+00   0.000000000000E+00   0.000000000000E+00
   0.000000000000E+00   0.000000000000E+00   0.000000000000E+00   0.000000000000E+00   0.000000000000E+00  -7.786526183050E-01  -1.039106108509E+00   0.000000000000E+00  -2.711041556234E-01  -9.741025779697E-01   0.000000000000E+00   0.000000000000E+00   0.000000000000E+00   0.000000000000E+00   0.000000000000E+00   8.151063685325E-01   9.044968288397E-01   0.000000000000E+00  -9.648900979013E-02   9.064897108269E-01
   0.000000000000E+00   0.000000000000E+00   0.000000000000E+00   0.000000000000E+00   0.000000000000E+00  -4.687814880551E-01  -8.990771190930E-01   0.000000000000E+00  -1.190572532758E-01  -6.854414469476E-01   0.000000000000E+00   0.000000000000E+00   0.000000000000E+00   0.000000000000E+00   0.000000000000E+00   6.705733043249E-01   8.515400058710E-01   0.000000000000E+00  -1.622563070212E-01   8.550476491308E-01
   0.000000000000E+00   0.000000000000E+00   0.000000000000E+00   0.000000000000E+00   0.000000000000E+00  -2.094728071501E-01  -7.571652428882E-01   0.000000000000E+00   6.028133806864E-02  -5.831569357461E-01   0.000000000000E+00   0.000000000000E+00   0.000000000000E+00   0.000000000000E+00   0.000000000000E+00   5.031398435848E-01   7.856355671791E-01   0.000000000000E+00  -2.308034578245E-01   8.061475638512E-01
   0.000000000000E+00   0.000000000000E+00   0.000000000000E+00   0.000000000000E+00   0.000000000000E+00  -2.074436869836E-02  -6.272121433238E-01   0.000000000000E+00   2.070800397751E-01  -5.559736553680E-01   0.000000000000E+00   0.000000000000E+00   0.000000000000E+00   0.000000000000E+00   0.000000000000E+00   3.315115022218E-01   7.119107754888E-01   0.000000000000E+00  -2.931925796427E-01   7.588854333780E-01
   0.000000000000E+00   0.000000000000E+00   0.000000000000E+00   0.000000000000E+00   0.000000000000E+00   1.036478806571E-01  -5.145961308931E-01   0.000000000000E+00   3.049284025453E-01  -5.449722600919E-01   0.000000000000E+00   0.000000000000E+00   0.000000000000E+00   0.000000000000E+00   0.000000000000E+00   1.698436703175E-01   6.348230916775E-01   0.000000000000E+00  -3.430516045661E-01   7.107478627530E-01
   0.000000000000E+00   0.000000000000E+00   0.000000000000E+00   0.000000000000E+00   0.000000000000E+00   1.781090281533E-01  -4.200829424398E-01   0.000000000000E+00   3.576917808004E-01  -5.272380220431E-01   0.000000000000E+00   0.000000000000E+00   0.000000000000E+00   0.000000000000E+00   0.000000000000E+00   2.758493453517E-02   5.579653857199E-01   0.000000000000E+00  -3.771146221357E-01   6.600111767737E-01
   0.000000000000E+00   0.000000000000E+00   0.000000000000E+00   0.000000000000E+00   0.000000000000E+00   2.172265442846E-01  -3.422174319136E-01   0.000000000000E+00   3.758105576277E-01  -4.977131015301E-01   0.000000000000E+00   0.000000000000E+00   0.000000000000E+00   0.000000000000E+00   0.000000000000E+00  -8.999886082569E-02   4.840463996198E-01   0.000000000000E+00  -3.947274441784E-01   6.062267455194E-01
   0.000000000000E+00   0.000000000000E+00   0.000000000000E+00   0.000000000000E+00   0.000000000000E+00   2.331055577473E-01  -2.786890467365E-01   0.000000000000E+00   3.702024789426E-01  -4.585017615557E-01   0.000000000000E+00   0.000000000000E+00   0.000000000000E+00   0.000000000000E+00   0.000000000000E+00  -1.810371461926E-01   4.149596286000E-01   0.000000000000E+00  -3.970741480508E-01   5.499822172472E-01
   0.000000000000E+00   0.000000000000E+00   0.000000000000E+00   0.000000000000E+00   0.000000000000E+00   2.345580466459E-01  -2.270630781818E-01   0.000000000000E+00   3.498312430791E-01  -4.135717477851E-01   0.000000000000E+00   0.000000000000E+00   0.000000000000E+00   0.000000000000E+00   0.000000000000E+00  -2.462002854339E-01   3.518940971922E-01   0.000000000000E+00  -3.864501242996E-01   4.924969355472E-01
   0.000000000000E+00   0.000000000000E+00   0.000000000000E+00   0.000000000000E+00   0.000000000000E+00   2.274468151557E-01  -1.851265415424E-01   0.000000000000E+00   3.212081304216E-01  -3.665734598261E-01   0.000000000000E+00   0.000000000000E+00   0.000000000000E+00   0.000000000000E+00   0.000000000000E+00  -2.878826724817E-01   2.954612735294E-01   0.000000000000E+00  -3.656824193800E-01   4.352526168486E-01
   0.000000000000E+00   0.000000000000E+00   0.000000000000E+00   0.000000000000E+00   0.000000000000E+00   2.154528610115E-01  -1.510105407853E-01   0.000000000000E+00   2.887398628387E-01  -3.202188326111E-01   0.000000000000E+00   0.000000000000E+00   0.000000000000E+00   0.000000000000E+00   0.000000000000E+00  -3.094856567047E-01   2.458227737524E-01   0.000000000000E+00  -3.377047853203E-01   3.797142143824E-01
   0.000000000000E+00   0.000000000000E+00   0.000000000000E+00   0.000000000000E+00   0.000000000000E+00   2.008108999847E-01  -1.231967235127E-01   0.000000000000E+00   2.552788911150E-01  -2.762896337512E-01   0.000000000000E+00   0.000000000000E+00   0.000000000000E+00   0.000000000000E+00   0.000000000000E+00  -3.148356911344E-01   2.028092351670E-01   0.000000000000E+00  -3.052672732393E-01   3.271462413808E-01
   0.000000000000E+00   0.000000000000E+00   0.000000000000E+00   0.000000000000E+00   0.000000000000E+00   1.848700212322E-01  -1.004741148778E-01   0.000000000000E+00   2.226154774877E-01  -2.358354509029E-01   0.000000000000E+00   0.000000000000E+00   0.000000000000E+00   0.000000000000E+00   0.000000000000E+00  -3.077504373210E-01   1.660245352703E-01   0.000000000000E+00  -2.707567707458E-01   2.785135330088E-01
   0.000000000000E+00   0.000000000000E+00   0.000000000000E+00   0.000000000000E+00   0.000000000000E+00   1.684693834351E-01  -8.188211317409E-02   0.000000000000E+00   1.918406106483E-01  -1.993843560188E-01   0.000000000000E+00   0.000000000000E+00   0.000000000000E+00   0.000000000000E+00   0.000000000000E+00  -2.917468599335E-01   1.349324406687E-01   0.000000000000E+00  -2.361065169729E-01   2.344492347040E-01
   0.000000000000E+00   0.000000000000E+00   0.000000000000E+00   0.000000000000E+00   0.000000000000E+00   1.521628824804E-01  -6.665647228445E-02   0.000000000000E+00   1.635862696695E-01  -1.671104840732E-01   0.000000000000E+00   0.000000000000E+00   0.000000000000E+00   0.000000000000E+00   0.000000000000E+00  -2.698722655454E-01   1.089250419036E-01   0.000000000000E+00  -2.027739144951E-01   1.952707221460E-01
   0.000000000000E+00   0.000000000000E+00   0.000000000000E+00   0.000000000000E+00   0.000000000000E+00   1.363370514547E-01  -5.418467524100E-02   0.000000000000E+00   1.381748573537E-01  -1.389531608025E-01   0.000000000000E+00   0.000000000000E+00   0.000000000000E+00   0.000000000000E+00   0.000000000000E+00  -2.446323919446E-01   8.737398463439E-02   0.000000000000E+00  -1.717669366685E-01   1.610249564210E-01
   0.000000000000E+00   0.000000000000E+00   0.000000000000E+00   0.000000000000E+00   0.000000000000E+00   1.212661660412E-01  -4.397157436133E-02   0.000000000000E+00   1.157124791018E-01  -1.146994169455E-01   0.000000000000E+00   0.000000000000E+00   0.000000000000E+00   0.000000000000E+00   0.000000000000E+00  -2.179892392565E-01   6.966655820665E-02   0.000000000000E+00  -1.437010840117E-01   1.315476764035E-01
   0.000000000000E+00   0.000000000000E+00   0.000000000000E+00   0.000000000000E+00   0.000000000000E+00   1.071379758632E-01  -3.561390312289E-02   0.000000000000E+00   9.615222415790E-02  -9.404267454777E-02   0.000000000000E+00   0.000000000000E+00   0.000000000000E+00   0.000000000000E+00   0.000000000000E+00  -1.914037583535E-01   5.522922128430E-02   0.000000000000E+00  -1.188715515999E-01   1.065248100587E-01
   0.000000000000E+00   0.000000000000E+00   0.000000000000E+00   0.000000000000E+00   0.000000000000E+00   9.406911087550E-02  -2.878136154881E-02   0.000000000000E+00   7.934166962399E-02  -7.662577649315E-02   0.000000000000E+00   0.000000000000E+00   0.000000000000E+00   0.000000000000E+00   0.000000000000E+00  -1.659030516301E-01   4.354124859954E-02   0.000000000000E+00  -9.732874841065E-02   8.554857212390E-02
   0.000000000000E+00   0.000000000000E+00   0.000000000000E+00   0.000000000000E+00   0.000000000000E+00   8.211759661313E-02  -2.320246607074E-02   0.000000000000E+00   6.506065193347E-02  -6.207258874995E-02   0.000000000000E+00   0.000000000000E+00   0.000000000000E+00   0.000000000000E+00   0.000000000000E+00  -1.421569638751E-01   3.414100525960E-02   0.000000000000E+00  -7.894899287944E-02   6.816423666347E-02
   0.000000000000E+00   0.000000000000E+00   0.000000000000E+00   0.000000000000E+00   0.000000000000E+00   7.129466362288E-02  -1.865363925432E-02   0.000000000000E+00   5.305134750200E-02  -5.001057113045E-02   0.000000000000E+00   0.000000000000E+00   0.000000000000E+00   0.000000000000E+00   0.000000000000E+00  -1.205538700389E-01   2.662701656816E-02   0.000000000000E+00  -6.349557203901E-02   5.390621856629E-02
   0.000000000000E+00   0.000000000000E+00   0.000000000000E+00   0.000000000000E+00   0.000000000000E+00   6.157584772083E-02  -1.495065043470E-02   0.000000000000E+00   4.304152144606E-02  -4.008606861347E-02   0.000000000000E+00   0.000000000000E+00   0.000000000000E+00   0.000000000000E+00   0.000000000000E+00  -1.012695705991E-01   2.065559770007E-02   0.000000000000E+00  -5.066806559536E-02   4.232383930341E-02
   0.000000000000E+00   0.000000000000E+00   0.000000000000E+00   0.000000000000E+00   0.000000000000E+00   5.291107656835E-02  -1.194171780705E-02   0.000000000000E+00   3.476167316822E-02  -3.197384166662E-02   0.000000000000E+00   0.000000000000E+00   0.000000000000E+00   0.000000000000E+00   0.000000000000E+00  -8.432629950327E-02   1.593640517188E-02   0.000000000000E+00  -4.013978435670E-02   3.299812473592E-02
   0.000000000000E+00   0.000000000000E+00   0.000000000000E+00   0.000000000000E+00   0.000000000000E+00   4.523360500559E-02  -9.501897006602E-03   0.000000000000E+00   2.795694594422E-02  -2.538219101472E-02   0.000000000000E+00   0.000000000000E+00   0.000000000000E+00   0.000000000000E+00   0.000000000000E+00  -6.964097576163E-02   1.222691050271E-02   0.000000000000E+00  -3.158439689681E-02   2.555138547848E-02
   0.000000000000E+00   0.000000000000E+00   0.000000000000E+00   0.000000000000E+00   0.000000000000E+00   3.846755129560E-02  -7.528383918890E-03   0.000000000000E+00   2.239466769991E-02  -2.005484496794E-02   0.000000000000E+00   0.000000000000E+00   0.000000000000E+00   0.000000000000E+00   0.000000000000E+00  -5.706314743695E-02   9.326494449383E-03   0.000000000000E+00  -2.469345050141E-02   1.965135997235E-02
   0.000000000000E+00   0.000000000000E+00   0.000000000000E+00   0.000000000000E+00   0.000000000000E+00   3.253389641388E-02  -5.936653243783E-03   0.000000000000E+00   1.786837967729E-02  -1.577055053539E-02   0.000000000000E+00   0.000000000000E+00   0.000000000000E+00   0.000000000000E+00   0.000000000000E+00  -4.640378522056E-02   7.070621959140E-03   0.000000000000E+00  -1.918669356880E-02   1.501151857304E-02
   0.000000000000E+00   0.000000000000E+00   0.000000000000E+00   0.000000000000E+00   0.000000000000E+00   2.735487708842E-02  -4.657185812316E-03   0.000000000000E+00   1.419912250603E-02  -1.234108430994E-02   0.000000000000E+00   0.000000000000E+00   0.000000000000E+00   0.000000000000E+00   0.000000000000E+00  -3.745637196817E-02   5.325379028069E-03   0.000000000000E+00  -1.481702925359E-02   1.138885036805E-02
   0.000000000000E+00   0.000000000000E+00   0.000000000000E+00   0.000000000000E+00   0.000000000000E+00   2.285668769160E-02  -3.632770776956E-03   0.000000000000E+00   1.123466624293E-02  -9.608264973380E-03   0.000000000000E+00   0.000000000000E+00   0.000000000000E+00   0.000000000000E+00   0.000000000000E+00  -3.001176127833E-02   3.982524183756E-03   0.000000000000E+00  -1.137169855626E-02   8.580158392726E-03
   0.000000000000E+00   0.000000000000E+00   0.000000000000E+00   0.000000000000E+00   0.000000000000E+00   1.897066508006E-02  -2.816266004643E-03   0.000000000000E+00   8.847355047963E-03  -7.440441380426E-03   0.000000000000E+00   0.000000000000E+00   0.000000000000E+00   0.000000000000E+00   0.000000000000E+00  -2.386815905631E-02   2.955119190654E-03   0.000000000000E+00  -8.670995648217E-03   6.417616033923E-03
   0.000000000000E+00   0.000000000000E+00   0.000000000000E+00   0.000000000000E+00   0.000000000000E+00   1.563343035159E-02  -2.168789136322E-03   0.000000000000E+00   6.931222292254E-03  -5.728862482829E-03   0.000000000000E+00   0.000000000000E+00   0.000000000000E+00   0.000000000000E+00   0.000000000000E+00  -1.883739632172E-02   2.173746125746E-03   0.000000000000E+00  -6.565517934017E-03   4.764107441176E-03
   0.000000000000E+00   0.000000000000E+00   0.000000000000E+00   0.000000000000E+00   0.000000000000E+00   1.278637098308E-02  -1.658250506585E-03   0.000000000000E+00   5.398841349557E-03  -4.384185678254E-03   0.000000000000E+00   0.000000000000E+00   0.000000000000E+00   0.000000000000E+00   0.000000000000E+00  -1.474845854361E-02   1.583282847648E-03   0.000000000000E+00  -4.932681932137E-03   3.508692974441E-03
   0.000000000000E+00   0.000000000000E+00   0.000000000000E+00   0.000000000000E+00   0.000000000000E+00   1.037472228480E-02  -1.258177992573E-03   0.000000000000E+00   4.178210769888E-03  -3.333266305444E-03   0.000000000000E+00   0.000000000000E+00   0.000000000000E+00   0.000000000000E+00   0.000000000000E+00  -1.144904396282E-02   1.140189382445E-03   0.000000000000E+00  -3.673009080765E-03   2.562404273568E-03
   0.000000000000E+00   0.000000000000E+00   0.000000000000E+00   0.000000000000E+00   0.000000000000E+00   8.348318946794E-03  -9.467678042646E-04   0.000000000000E+00   3.210577289850E-03  -2.516676331569E-03   0.000000000000E+00   0.000000000000E+00   0.000000000000E+00   0.000000000000E+00   0.000000000000E+00  -8.805753628585E-03   8.102487616835E-04   0.000000000000E+00  -2.706506778414E-03   1.854475811654E-03
   0.000000000000E+00   0.000000000000E+00   0.000000000000E+00   0.000000000000E+00   0.000000000000E+00   6.659162486807E-03  -7.061116492469E-04   0.000000000000E+00   2.447313117661E-03  -1.885919845489E-03   0.000000000000E+00   0.000000000000E+00   0.000000000000E+00   0.000000000000E+00   0.000000000000E+00  -6.703373384240E-03   5.667036345607E-04   0.000000000000E+00  -1.969336195710E-03   1.329053042013E-03
   0.000000000000E+00   0.000000000000E+00   0.000000000000E+00   0.000000000000E+00   0.000000000000E+00   5.263077405721E-03  -5.215667857336E-04   0.000000000000E+00   1.848723079562E-03  -1.401842187052E-03   0.000000000000E+00   0.000000000000E+00   0.000000000000E+00   0.000000000000E+00   0.000000000000E+00  -5.043592127386E-03   3.887319001044E-04   0.000000000000E+00  -1.410863126182E-03   9.423740603931E-04
   0.000000000000E+00   0.000000000000E+00   0.000000000000E+00   0.000000000000E+00   0.000000000000E+00   4.119566371436E-03  -3.812172931492E-04   0.000000000000E+00   1.382395178499E-03  -1.032936957833E-03   0.000000000000E+00   0.000000000000E+00   0.000000000000E+00   0.000000000000E+00   0.000000000000E+00  -3.743408458506E-03   2.602088658027E-04   0.000000000000E+00  -9.911237863175E-04   6.603957052925E-04
   0.000000000000E+00   0.000000000000E+00   0.000000000000E+00   0.000000000000E+00   0.000000000000E+00   3.191141185659E-03  -2.754297868113E-04   0.000000000000E+00   1.021669851301E-03  -7.538436745615E-04   0.000000000000E+00   0.000000000000E+00   0.000000000000E+00   0.000000000000E+00   0.000000000000E+00  -2.733405696227E-03   1.687088449080E-04   0.000000000000E+00  -6.786966932814E-04   4.568210749134E-04
   0.000000000000E+00   0.000000000000E+00   0.000000000000E+00   0.000000000000E+00   0.000000000000E+00   2.445071668764E-03  -1.964624858266E-04   0.000000000000E+00   7.451704437877E-04  -5.445111405551E-04   0.000000000000E+00   0.000000000000E+00   0.000000000000E+00   0.000000000000E+00   0.000000000000E+00  -1.956019609202E-03   1.047048937801E-04   0.000000000000E+00  -4.489481423649E-04   3.114796115666E-04
   0.000000000000E+00   0.000000000000E+00   0.000000000000E+00   0.000000000000E+00   0.000000000000E+00   1.850862923730E-03  -1.381362354539E-04   0.000000000000E+00   5.350885810560E-04  -3.887999240826E-04   0.000000000000E+00   0.000000000000E+00   0.000000000000E+00   0.000000000000E+00   0.000000000000E+00  -1.363880916169E-03   6.093109508008E-05   0.000000000000E+00  -2.826071541410E-04   2.090102881833E-04
   0.000000000000E+00   0.000000000000E+00   0.000000000000E+00   0.000000000000E+00   0.000000000000E+00   1.382528276068E-03  -9.556430824549E-05   0.000000000000E+00   3.772639411187E-04  -2.741094631593E-04   0.000000000000E+00   0.000000000000E+00   0.000000000000E+00   0.000000000000E+00   0.000000000000E+00  -9.182829522027E-04   3.187714184670E-05   0.000000000000E+00  -1.646220207944E-04   1.378009568658E-04
   0.000000000000E+00   0.000000000000E+00   0.000000000000E+00   0.000000000000E+00   0.000000000000E+00   1.017348096982E-03  -6.490387482649E-05   0.000000000000E+00   2.602265753703E-04  -1.905355055959E-04   0.000000000000E+00   0.000000000000E+00   0.000000000000E+00   0.000000000000E+00   0.000000000000E+00  -5.878016757365E-04   1.338982973271E-05   0.000000000000E+00  -8.325175478745E-05   8.914115816517E-05
   0.000000000000E+00   0.000000000000E+00   0.000000000000E+00   0.000000000000E+00   0.000000000000E+00   7.356567627640E-04  -4.315499966977E-05   0.000000000000E+00   1.747156277667E-04  -1.303347261670E-04   0.000000000000E+00   0.000000000000E+00   0.000000000000E+00   0.000000000000E+00   0.000000000000E+00  -3.470785916911E-04   2.360361278376E-06   0.000000000000E+00  -2.934970001531E-05   5.655069153019E-05
   0.000000000000E+00   0.000000000000E+00   0.000000000000E+00   0.000000000000E+00   0.000000000000E+00   5.210240711295E-04  -2.800715504125E-05   0.000000000000E+00   1.134003578338E-04  -8.755224592171E-05   0.000000000000E+00   0.000000000000E+00   0.000000000000E+00   0.000000000000E+00   0.000000000000E+00  -1.757657201375E-04  -3.519900031344E-06   0.000000000000E+00   4.198147686005E-06   3.525140455195E-05
   0.000000000000E+00   0.000000000000E+00   0.000000000000E+00   0.000000000000E+00   0.000000000000E+00   3.598136121220E-04  -1.768573076135E-05   0.000000000000E+00   7.049246566319E-05  -5.763490397887E-05   0.000000000000E+00   0.000000000000E+00   0.000000000000E+00   0.000000000000E+00   0.000000000000E+00  -5.762425122192E-05  -5.949392563296E-06   0.000000000000E+00   2.291188988894E-05   2.175460441676E-05
   0.000000000000E+00   0.000000000000E+00   0.000000000000E+00   0.000000000000E+00   0.000000000000E+00   2.405736125163E-04  -1.084139271960E-05   0.000000000000E+00   4.137769624160E-05  -3.709191275747E-05   0.000000000000E+00   0.000000000000E+00   0.000000000000E+00   0.000000000000E+00   0.000000000000E+00   2.023597748631E-05  -6.163503823569E-06   0.000000000000E+00   3.105983765410E-05   1.354102614513E-05
   0.000000000000E+00   0.000000000000E+00   0.000000000000E+00   0.000000000000E+00   0.000000000000E+00   1.540381424648E-04  -6.462323019205E-06   0.000000000000E+00   2.246871182258E-05  -2.330379596611E-05   0.000000000000E+00   0.000000000000E+00   0.000000000000E+00   0.000000000000E+00   0.000000000000E+00   6.799135184093E-05  -5.048116337210E-06   0.000000000000E+00   3.192529732206E-05   8.814313921797E-06
   0.000000000000E+00   0.000000000000E+00   0.000000000000E+00   0.000000000000E+00   0.000000000000E+00   9.260534201713E-05  -3.796568895838E-06   0.000000000000E+00   1.095048983926E-05  -1.429812565000E-05   0.000000000000E+00   0.000000000000E+00   0.000000000000E+00   0.000000000000E+00   0.000000000000E+00   9.362961074480E-05  -3.226904567869E-06   0.000000000000E+00   2.801500908861E-05   6.312458341711E-06
   0.000000000000E+00   0.000000000000E+00   0.000000000000E+00   0.000000000000E+00   0.000000000000E+00   5.022676618506E-05  -2.290995633995E-06   0.000000000000E+00   4.665583626131E-06  -8.622117747238E-06   0.000000000000E+00   0.000000000000E+00   0.000000000000E+00   0.000000000000E+00   0.000000000000E+00   1.033808158468E-04  -1.128212101362E-06   0.000000000000E+00   2.122257073024E-05   5.164599961508E-06
   0.000000000000E+00   0.000000000000E+00   0.000000000000E+00   0.000000000000E+00   0.000000000000E+00   2.209294922887E-05  -1.541311102320E-06   0.000000000000E+00   1.966972365040E-06  -5.212415271279E-06   0.000000000000E+00   0.000000000000E+00   0.000000000000E+00   0.000000000000E+00   0.000000000000E+00   1.020687302437E-04   9.638967210955E-07   0.000000000000E+00   1.295718746547E-05   4.783097944959E-06
   0.000000000000E+00   0.000000000000E+00   0.000000000000E+00   0.000000000000E+00   0.000000000000E+00   4.438916080126E-06  -1.265641447906E-06   0.000000000000E+00   1.615332965162E-06  -3.302736495354E-06   0.000000000000E+00   0.000000000000E+00   0.000000000000E+00   0.000000000000E+00   0.000000000000E+00   9.339577053651E-05   2.870809537984E-06   0.000000000000E+00   4.245687174332E-06   4.782823238076E-06
   0.000000000000E+00   0.000000000000E+00   0.000000000000E+00   0.000000000000E+00   0.000000000000E+00  -5.673408270519E-06  -1.263786211733E-06   0.000000000000E+00   2.689334192152E-06  -2.347513839403E-06   0.000000000000E+00   0.000000000000E+00   0.000000000000E+00   0.000000000000E+00   0.000000000000E+00   8.017311325886E-05   4.489953998034E-06   0.000000000000E+00  -4.186152541112E-06   4.921323661378E-06
   0.000000000000E+00   0.000000000000E+00   0.000000000000E+00   0.000000000000E+00   0.000000000000E+00  -1.049690197172E-05  -1.400473002141E-06   0.000000000000E+00   4.519980136344E-06  -1.967400855725E-06   0.000000000000E+00   0.000000000000E+00   0.000000000000E+00   0.000000000000E+00   0.000000000000E+00   6.450592366610E-05   5.772619276769E-06   0.000000000000E+00  -1.184838648842E-05   5.054877789365E-06
   0.000000000000E+00   0.000000000000E+00   0.000000000000E+00   0.000000000000E+00   0.000000000000E+00  -1.174452188710E-05  -1.584605301509E-06   0.000000000000E+00   6.632777033498E-06  -1.904453382467E-06   0.000000000000E+00   0.000000000000E+00   0.000000000000E+00   0.000000000000E+00   0.000000000000E+00   4.794213163403E-05   6.707322633908E-06   0.000000000000E+00  -1.843433547862E-05   5.106555867893E-06
   0.000000000000E+00   0.000000000000E+00   0.000000000000E+00   0.000000000000E+00   0.000000000000E+00  -1.068845860551E-05  -1.762378442289E-06   0.000000000000E+00   8.705168976648E-06  -1.989088648304E-06   0.000000000000E+00   0.000000000000E+00   0.000000000000E+00   0.000000000000E+00   0.000000000000E+00   3.159176594667E-05   7.307418270365E-06   0.000000000000E+00  -2.377805928628E-05   5.043284712008E-06
   0.000000000000E+00   0.000000000000E+00   0.000000000000E+00   0.000000000000E+00   0.000000000000E+00  -8.264053398035E-06  -1.901945969133E-06   0.000000000000E+00   1.052815376136E-05  -2.114532994747E-06   0.000000000000E+00   0.000000000000E+00   0.000000000000E+00   0.000000000000E+00   0.000000000000E+00   1.622260610850E-05   7.601945604576E-06   0.000000000000E+00  -2.781988739510E-05   4.859609222120E-06


Spline
12 0.0553585
112.9353346817185 2.801373701455403 -0.1119994835253462
0.035 0.0375    0.204206 -35.71077211012958 2016.504000000031 24177.93762071238
0.0375 0.04    0.12791 -25.17491577974109 2197.838532155373 -120889.6881035729
0.04 0.0425    0.07682029999999999 -16.45240477090621 1291.165871378576 -57585.58520643491
0.0425 0.045    0.0428593 -11.07630513663398 859.2739823303137 16659.22892930921
0.045 0.04533    0.0207993 -6.467574682557872 984.2181993001326 -2167173.572075024
0.04533 0.045334    0.0186943 -6.526006277016704 -1161.283637054166 353213222.4907721
0.045334 0.046259    0.0186682 -6.518342311433599 3077.275032831984 -1324559.571220061
0.046259 0.047184    0.0142234 -4.225362350069925 -598.3777773036936 561811.1110751317
0.047184 0.0493131    0.0102476 -3.890262342340788 960.6480559297889 -100763.5210502349
0.0493131 0.0503195    0.00534702 -1.169934109375229 317.0412179256228 -143026.9144497911
0.0503195 0.0513259    0.00434492 -0.9663840979460291 -114.7856421811885 10348.58893883691
0.0513259 0.0553585    0.00326664 -1.165980214261954 -83.5411824570522 -5782.515169399558 27636944.82683195 -3877959552.095367

This SPLINE is just a DUMMY-SPLINE!!!!!!!!!!!!!!!

