3.339904069900512695e+00 3.338255167007446289e+00 3.340761899948120117e+00 3.338690042495727539e+00 3.344067335128784180e+00 

3.338919639587402344e+00 3.321708440780639648e+00 3.348582983016967773e+00 3.326058149337768555e+00 3.391907930374145508e+00 

3.338008880615234375e+00 3.306411027908325195e+00 3.356824398040771484e+00 3.314096450805664062e+00 3.464789152145385742e+00 

3.337861299514770508e+00 3.291871070861816406e+00 3.365578413009643555e+00 3.302669048309326172e+00 3.570501565933227539e+00 

3.338423490524291992e+00 3.277843475341796875e+00 3.374973773956298828e+00 3.291630983352661133e+00 3.636490345001220703e+00 

3.339090347290039062e+00 3.263871669769287109e+00 3.385034799575805664e+00 3.280836343765258789e+00 3.680726766586303711e+00 

3.339732408523559570e+00 3.249614477157592773e+00 3.395874738693237305e+00 3.270132303237915039e+00 3.714561939239501953e+00 

3.340304613113403320e+00 3.234673976898193359e+00 3.407615423202514648e+00 3.259405612945556641e+00 3.743132352828979492e+00 

3.340815067291259766e+00 3.218694925308227539e+00 3.420469999313354492e+00 3.248488187789916992e+00 3.769297361373901367e+00 

3.341278076171875000e+00 3.201201200485229492e+00 3.434695005416870117e+00 3.237215280532836914e+00 3.795091152191162109e+00 

3.340598821640014648e+00 3.344246149063110352e+00 3.338384628295898438e+00 3.338704109191894531e+00 3.339984893798828125e+00 

3.346534013748168945e+00 3.394764184951782227e+00 3.322926998138427734e+00 3.326348304748535156e+00 3.339798450469970703e+00 

3.350645542144775391e+00 3.428461074829101562e+00 3.299696207046508789e+00 3.325181961059570312e+00 3.359173536300659180e+00 

3.354129791259765625e+00 3.456250905990600586e+00 3.275107383728027344e+00 3.327653884887695312e+00 3.389698982238769531e+00 

3.357378959655761719e+00 3.481102228164672852e+00 3.249217271804809570e+00 3.332026004791259766e+00 3.434702396392822266e+00 

3.360361337661743164e+00 3.514534235000610352e+00 3.225349903106689453e+00 3.341514348983764648e+00 3.472903490066528320e+00 

3.361500501632690430e+00 3.532953262329101562e+00 3.203716754913330078e+00 3.367370843887329102e+00 3.479996681213378906e+00 

3.362720966339111328e+00 3.549737691879272461e+00 3.178843021392822266e+00 3.398674488067626953e+00 3.488061904907226562e+00 

3.365561485290527344e+00 3.582019567489624023e+00 3.152110815048217773e+00 3.424985408782958984e+00 3.488970756530761719e+00 

3.368145465850830078e+00 3.602426767349243164e+00 3.115715265274047852e+00 3.462479352951049805e+00 3.499662637710571289e+00 

3.340857744216918945e+00 3.339378595352172852e+00 3.338466644287109375e+00 3.344431877136230469e+00 3.340004205703735352e+00 

3.349507808685302734e+00 3.333259820938110352e+00 3.323774576187133789e+00 3.397758722305297852e+00 3.340067625045776367e+00 

3.358988285064697266e+00 3.327317714691162109e+00 3.310045003890991211e+00 3.484111070632934570e+00 3.340087175369262695e+00 

3.370058298110961914e+00 3.321599960327148438e+00 3.297009229660034180e+00 3.592698097229003906e+00 3.340238332748413086e+00 

3.382432699203491211e+00 3.316088438034057617e+00 3.284413337707519531e+00 3.655208587646484375e+00 3.340518951416015625e+00 

3.396148204803466797e+00 3.310701608657836914e+00 3.271981954574584961e+00 3.697930812835693359e+00 3.340792894363403320e+00 

3.411369085311889648e+00 3.305399894714355469e+00 3.259460210800170898e+00 3.731563329696655273e+00 3.341059923171997070e+00 

3.428503036499023438e+00 3.300156593322753906e+00 3.246598005294799805e+00 3.761040687561035156e+00 3.341315984725952148e+00 

3.448113441467285156e+00 3.294946432113647461e+00 3.233117818832397461e+00 3.789392471313476562e+00 3.341562271118164062e+00 

3.470972537994384766e+00 3.289742231369018555e+00 3.218680858612060547e+00 3.819187641143798828e+00 3.341801881790161133e+00 

3.340792179107666016e+00 3.337907552719116211e+00 3.340742588043212891e+00 3.338708162307739258e+00 3.344164133071899414e+00 

3.349273920059204102e+00 3.318286657333374023e+00 3.348278284072875977e+00 3.326253175735473633e+00 3.392861366271972656e+00 

3.358443737030029297e+00 3.300244808197021484e+00 3.356149435043334961e+00 3.314489364624023438e+00 3.467524051666259766e+00 

3.369009733200073242e+00 3.283068895339965820e+00 3.364463090896606445e+00 3.303264379501342773e+00 3.574120521545410156e+00 

3.381157398223876953e+00 3.266256570816040039e+00 3.373285293579101562e+00 3.292453050613403320e+00 3.639394044876098633e+00 

3.391782045364379883e+00 3.265516996383666992e+00 3.397069215774536133e+00 3.270405292510986328e+00 3.663338184356689453e+00 

3.403830528259277344e+00 3.262067556381225586e+00 3.422789335250854492e+00 3.250133037567138672e+00 3.686825275421142578e+00 

3.418649435043334961e+00 3.250372648239135742e+00 3.443447351455688477e+00 3.234949588775634766e+00 3.715009927749633789e+00 

3.435326099395751953e+00 3.238285541534423828e+00 3.467766761779785156e+00 3.218718051910400391e+00 3.739545822143554688e+00 

3.454891443252563477e+00 3.222525835037231445e+00 3.492135286331176758e+00 3.203284502029418945e+00 3.764451026916503906e+00 

3.340970039367675781e+00 3.341871261596679688e+00 3.343172550201416016e+00 3.337305545806884766e+00 3.340944290161132812e+00 

3.350963354110717773e+00 3.361904144287109375e+00 3.378979444503784180e+00 3.312325000762939453e+00 3.350679874420166016e+00 

3.360132694244384766e+00 3.371136903762817383e+00 3.413747310638427734e+00 3.294019937515258789e+00 3.373512029647827148e+00 

3.368864059448242188e+00 3.371796607971191406e+00 3.449132442474365234e+00 3.279263496398925781e+00 3.411576509475708008e+00 

3.378251791000366211e+00 3.372459411621093750e+00 3.496342658996582031e+00 3.264539718627929688e+00 3.464127540588378906e+00 

3.390178442001342773e+00 3.382559061050415039e+00 3.560268402099609375e+00 3.246546268463134766e+00 3.519719123840332031e+00 

3.405229806900024414e+00 3.404628515243530273e+00 3.613277435302734375e+00 3.224223375320434570e+00 3.552577257156372070e+00 

3.420639991760253906e+00 3.417696475982666016e+00 3.645485162734985352e+00 3.202769279479980469e+00 3.592922210693359375e+00 

3.437106609344482422e+00 3.425246715545654297e+00 3.668963670730590820e+00 3.180073022842407227e+00 3.629237651824951172e+00 

3.454595088958740234e+00 3.426234245300292969e+00 3.686843395233154297e+00 3.155591487884521484e+00 3.661776304244995117e+00 

3.340240716934204102e+00 3.340678215026855469e+00 3.336744785308837891e+00 3.340791463851928711e+00 3.343424558639526367e+00 

3.342644691467285156e+00 3.347602844238281250e+00 3.306913614273071289e+00 3.348914623260498047e+00 3.382517814636230469e+00 

3.345100402832031250e+00 3.354820489883422852e+00 3.279923677444458008e+00 3.357472181320190430e+00 3.436663627624511719e+00 

3.347953081130981445e+00 3.362398386001586914e+00 3.253443479537963867e+00 3.366567611694335938e+00 3.523451328277587891e+00 

3.351734876632690430e+00 3.370458364486694336e+00 3.225457906723022461e+00 3.376421213150024414e+00 3.598134279251098633e+00 

3.355902194976806641e+00 3.379026651382446289e+00 3.193364858627319336e+00 3.387054443359375000e+00 3.646749258041381836e+00 

3.360332727432250977e+00 3.388162136077880859e+00 3.153068542480468750e+00 3.398526191711425781e+00 3.682473897933959961e+00 

3.363818407058715820e+00 3.408458948135375977e+00 3.103275537490844727e+00 3.402652263641357422e+00 3.705843210220336914e+00 

3.368592262268066406e+00 3.425982713699340820e+00 3.021285295486450195e+00 3.411190986633300781e+00 3.728801965713500977e+00 

3.370235919952392578e+00 3.478435993194580078e+00 2.953783035278320312e+00 3.395531177520751953e+00 3.738642454147338867e+00 

3.340514421463012695e+00 3.339354991912841797e+00 3.338343381881713867e+00 3.344100713729858398e+00 3.339513063430786133e+00 

3.345755577087402344e+00 3.333015680313110352e+00 3.322540760040283203e+00 3.392445087432861328e+00 3.334706783294677734e+00 

3.351269483566284180e+00 3.326861858367919922e+00 3.307792186737060547e+00 3.466782569885253906e+00 3.329980134963989258e+00 

3.357845544815063477e+00 3.320927858352661133e+00 3.293780803680419922e+00 3.573481321334838867e+00 3.325353384017944336e+00 

3.365400075912475586e+00 3.315240383148193359e+00 3.280241250991821289e+00 3.639238834381103516e+00 3.320847749710083008e+00 

3.373513460159301758e+00 3.309686183929443359e+00 3.266797304153442383e+00 3.683331012725830078e+00 3.316447973251342773e+00 

3.381280183792114258e+00 3.305269479751586914e+00 3.251768589019775391e+00 3.714151382446289062e+00 3.314918518066406250e+00 

3.389483690261840820e+00 3.300893783569335938e+00 3.236093521118164062e+00 3.740499019622802734e+00 3.313382387161254883e+00 

3.397235393524169922e+00 3.297574758529663086e+00 3.217768192291259766e+00 3.762103319168090820e+00 3.314626693725585938e+00 

3.407531499862670898e+00 3.292212963104248047e+00 3.200820684432983398e+00 3.788168430328369141e+00 3.310284614562988281e+00 

3.339858293533325195e+00 3.336407661437988281e+00 3.341962575912475586e+00 3.341922998428344727e+00 3.340320825576782227e+00 

3.338438272476196289e+00 3.303710222244262695e+00 3.363009452819824219e+00 3.362511634826660156e+00 3.343553781509399414e+00 

3.337006807327270508e+00 3.274107933044433594e+00 3.387555599212646484e+00 3.386421680450439453e+00 3.346851348876953125e+00 

3.335594654083251953e+00 3.244609594345092773e+00 3.417416095733642578e+00 3.415348529815673828e+00 3.350194931030273438e+00 

3.334308147430419922e+00 3.212233543395996094e+00 3.455740451812744141e+00 3.452171802520751953e+00 3.353606224060058594e+00 

3.333401441574096680e+00 3.179998874664306641e+00 3.500654935836791992e+00 3.501175880432128906e+00 3.352774858474731445e+00 

3.333216428756713867e+00 3.178470611572265625e+00 3.508325099945068359e+00 3.512565135955810547e+00 3.348989725112915039e+00 

3.333216190338134766e+00 3.180010080337524414e+00 3.506778955459594727e+00 3.501410484313964844e+00 3.352317810058593750e+00 

3.333103418350219727e+00 3.180004835128784180e+00 3.508306026458740234e+00 3.501523494720458984e+00 3.352175951004028320e+00 

3.333027362823486328e+00 3.184107065200805664e+00 3.514754295349121094e+00 3.495278596878051758e+00 3.348616838455200195e+00 

3.340445995330810547e+00 3.337009668350219727e+00 3.342235565185546875e+00 3.342052698135375977e+00 3.340477705001831055e+00 

3.344935655593872070e+00 3.309419631958007812e+00 3.366479158401489258e+00 3.364140033721923828e+00 3.345319271087646484e+00 

3.349508762359619141e+00 3.284325361251831055e+00 3.395565271377563477e+00 3.390119075775146484e+00 3.350289821624755859e+00 

3.354255914688110352e+00 3.259798526763916016e+00 3.432611703872680664e+00 3.422210454940795898e+00 3.355412960052490234e+00 

3.359308481216430664e+00 3.234046220779418945e+00 3.483620643615722656e+00 3.464365482330322266e+00 3.360731124877929688e+00 

3.365473747253417969e+00 3.205156087875366211e+00 3.546634197235107422e+00 3.522006750106811523e+00 3.366276502609252930e+00 

3.372742176055908203e+00 3.170047044754028320e+00 3.593027830123901367e+00 3.571333885192871094e+00 3.372136831283569336e+00 

3.378168582916259766e+00 3.149890899658203125e+00 3.623640060424804688e+00 3.601052522659301758e+00 3.361937046051025391e+00 

3.383723974227905273e+00 3.135050296783447266e+00 3.638495206832885742e+00 3.630651950836181641e+00 3.349943637847900391e+00 

3.389578819274902344e+00 3.118254661560058594e+00 3.651946783065795898e+00 3.654907941818237305e+00 3.338926792144775391e+00 

3.340184688568115234e+00 3.339054107666015625e+00 3.337833404541015625e+00 3.344051837921142578e+00 3.339452981948852539e+00 

3.341071844100952148e+00 3.317049741744995117e+00 3.336529731750488281e+00 3.377871274948120117e+00 3.338184833526611328e+00 

3.341390609741210938e+00 3.290169477462768555e+00 3.347575902938842773e+00 3.411747455596923828e+00 3.339379787445068359e+00 

3.341549158096313477e+00 3.262350320816040039e+00 3.364098310470581055e+00 3.452277660369873047e+00 3.341397523880004883e+00 

3.342311382293701172e+00 3.242918491363525391e+00 3.367318153381347656e+00 3.455603361129760742e+00 3.364780902862548828e+00 

3.343529224395751953e+00 3.227204799652099609e+00 3.360842943191528320e+00 3.469252109527587891e+00 3.390289068222045898e+00 

3.344515800476074219e+00 3.206304073333740234e+00 3.360795259475708008e+00 3.488076686859130859e+00 3.416925430297851562e+00 

3.345600605010986328e+00 3.182490587234497070e+00 3.360756874084472656e+00 3.509788036346435547e+00 3.450102567672729492e+00 

3.345298767089843750e+00 3.179273366928100586e+00 3.365256309509277344e+00 3.506082296371459961e+00 3.451129913330078125e+00 

3.345893859863281250e+00 3.180261611938476562e+00 3.356711864471435547e+00 3.510320901870727539e+00 3.463496685028076172e+00 

3.339746713638305664e+00 3.344021081924438477e+00 3.338263750076293945e+00 3.338246345520019531e+00 3.340274810791015625e+00 

3.337216138839721680e+00 3.391262531280517578e+00 3.321725130081176758e+00 3.321552991867065430e+00 3.343069553375244141e+00 

3.334850311279296875e+00 3.462877035140991211e+00 3.306342124938964844e+00 3.306031227111816406e+00 3.345900297164916992e+00 

3.336485862731933594e+00 3.521227598190307617e+00 3.315135717391967773e+00 3.280735731124877930e+00 3.352584838867187500e+00 

3.339823484420776367e+00 3.554153919219970703e+00 3.335482597351074219e+00 3.251413583755493164e+00 3.361291646957397461e+00 

3.343291282653808594e+00 3.581266641616821289e+00 3.358401536941528320e+00 3.219927072525024414e+00 3.370560646057128906e+00 

3.346366405487060547e+00 3.601055860519409180e+00 3.387399196624755859e+00 3.186455965042114258e+00 3.375533580780029297e+00 

3.347745656967163086e+00 3.627418756484985352e+00 3.406578063964843750e+00 3.156673669815063477e+00 3.373898983001708984e+00 

3.346625804901123047e+00 3.649456501007080078e+00 3.422206163406372070e+00 3.142169475555419922e+00 3.357824563980102539e+00 

3.345536947250366211e+00 3.664084196090698242e+00 3.424906015396118164e+00 3.136232137680053711e+00 3.348443984985351562e+00 

3.340360879898071289e+00 3.340564489364624023e+00 3.344207286834716797e+00 3.340179681777954102e+00 3.337653398513793945e+00 

3.344120740890502930e+00 3.346230745315551758e+00 3.394044637680053711e+00 3.341945648193359375e+00 3.315750360488891602e+00 

3.346811056137084961e+00 3.358456611633300781e+00 3.446468114852905273e+00 3.347887516021728516e+00 3.294212818145751953e+00 

3.346148967742919922e+00 3.389786481857299805e+00 3.456336259841918945e+00 3.364773035049438477e+00 3.270043611526489258e+00 

3.346639394760131836e+00 3.423147916793823242e+00 3.486014127731323242e+00 3.380280494689941406e+00 3.246691942214965820e+00 

3.346369504928588867e+00 3.477422475814819336e+00 3.499138832092285156e+00 3.401843309402465820e+00 3.220388650894165039e+00 

3.343860387802124023e+00 3.483409404754638672e+00 3.514310598373413086e+00 3.433296918869018555e+00 3.202908277511596680e+00 

3.340582847595214844e+00 3.478607892990112305e+00 3.521265745162963867e+00 3.478686332702636719e+00 3.186242818832397461e+00 

3.339322566986083984e+00 3.480165004730224609e+00 3.545051097869873047e+00 3.528388738632202148e+00 3.165018796920776367e+00 

3.339700698852539062e+00 3.485081672668457031e+00 3.561203718185424805e+00 3.543270111083984375e+00 3.153791189193725586e+00 

3.341001510620117188e+00 3.337370157241821289e+00 3.341967821121215820e+00 3.342060089111328125e+00 3.341039896011352539e+00 

3.350242137908935547e+00 3.312706232070922852e+00 3.363411903381347656e+00 3.364322423934936523e+00 3.352060794830322266e+00 

3.360597848892211914e+00 3.290256738662719727e+00 3.388320922851562500e+00 3.390495777130126953e+00 3.363800764083862305e+00 

3.368115901947021484e+00 3.270442962646484375e+00 3.413002252578735352e+00 3.407327175140380859e+00 3.384976148605346680e+00 

3.372494220733642578e+00 3.252322673797607422e+00 3.436304807662963867e+00 3.410577535629272461e+00 3.420907497406005859e+00 

3.379680871963500977e+00 3.231783390045166016e+00 3.470084667205810547e+00 3.424631118774414062e+00 3.459852218627929688e+00 

3.387688398361206055e+00 3.209007024765014648e+00 3.513745069503784180e+00 3.440325498580932617e+00 3.513810873031616211e+00 

3.393255233764648438e+00 3.201757907867431641e+00 3.551602602005004883e+00 3.434280872344970703e+00 3.516854524612426758e+00 

3.393134593963623047e+00 3.201754570007324219e+00 3.553619623184204102e+00 3.434150218963623047e+00 3.518235921859741211e+00 

3.393181800842285156e+00 3.201825857162475586e+00 3.555094480514526367e+00 3.433706760406494141e+00 3.519389629364013672e+00 

3.341205596923828125e+00 3.339835405349731445e+00 3.338226795196533203e+00 3.344732999801635742e+00 3.339783191680908203e+00 

3.353728771209716797e+00 3.338180065155029297e+00 3.321386575698852539e+00 3.402344226837158203e+00 3.337620496749877930e+00 

3.367742061614990234e+00 3.336445569992065430e+00 3.305788993835449219e+00 3.500416517257690430e+00 3.335466384887695312e+00 

3.384786367416381836e+00 3.334828376770019531e+00 3.291004180908203125e+00 3.606981992721557617e+00 3.333361625671386719e+00 

3.404562711715698242e+00 3.333312988281250000e+00 3.276632308959960938e+00 3.666844844818115234e+00 3.331306695938110352e+00 

3.427719593048095703e+00 3.331776380538940430e+00 3.262310981750488281e+00 3.708592653274536133e+00 3.329269647598266602e+00 

3.456039905548095703e+00 3.330089569091796875e+00 3.247700929641723633e+00 3.742135047912597656e+00 3.327241182327270508e+00 

3.490424871444702148e+00 3.328528165817260742e+00 3.232248783111572266e+00 3.772669315338134766e+00 3.325216531753540039e+00 

3.529205799102783203e+00 3.326947450637817383e+00 3.215479135513305664e+00 3.803276777267456055e+00 3.323186159133911133e+00 

3.560925006866455078e+00 3.325332403182983398e+00 3.196725845336914062e+00 3.837275505065917969e+00 3.321141958236694336e+00 

3.339485883712768555e+00 3.339937448501586914e+00 3.344141006469726562e+00 3.340326309204101562e+00 3.337523460388183594e+00 

3.334392547607421875e+00 3.339308023452758789e+00 3.393033266067504883e+00 3.343638181686401367e+00 3.314391136169433594e+00 

3.329515933990478516e+00 3.338665723800659180e+00 3.468484163284301758e+00 3.347042560577392578e+00 3.293235301971435547e+00 

3.325571775436401367e+00 3.338057518005371094e+00 3.575421333312988281e+00 3.350712537765502930e+00 3.272952318191528320e+00 

3.322397947311401367e+00 3.338818311691284180e+00 3.637956857681274414e+00 3.350196361541748047e+00 3.255331039428710938e+00 

3.319284200668334961e+00 3.343542814254760742e+00 3.674600124359130859e+00 3.336960077285766602e+00 3.245409727096557617e+00 

3.316281080245971680e+00 3.347017288208007812e+00 3.705366373062133789e+00 3.328495502471923828e+00 3.232388496398925781e+00 

3.313247442245483398e+00 3.351966619491577148e+00 3.729852437973022461e+00 3.316700696945190430e+00 3.221619129180908203e+00 

3.310339450836181641e+00 3.352755784988403320e+00 3.756068468093872070e+00 3.316179513931274414e+00 3.200517416000366211e+00 

3.307215929031372070e+00 3.360841274261474609e+00 3.774225950241088867e+00 3.298048019409179688e+00 3.194645404815673828e+00 

3.340085744857788086e+00 3.342359304428100586e+00 3.339731454849243164e+00 3.341765880584716797e+00 3.336683511734008789e+00 

3.340855121612548828e+00 3.370043992996215820e+00 3.335687398910522461e+00 3.356596469879150391e+00 3.309317350387573242e+00 

3.341545104980468750e+00 3.406862735748291016e+00 3.330385684967041016e+00 3.368721723556518555e+00 3.287288904190063477e+00 

3.342330694198608398e+00 3.457344770431518555e+00 3.325202703475952148e+00 3.381931543350219727e+00 3.265919923782348633e+00 

3.342900037765502930e+00 3.490660667419433594e+00 3.313933372497558594e+00 3.409612894058227539e+00 3.253467559814453125e+00 

3.342754364013671875e+00 3.504471778869628906e+00 3.290063142776489258e+00 3.431167840957641602e+00 3.266975164413452148e+00 

3.342867374420166016e+00 3.524032592773437500e+00 3.269765377044677734e+00 3.459670782089233398e+00 3.275135993957519531e+00 

3.342587947845458984e+00 3.536381006240844727e+00 3.242899417877197266e+00 3.478646755218505859e+00 3.296605587005615234e+00 

3.342655420303344727e+00 3.563685894012451172e+00 3.216751813888549805e+00 3.487447023391723633e+00 3.314331531524658203e+00 

3.343019247055053711e+00 3.589973449707031250e+00 3.190137624740600586e+00 3.500518560409545898e+00 3.327379226684570312e+00 

3.340278863906860352e+00 3.342813491821289062e+00 3.340509891510009766e+00 3.342142105102539062e+00 3.337621450424194336e+00 

3.343001127243041992e+00 3.374062299728393555e+00 3.345742702484130859e+00 3.365323543548583984e+00 3.315358638763427734e+00 

3.345771074295043945e+00 3.414023876190185547e+00 3.351140260696411133e+00 3.392879247665405273e+00 3.294985771179199219e+00 

3.348640918731689453e+00 3.470581054687500000e+00 3.356794595718383789e+00 3.427492380142211914e+00 3.275418281555175781e+00 

3.352046251296997070e+00 3.548028707504272461e+00 3.362776517868041992e+00 3.474020481109619141e+00 3.255796670913696289e+00 

3.356528759002685547e+00 3.603378057479858398e+00 3.369119644165039062e+00 3.535097599029541016e+00 3.235352754592895508e+00 

3.362085580825805664e+00 3.642883777618408203e+00 3.375719070434570312e+00 3.582604408264160156e+00 3.213157176971435547e+00 

3.365831136703491211e+00 3.677759647369384766e+00 3.373609542846679688e+00 3.599526882171630859e+00 3.196606397628784180e+00 

3.368904590606689453e+00 3.706979036331176758e+00 3.368707656860351562e+00 3.608480691909790039e+00 3.181236743927001953e+00 

3.371226787567138672e+00 3.732935905456542969e+00 3.361284017562866211e+00 3.610842466354370117e+00 3.167520761489868164e+00 

3.339863300323486328e+00 3.339442491531372070e+00 3.338383197784423828e+00 3.343886375427246094e+00 3.339261531829833984e+00 

3.338486671447753906e+00 3.333961486816406250e+00 3.322938919067382812e+00 3.389258384704589844e+00 3.332009553909301758e+00 

3.337250471115112305e+00 3.328613519668579102e+00 3.308497905731201172e+00 3.456636190414428711e+00 3.324995279312133789e+00 

3.336811065673828125e+00 3.323417425155639648e+00 3.294744253158569336e+00 3.559357881546020508e+00 3.318210601806640625e+00 

3.333510160446166992e+00 3.324511528015136719e+00 3.274963855743408203e+00 3.591772556304931641e+00 3.328199386596679688e+00 

3.329062461853027344e+00 3.327694892883300781e+00 3.252914428710937500e+00 3.606366395950317383e+00 3.344821691513061523e+00 

3.324656724929809570e+00 3.330932140350341797e+00 3.229566574096679688e+00 3.619546651840209961e+00 3.363234043121337891e+00 

3.321518421173095703e+00 3.332085609436035156e+00 3.206146240234375000e+00 3.641342163085937500e+00 3.376279592514038086e+00 

3.318411350250244141e+00 3.333249330520629883e+00 3.178828239440917969e+00 3.660069465637207031e+00 3.390654563903808594e+00 

3.316569805145263672e+00 3.332322359085083008e+00 3.149041414260864258e+00 3.683654546737670898e+00 3.397386550903320312e+00 

3.339348077774047852e+00 3.339362621307373047e+00 3.338288545608520508e+00 3.344183921813964844e+00 3.339515686035156250e+00 

3.332973718643188477e+00 3.333133220672607422e+00 3.321998834609985352e+00 3.393645763397216797e+00 3.334710836410522461e+00 

3.326952695846557617e+00 3.327102661132812500e+00 3.306830644607543945e+00 3.470462560653686523e+00 3.329990863800048828e+00 

3.324202060699462891e+00 3.326855659484863281e+00 3.285933017730712891e+00 3.533469676971435547e+00 3.342435121536254883e+00 

3.323505878448486328e+00 3.331261634826660156e+00 3.260426998138427734e+00 3.550931453704833984e+00 3.372276544570922852e+00 

3.322367906570434570e+00 3.334590196609497070e+00 3.235309123992919922e+00 3.574658393859863281e+00 3.404293060302734375e+00 

3.320912837982177734e+00 3.336751937866210938e+00 3.209085702896118164e+00 3.601656675338745117e+00 3.438735008239746094e+00 

3.318751811981201172e+00 3.336519002914428711e+00 3.181948661804199219e+00 3.634780168533325195e+00 3.466357231140136719e+00 

3.315574407577514648e+00 3.332793235778808594e+00 3.155395507812500000e+00 3.673301458358764648e+00 3.471286058425903320e+00 

3.312485933303833008e+00 3.329115629196166992e+00 3.122525453567504883e+00 3.703561782836914062e+00 3.476438760757446289e+00 

3.338760614395141602e+00 3.339266538619995117e+00 3.338527917861938477e+00 3.344020843505859375e+00 3.340029478073120117e+00 

3.326817989349365234e+00 3.332070589065551758e+00 3.324441909790039062e+00 3.391210079193115234e+00 3.340285301208496094e+00 

3.315816164016723633e+00 3.325130224227905273e+00 3.311236858367919922e+00 3.462597608566284180e+00 3.340570926666259766e+00 

3.306932926177978516e+00 3.341161251068115234e+00 3.304986476898193359e+00 3.516433000564575195e+00 3.321545839309692383e+00 

3.298255920410156250e+00 3.366213321685791016e+00 3.300929546356201172e+00 3.553784608840942383e+00 3.298339605331420898e+00 

3.287835359573364258e+00 3.398385286331176758e+00 3.298816442489624023e+00 3.584819793701171875e+00 3.270812034606933594e+00 

3.278342485427856445e+00 3.428037166595458984e+00 3.294701576232910156e+00 3.618033170700073242e+00 3.248780488967895508e+00 

3.270014524459838867e+00 3.444407463073730469e+00 3.287640333175659180e+00 3.653671026229858398e+00 3.234545230865478516e+00 

3.263939142227172852e+00 3.459742784500122070e+00 3.278795242309570312e+00 3.681457042694091797e+00 3.225923538208007812e+00 

3.258469104766845703e+00 3.461202859878540039e+00 3.268000364303588867e+00 3.708841323852539062e+00 3.223328351974487305e+00 

3.341542005538940430e+00 3.339518785476684570e+00 3.338963508605957031e+00 3.345109701156616211e+00 3.340117931365966797e+00 

3.357714653015136719e+00 3.334769248962402344e+00 3.328902006149291992e+00 3.408511877059936523e+00 3.341295957565307617e+00 

3.375844478607177734e+00 3.330085039138793945e+00 3.319363594055175781e+00 3.523641347885131836e+00 3.342491388320922852e+00 

3.397335529327392578e+00 3.325427055358886719e+00 3.310501575469970703e+00 3.624760150909423828e+00 3.343814849853515625e+00 

3.422588825225830078e+00 3.320844173431396484e+00 3.302001476287841797e+00 3.682505130767822266e+00 3.345194339752197266e+00 

3.453031063079833984e+00 3.316327810287475586e+00 3.293658494949340820e+00 3.723917007446289062e+00 3.346595287322998047e+00 

3.490997552871704102e+00 3.311846733093261719e+00 3.285344600677490234e+00 3.758678674697875977e+00 3.348024606704711914e+00 

3.533034086227416992e+00 3.307354688644409180e+00 3.276953220367431641e+00 3.791826725006103516e+00 3.349506378173828125e+00 

3.566176414489746094e+00 3.302830219268798828e+00 3.268356323242187500e+00 3.827533483505249023e+00 3.351037263870239258e+00 

3.592941284179687500e+00 3.298297643661499023e+00 3.259528398513793945e+00 3.870951175689697266e+00 3.352596521377563477e+00 

3.340317964553833008e+00 3.339164733886718750e+00 3.338268041610717773e+00 3.344499111175537109e+00 3.339711427688598633e+00 

3.343594074249267578e+00 3.330998897552490234e+00 3.321799755096435547e+00 3.398504018783569336e+00 3.336796998977661133e+00 

3.348546266555786133e+00 3.328011274337768555e+00 3.302873611450195312e+00 3.458766460418701172e+00 3.345297336578369141e+00 

3.356325626373291016e+00 3.333386898040771484e+00 3.279179811477661133e+00 3.495509386062622070e+00 3.376788616180419922e+00 

3.365071058273315430e+00 3.340792179107666016e+00 3.254614591598510742e+00 3.526628971099853516e+00 3.424438953399658203e+00 

3.374470233917236328e+00 3.346514940261840820e+00 3.230230331420898438e+00 3.561546087265014648e+00 3.485040187835693359e+00 

3.382773876190185547e+00 3.345037460327148438e+00 3.208681583404541016e+00 3.615274429321289062e+00 3.521368503570556641e+00 

3.390565633773803711e+00 3.340006113052368164e+00 3.187304496765136719e+00 3.662247896194458008e+00 3.534290075302124023e+00 

3.398896217346191406e+00 3.335115671157836914e+00 3.162327527999877930e+00 3.697257280349731445e+00 3.546259403228759766e+00 

3.407054185867309570e+00 3.328665256500244141e+00 3.134130954742431641e+00 3.728670835494995117e+00 3.548391819000244141e+00 

3.340346813201904297e+00 3.338026762008666992e+00 3.340724945068359375e+00 3.338679313659667969e+00 3.343842506408691406e+00 

3.343860149383544922e+00 3.319362878799438477e+00 3.348140716552734375e+00 3.325968742370605469e+00 3.388572692871093750e+00 

3.347464084625244141e+00 3.304346799850463867e+00 3.351702690124511719e+00 3.315578699111938477e+00 3.452859401702880859e+00 

3.350698471069335938e+00 3.318509101867675781e+00 3.325088024139404297e+00 3.314627647399902344e+00 3.509607791900634766e+00 

3.353485584259033203e+00 3.345153808593750000e+00 3.324485063552856445e+00 3.295374155044555664e+00 3.521549940109252930e+00 

3.356631755828857422e+00 3.369575977325439453e+00 3.326053380966186523e+00 3.277093410491943359e+00 3.542410135269165039e+00 

3.359925508499145508e+00 3.395104885101318359e+00 3.331243753433227539e+00 3.257374525070190430e+00 3.562578678131103516e+00 

3.363607406616210938e+00 3.416208982467651367e+00 3.338897943496704102e+00 3.237059354782104492e+00 3.587478876113891602e+00 

3.367839574813842773e+00 3.428990840911865234e+00 3.343724489212036133e+00 3.218911886215209961e+00 3.617697238922119141e+00 

3.372190713882446289e+00 3.448029994964599609e+00 3.344748258590698242e+00 3.200716972351074219e+00 3.641510486602783203e+00 

3.341137647628784180e+00 3.336858749389648438e+00 3.342123746871948242e+00 3.342140197753906250e+00 3.340427637100219727e+00 

3.352932691574096680e+00 3.307998180389404297e+00 3.365046501159667969e+00 3.365267992019653320e+00 3.344765186309814453e+00 

3.365675926208496094e+00 3.281838655471801758e+00 3.392198801040649414e+00 3.392739534378051758e+00 3.349223852157592773e+00 

3.379735946655273438e+00 3.256195783615112305e+00 3.426080226898193359e+00 3.427159309387207031e+00 3.353816747665405273e+00 

3.395803928375244141e+00 3.229027032852172852e+00 3.471166610717773438e+00 3.473208665847778320e+00 3.358548879623413086e+00 

3.414962291717529297e+00 3.197930335998535156e+00 3.531251192092895508e+00 3.533981084823608398e+00 3.363446474075317383e+00 

3.436704874038696289e+00 3.163552761077880859e+00 3.583408117294311523e+00 3.577398061752319336e+00 3.364995718002319336e+00 

3.457364797592163086e+00 3.135098218917846680e+00 3.630932092666625977e+00 3.600017309188842773e+00 3.356250762939453125e+00 

3.479075670242309570e+00 3.105991601943969727e+00 3.668470859527587891e+00 3.616263389587402344e+00 3.344872713088989258e+00 

3.504249334335327148e+00 3.068855047225952148e+00 3.697988748550415039e+00 3.630808830261230469e+00 3.334377765655517578e+00 

3.340245485305786133e+00 3.339300155639648438e+00 3.338035583496093750e+00 3.344291210174560547e+00 3.339662075042724609e+00 

3.342713356018066406e+00 3.332436323165893555e+00 3.319459199905395508e+00 3.395350933074951172e+00 3.336303949356079102e+00 

3.345375537872314453e+00 3.325787067413330078e+00 3.302283525466918945e+00 3.476180553436279297e+00 3.332981109619140625e+00 

3.349097728729248047e+00 3.319394826889038086e+00 3.285937547683715820e+00 3.584504127502441406e+00 3.329756259918212891e+00 

3.355086565017700195e+00 3.321791887283325195e+00 3.261392831802368164e+00 3.608141183853149414e+00 3.352998018264770508e+00 

3.360852241516113281e+00 3.322037458419799805e+00 3.238281011581420898e+00 3.638094663619995117e+00 3.371918916702270508e+00 

3.367170095443725586e+00 3.323354482650756836e+00 3.211778640747070312e+00 3.658576488494873047e+00 3.398484468460083008e+00 

3.372890710830688477e+00 3.320313215255737305e+00 3.186760663986206055e+00 3.689867019653320312e+00 3.408498287200927734e+00 

3.378857851028442383e+00 3.317310571670532227e+00 3.156641244888305664e+00 3.715781688690185547e+00 3.419323682785034180e+00 

3.384651660919189453e+00 3.312228441238403320e+00 3.122847557067871094e+00 3.743428468704223633e+00 3.419151782989501953e+00 

3.340491294860839844e+00 3.337639808654785156e+00 3.340847015380859375e+00 3.338361024856567383e+00 3.343983173370361328e+00 

3.345416784286499023e+00 3.315533161163330078e+00 3.349603414535522461e+00 3.322709321975708008e+00 3.390756845474243164e+00 

3.349971294403076172e+00 3.303972005844116211e+00 3.364808559417724609e+00 3.302579879760742188e+00 3.441286325454711914e+00 

3.353135108947753906e+00 3.313199996948242188e+00 3.398850679397583008e+00 3.271356821060180664e+00 3.460271358489990234e+00 

3.356698989868164062e+00 3.319619894027709961e+00 3.440653085708618164e+00 3.241814374923706055e+00 3.490707397460937500e+00 

3.360726594924926758e+00 3.326208591461181641e+00 3.500611066818237305e+00 3.209226369857788086e+00 3.525815486907958984e+00 

3.366484403610229492e+00 3.315296888351440430e+00 3.558818578720092773e+00 3.195401430130004883e+00 3.552131175994873047e+00 

3.373193025588989258e+00 3.296789407730102539e+00 3.598553180694580078e+00 3.192963600158691406e+00 3.572603940963745117e+00 

3.377278804779052734e+00 3.285162925720214844e+00 3.620634794235229492e+00 3.196338415145874023e+00 3.573194026947021484e+00 

3.382650852203369141e+00 3.275454521179199219e+00 3.646131992340087891e+00 3.191435813903808594e+00 3.577121257781982422e+00 

3.340816736221313477e+00 3.339806079864501953e+00 3.343832254409790039e+00 3.340237617492675781e+00 3.338089942932128906e+00 

3.349245548248291016e+00 3.337870359420776367e+00 3.388449192047119141e+00 3.342618942260742188e+00 3.319981575012207031e+00 

3.358436584472656250e+00 3.335942268371582031e+00 3.454046010971069336e+00 3.345008611679077148e+00 3.303194761276245117e+00 

3.366160869598388672e+00 3.349972724914550781e+00 3.501418828964233398e+00 3.360913991928100586e+00 3.284516334533691406e+00 

3.372991323471069336e+00 3.376933336257934570e+00 3.521536588668823242e+00 3.388636827468872070e+00 3.264610528945922852e+00 

3.380356550216674805e+00 3.410336494445800781e+00 3.539433479309082031e+00 3.423415899276733398e+00 3.244128942489624023e+00 

3.390435218811035156e+00 3.434847354888916016e+00 3.580724716186523438e+00 3.452781677246093750e+00 3.223849534988403320e+00 

3.402433395385742188e+00 3.457229137420654297e+00 3.618774890899658203e+00 3.483005285263061523e+00 3.201812744140625000e+00 

3.418311119079589844e+00 3.459653615951538086e+00 3.662040233612060547e+00 3.497010231018066406e+00 3.178466558456420898e+00 

3.436789989471435547e+00 3.462103843688964844e+00 3.694901943206787109e+00 3.511846303939819336e+00 3.150369167327880859e+00 

3.340754747390747070e+00 3.345092296600341797e+00 3.339147329330444336e+00 3.338763713836669922e+00 3.340730905532836914e+00 

3.348418235778808594e+00 3.408233404159545898e+00 3.330822706222534180e+00 3.326841831207275391e+00 3.348211050033569336e+00 

3.356688022613525391e+00 3.522715568542480469e+00 3.322810888290405273e+00 3.315554618835449219e+00 3.356039524078369141e+00 

3.366107225418090820e+00 3.624032735824584961e+00 3.315326452255249023e+00 3.304753065109252930e+00 3.364515781402587891e+00 

3.376533508300781250e+00 3.681785106658935547e+00 3.308057069778442383e+00 3.294317960739135742e+00 3.373460292816162109e+00 

3.388149023056030273e+00 3.723058223724365234e+00 3.300845861434936523e+00 3.284111976623535156e+00 3.382847785949707031e+00 

3.400529146194458008e+00 3.757470130920410156e+00 3.293770074844360352e+00 3.274000406265258789e+00 3.392962694168090820e+00 

3.414054155349731445e+00 3.789960384368896484e+00 3.286741733551025391e+00 3.263858079910278320e+00 3.403889656066894531e+00 

3.428797006607055664e+00 3.824393749237060547e+00 3.279742717742919922e+00 3.253548622131347656e+00 3.415852308273315430e+00 

3.446431159973144531e+00 3.865576505661010742e+00 3.272526741027832031e+00 3.242940664291381836e+00 3.428656578063964844e+00 

3.341155052185058594e+00 3.339667320251464844e+00 3.338162183761596680e+00 3.344624996185302734e+00 3.339402914047241211e+00 

3.353114128112792969e+00 3.336365222930908203e+00 3.320742130279541016e+00 3.400592803955078125e+00 3.333538532257080078e+00 

3.366182088851928711e+00 3.333129405975341797e+00 3.304601907730102539e+00 3.494473457336425781e+00 3.327818155288696289e+00 

3.381798505783081055e+00 3.330080270767211914e+00 3.289264917373657227e+00 3.602240324020385742e+00 3.322189331054687500e+00 

3.400068759918212891e+00 3.327013015747070312e+00 3.274361610412597656e+00 3.662823438644409180e+00 3.316737890243530273e+00 

3.420494794845581055e+00 3.324213266372680664e+00 3.259446144104003906e+00 3.705158710479736328e+00 3.311331510543823242e+00 

3.439796209335327148e+00 3.323662757873535156e+00 3.241746902465820312e+00 3.733259201049804688e+00 3.312372446060180664e+00 

3.460468053817749023e+00 3.323951244354248047e+00 3.221628189086914062e+00 3.755589962005615234e+00 3.316744089126586914e+00 

3.478085041046142578e+00 3.326732635498046875e+00 3.196115970611572266e+00 3.771879196166992188e+00 3.327993869781494141e+00 

3.498209476470947266e+00 3.329592227935791016e+00 3.165621519088745117e+00 3.788215875625610352e+00 3.339891672134399414e+00 

3.340981245040893555e+00 3.344187974929809570e+00 3.339091062545776367e+00 3.338434696197509766e+00 3.340161323547363281e+00 

3.351022720336914062e+00 3.393863439559936523e+00 3.330265760421752930e+00 3.323460102081298828e+00 3.341773271560668945e+00 

3.361769676208496094e+00 3.471517324447631836e+00 3.321840286254882812e+00 3.309450387954711914e+00 3.343381881713867188e+00 

3.374149799346923828e+00 3.579430818557739258e+00 3.313921451568603516e+00 3.296092510223388672e+00 3.345006942749023438e+00 

3.384610652923583984e+00 3.636265993118286133e+00 3.310362339019775391e+00 3.293839931488037109e+00 3.333350419998168945e+00 

3.390675306320190430e+00 3.665675401687622070e+00 3.308602571487426758e+00 3.303900241851806641e+00 3.312867164611816406e+00 

3.394620418548583984e+00 3.672133207321166992e+00 3.293462276458740234e+00 3.316647529602050781e+00 3.310270309448242188e+00 

3.399574279785156250e+00 3.679753303527832031e+00 3.277881622314453125e+00 3.327019214630126953e+00 3.310532331466674805e+00 

3.404495954513549805e+00 3.686969280242919922e+00 3.262418031692504883e+00 3.337943553924560547e+00 3.310747623443603516e+00 

3.414176225662231445e+00 3.706017017364501953e+00 3.252255201339721680e+00 3.340572357177734375e+00 3.307253360748291016e+00 

3.340065479278564453e+00 3.343880891799926758e+00 3.338422060012817383e+00 3.338207483291625977e+00 3.339968442916870117e+00 

3.340394258499145508e+00 3.375575065612792969e+00 3.318214893341064453e+00 3.327552080154418945e+00 3.348751068115234375e+00 

3.340409278869628906e+00 3.399834156036376953e+00 3.294991731643676758e+00 3.323719024658203125e+00 3.368278980255126953e+00 

3.340323448181152344e+00 3.423097372055053711e+00 3.271450042724609375e+00 3.322009801864624023e+00 3.395018577575683594e+00 

3.340297460556030273e+00 3.451150894165039062e+00 3.247666597366333008e+00 3.320326089859008789e+00 3.428357601165771484e+00 

3.340640306472778320e+00 3.481738805770874023e+00 3.223329544067382812e+00 3.321605682373046875e+00 3.464100122451782227e+00 

3.341675758361816406e+00 3.486612319946289062e+00 3.206461429595947266e+00 3.336568832397460938e+00 3.464538097381591797e+00 

3.341612577438354492e+00 3.484623908996582031e+00 3.206482172012329102e+00 3.336503982543945312e+00 3.462618112564086914e+00 

3.341727018356323242e+00 3.491614341735839844e+00 3.208451271057128906e+00 3.334090948104858398e+00 3.454950809478759766e+00 

3.341484546661376953e+00 3.493425607681274414e+00 3.207196474075317383e+00 3.330844640731811523e+00 3.461746215820312500e+00 

3.339933395385742188e+00 3.338083744049072266e+00 3.340980768203735352e+00 3.338608503341674805e+00 3.343953609466552734e+00 

3.339195013046264648e+00 3.319908857345581055e+00 3.351183414459228516e+00 3.325208663940429688e+00 3.390275716781616211e+00 

3.338495969772338867e+00 3.303052902221679688e+00 3.362172126770019531e+00 3.312572479248046875e+00 3.459874153137207031e+00 

3.338552713394165039e+00 3.286978483200073242e+00 3.374250173568725586e+00 3.300480365753173828e+00 3.564383268356323242e+00 

3.339516162872314453e+00 3.271325349807739258e+00 3.387503862380981445e+00 3.288850545883178711e+00 3.631617069244384766e+00 

3.340619087219238281e+00 3.255550622940063477e+00 3.402276515960693359e+00 3.277397632598876953e+00 3.676461458206176758e+00 

3.341096639633178711e+00 3.243681430816650391e+00 3.404257774353027344e+00 3.268984079360961914e+00 3.708607673645019531e+00 

3.340508222579956055e+00 3.238111019134521484e+00 3.386914014816284180e+00 3.264993429183959961e+00 3.733205318450927734e+00 

3.340574979782104492e+00 3.227765560150146484e+00 3.382836818695068359e+00 3.257959127426147461e+00 3.757041692733764648e+00 

3.341003656387329102e+00 3.214436054229736328e+00 3.384556531906127930e+00 3.249325752258300781e+00 3.780551910400390625e+00 

3.340511798858642578e+00 3.342600345611572266e+00 3.340398073196411133e+00 3.342271327972412109e+00 3.337525606155395508e+00 

3.345831871032714844e+00 3.371217727661132812e+00 3.344365358352661133e+00 3.366921186447143555e+00 3.314458847045898438e+00 

3.351473808288574219e+00 3.406936407089233398e+00 3.348359823226928711e+00 3.396584749221801758e+00 3.293392896652221680e+00 

3.357167720794677734e+00 3.455468416213989258e+00 3.352566719055175781e+00 3.434682846069335938e+00 3.273096561431884766e+00 

3.363808631896972656e+00 3.526315689086914062e+00 3.356845855712890625e+00 3.487407684326171875e+00 3.252608776092529297e+00 

3.373243093490600586e+00 3.561825990676879883e+00 3.380392074584960938e+00 3.538022994995117188e+00 3.232740640640258789e+00 

3.384563922882080078e+00 3.579721212387084961e+00 3.421776294708251953e+00 3.572333812713623047e+00 3.211901903152465820e+00 

3.396113157272338867e+00 3.609871864318847656e+00 3.452650785446166992e+00 3.606523036956787109e+00 3.186442375183105469e+00 

3.408277511596679688e+00 3.641972780227661133e+00 3.471152782440185547e+00 3.637332201004028320e+00 3.153991937637329102e+00 

3.422114849090576172e+00 3.667942285537719727e+00 3.492311000823974609e+00 3.662510395050048828e+00 3.111065864562988281e+00 

3.340350866317749023e+00 3.341156482696533203e+00 3.342427968978881836e+00 3.336347818374633789e+00 3.340802431106567383e+00 

3.343879461288452148e+00 3.353174924850463867e+00 3.368969440460205078e+00 3.303146123886108398e+00 3.349041461944580078e+00 

3.347457408905029297e+00 3.366184473037719727e+00 3.401460647583007812e+00 3.273110389709472656e+00 3.357728004455566406e+00 

3.351123571395874023e+00 3.380470514297485352e+00 3.444224119186401367e+00 3.243019580841064453e+00 3.366975307464599609e+00 

3.352895975112915039e+00 3.409378051757812500e+00 3.470004796981811523e+00 3.215624570846557617e+00 3.373900413513183594e+00 

3.354079961776733398e+00 3.452106714248657227e+00 3.488863229751586914e+00 3.185845136642456055e+00 3.380154371261596680e+00 

3.356324672698974609e+00 3.504564285278320312e+00 3.523407459259033203e+00 3.145732641220092773e+00 3.387767076492309570e+00 

3.357903003692626953e+00 3.570649862289428711e+00 3.532793998718261719e+00 3.098254442214965820e+00 3.393576383590698242e+00 

3.358616352081298828e+00 3.604322195053100586e+00 3.557718038558959961e+00 3.077261924743652344e+00 3.374634265899658203e+00 

3.358511447906494141e+00 3.630400180816650391e+00 3.566763162612915039e+00 3.063925027847290039e+00 3.360347986221313477e+00 

3.338377714157104492e+00 3.344102382659912109e+00 3.338886260986328125e+00 3.339202880859375000e+00 3.340250015258789062e+00 

3.322920083999633789e+00 3.392471790313720703e+00 3.328105926513671875e+00 3.331413507461547852e+00 3.342766284942626953e+00 

3.308682441711425781e+00 3.466779708862304688e+00 3.317863941192626953e+00 3.323914527893066406e+00 3.345319032669067383e+00 

3.295859575271606445e+00 3.573372840881347656e+00 3.308096408843994141e+00 3.316747426986694336e+00 3.347985267639160156e+00 

3.284207582473754883e+00 3.638972043991088867e+00 3.298737764358520508e+00 3.309916019439697266e+00 3.350795984268188477e+00 

3.273038387298583984e+00 3.683031082153320312e+00 3.289606809616088867e+00 3.303269863128662109e+00 3.353678226470947266e+00 

3.262048244476318359e+00 3.716822862625122070e+00 3.280588865280151367e+00 3.296738624572753906e+00 3.356613159179687500e+00 

3.251061201095581055e+00 3.745425224304199219e+00 3.271589756011962891e+00 3.290276050567626953e+00 3.359596729278564453e+00 

3.239938974380493164e+00 3.771688699722290039e+00 3.262522935867309570e+00 3.283843517303466797e+00 3.362629652023315430e+00 

3.228559017181396484e+00 3.797631978988647461e+00 3.253301858901977539e+00 3.277405023574829102e+00 3.365715742111206055e+00 

3.339746713638305664e+00 3.337687253952026367e+00 3.340750932693481445e+00 3.338522434234619141e+00 3.343884468078613281e+00 

3.339095354080200195e+00 3.332312345504760742e+00 3.357221364974975586e+00 3.314462184906005859e+00 3.369307994842529297e+00 

3.339187860488891602e+00 3.333652496337890625e+00 3.379947900772094727e+00 3.288973808288574219e+00 3.391294479370117188e+00 

3.340532779693603516e+00 3.345723628997802734e+00 3.382840394973754883e+00 3.270871639251708984e+00 3.410875082015991211e+00 

3.342209339141845703e+00 3.361816644668579102e+00 3.380190610885620117e+00 3.254289627075195312e+00 3.431908130645751953e+00 

3.344287633895874023e+00 3.384054899215698242e+00 3.380055665969848633e+00 3.235174655914306641e+00 3.449943542480468750e+00 

3.346105575561523438e+00 3.406370878219604492e+00 3.385375022888183594e+00 3.212656974792480469e+00 3.473081111907958984e+00 

3.347692251205444336e+00 3.424640178680419922e+00 3.380803108215332031e+00 3.193907022476196289e+00 3.516263246536254883e+00 

3.349893093109130859e+00 3.455361604690551758e+00 3.386206150054931641e+00 3.164600133895874023e+00 3.543336153030395508e+00 

3.351993799209594727e+00 3.481812953948974609e+00 3.381551027297973633e+00 3.137998580932617188e+00 3.577035665512084961e+00 

3.340053558349609375e+00 3.344199895858764648e+00 3.338160514831542969e+00 3.338205099105834961e+00 3.340073823928833008e+00 

3.340564012527465820e+00 3.393956184387207031e+00 3.320717334747314453e+00 3.321164131164550781e+00 3.340800762176513672e+00 

3.340870141983032227e+00 3.426945924758911133e+00 3.295717000961303711e+00 3.316853761672973633e+00 3.360398292541503906e+00 

3.343122720718383789e+00 3.435964345932006836e+00 3.274791717529296875e+00 3.333124876022338867e+00 3.366662979125976562e+00 

3.345361709594726562e+00 3.445514917373657227e+00 3.253930568695068359e+00 3.350894689559936523e+00 3.373337745666503906e+00 

3.347691535949707031e+00 3.463901519775390625e+00 3.233722925186157227e+00 3.368240356445312500e+00 3.376417160034179688e+00 

3.350403547286987305e+00 3.471066474914550781e+00 3.211363077163696289e+00 3.396033287048339844e+00 3.378645181655883789e+00 

3.352449417114257812e+00 3.498268842697143555e+00 3.184754848480224609e+00 3.414167165756225586e+00 3.387046813964843750e+00 

3.354995727539062500e+00 3.513329029083251953e+00 3.152008295059204102e+00 3.446850061416625977e+00 3.394794464111328125e+00 

3.357396125793457031e+00 3.538639783859252930e+00 3.123284578323364258e+00 3.471793651580810547e+00 3.394777536392211914e+00 

3.339362144470214844e+00 3.342293977737426758e+00 3.339866161346435547e+00 3.341700792312622070e+00 3.337070703506469727e+00 

3.333107471466064453e+00 3.367208242416381836e+00 3.338524580001831055e+00 3.359748601913452148e+00 3.310003042221069336e+00 

3.327068090438842773e+00 3.397247314453125000e+00 3.337190151214599609e+00 3.380256175994873047e+00 3.285349130630493164e+00 

3.321260452270507812e+00 3.435848712921142578e+00 3.335850477218627930e+00 3.404329061508178711e+00 3.261305570602416992e+00 

3.315828084945678711e+00 3.489696979522705078e+00 3.334494829177856445e+00 3.433668375015258789e+00 3.236247539520263672e+00 

3.311094760894775391e+00 3.553253412246704102e+00 3.333160877227783203e+00 3.471181392669677734e+00 3.208367586135864258e+00 

3.307087898254394531e+00 3.598807811737060547e+00 3.331863403320312500e+00 3.519994497299194336e+00 3.174996376037597656e+00 

3.303654670715332031e+00 3.633146286010742188e+00 3.330637931823730469e+00 3.562264680862426758e+00 3.131443023681640625e+00 

3.301884174346923828e+00 3.661348104476928711e+00 3.317342519760131836e+00 3.565069198608398438e+00 3.132205724716186523e+00 

3.300249099731445312e+00 3.683473110198974609e+00 3.305799722671508789e+00 3.574426412582397461e+00 3.127572059631347656e+00 

3.339868783950805664e+00 3.336336612701416016e+00 3.342046260833740234e+00 3.341938972473144531e+00 3.340285062789916992e+00 

3.338549137115478516e+00 3.303251266479492188e+00 3.363901853561401367e+00 3.362612009048461914e+00 3.343102693557739258e+00 

3.337213993072509766e+00 3.273332357406616211e+00 3.389554977416992188e+00 3.386625051498413086e+00 3.345953702926635742e+00 

3.335903882980346680e+00 3.243435621261596680e+00 3.421111822128295898e+00 3.415716409683227539e+00 3.348845481872558594e+00 

3.334749460220336914e+00 3.210424184799194336e+00 3.462313890457153320e+00 3.452832698822021484e+00 3.351804494857788086e+00 

3.334357738494873047e+00 3.183012485504150391e+00 3.476624011993408203e+00 3.473001241683959961e+00 3.367960214614868164e+00 

3.334259033203125000e+00 3.179215908050537109e+00 3.471286535263061523e+00 3.475680112838745117e+00 3.371552705764770508e+00 

3.334163904190063477e+00 3.175284624099731445e+00 3.466441631317138672e+00 3.478036403656005859e+00 3.375202178955078125e+00 

3.334093093872070312e+00 3.175351619720458984e+00 3.465382814407348633e+00 3.474607706069946289e+00 3.375120401382446289e+00 

3.334078311920166016e+00 3.179563045501708984e+00 3.467014312744140625e+00 3.468787670135498047e+00 3.371126174926757812e+00 

3.339962720870971680e+00 3.336262464523315430e+00 3.341983556747436523e+00 3.341980457305908203e+00 3.340225219726562500e+00 

3.339576959609985352e+00 3.302300453186035156e+00 3.363292932510375977e+00 3.363250494003295898e+00 3.342509269714355469e+00 

3.339159965515136719e+00 3.271583557128906250e+00 3.388184070587158203e+00 3.388086080551147461e+00 3.344811439514160156e+00 

3.338617801666259766e+00 3.246540546417236328e+00 3.424598455429077148e+00 3.410952568054199219e+00 3.340867519378662109e+00 

3.338076353073120117e+00 3.233206987380981445e+00 3.452518224716186523e+00 3.441332101821899414e+00 3.328798294067382812e+00 

3.337485790252685547e+00 3.233339548110961914e+00 3.478356122970581055e+00 3.473020076751708984e+00 3.308058023452758789e+00 

3.337275266647338867e+00 3.237571001052856445e+00 3.475165128707885742e+00 3.479028463363647461e+00 3.301896572113037109e+00 

3.337129354476928711e+00 3.240599393844604492e+00 3.478480100631713867e+00 3.470043182373046875e+00 3.299326658248901367e+00 

3.336926937103271484e+00 3.244858503341674805e+00 3.475051403045654297e+00 3.477408409118652344e+00 3.293284177780151367e+00 

3.336892127990722656e+00 3.245059490203857422e+00 3.474084615707397461e+00 3.476418018341064453e+00 3.293272018432617188e+00 

3.339342355728149414e+00 3.342345714569091797e+00 3.339841127395629883e+00 3.341488361358642578e+00 3.336877346038818359e+00 

3.332928657531738281e+00 3.367861509323120117e+00 3.338317871093750000e+00 3.357106208801269531e+00 3.308143377304077148e+00 

3.326663732528686523e+00 3.398814201354980469e+00 3.336737632751464844e+00 3.374551773071289062e+00 3.282078504562377930e+00 

3.320613861083984375e+00 3.438844919204711914e+00 3.335192203521728516e+00 3.394442796707153320e+00 3.256532192230224609e+00 

3.314867734909057617e+00 3.495205402374267578e+00 3.333682298660278320e+00 3.417744636535644531e+00 3.229554891586303711e+00 

3.309574842453002930e+00 3.558212995529174805e+00 3.332191228866577148e+00 3.445991754531860352e+00 3.198939323425292969e+00 

3.304722309112548828e+00 3.602886199951171875e+00 3.330699205398559570e+00 3.481562137603759766e+00 3.161082029342651367e+00 

3.300262689590454102e+00 3.636670827865600586e+00 3.329197168350219727e+00 3.525171279907226562e+00 3.109336853027343750e+00 

3.298653125762939453e+00 3.671574354171752930e+00 3.322973966598510742e+00 3.531331062316894531e+00 3.068328380584716797e+00 

3.298990488052368164e+00 3.704237461090087891e+00 3.313624143600463867e+00 3.511019229888916016e+00 3.045970201492309570e+00 

3.340214967727661133e+00 3.339710474014282227e+00 3.343850851058959961e+00 3.339935302734375000e+00 3.337331771850585938e+00 

3.343543529510498047e+00 3.344976186752319336e+00 3.372916936874389648e+00 3.344957828521728516e+00 3.310785531997680664e+00 

3.348493099212646484e+00 3.362347126007080078e+00 3.385633707046508789e+00 3.358308792114257812e+00 3.284507036209106445e+00 

3.353204965591430664e+00 3.378505468368530273e+00 3.405755758285522461e+00 3.370636224746704102e+00 3.259591341018676758e+00 

3.358513116836547852e+00 3.400806427001953125e+00 3.422066688537597656e+00 3.386666297912597656e+00 3.233089447021484375e+00 

3.363662958145141602e+00 3.422618150711059570e+00 3.448977947235107422e+00 3.401943683624267578e+00 3.204030036926269531e+00 

3.368325233459472656e+00 3.432632684707641602e+00 3.458788156509399414e+00 3.434666872024536133e+00 3.178643226623535156e+00 

3.372856855392456055e+00 3.438044309616088867e+00 3.479551315307617188e+00 3.472682952880859375e+00 3.148849487304687500e+00 

3.377005338668823242e+00 3.431125879287719727e+00 3.510650634765625000e+00 3.523169994354248047e+00 3.117610216140747070e+00 

3.381580829620361328e+00 3.431683540344238281e+00 3.525722026824951172e+00 3.561850786209106445e+00 3.084137201309204102e+00 

3.340179681777954102e+00 3.342491388320922852e+00 3.339770317077636719e+00 3.341775417327880859e+00 3.336575508117675781e+00 

3.341932296752929688e+00 3.369791984558105469e+00 3.337499856948852539e+00 3.360733747482299805e+00 3.305257797241210938e+00 

3.343721389770507812e+00 3.403429985046386719e+00 3.335216999053955078e+00 3.382382631301879883e+00 3.276958703994750977e+00 

3.346310377120971680e+00 3.421910047531127930e+00 3.353662967681884766e+00 3.392890453338623047e+00 3.251646518707275391e+00 

3.349084615707397461e+00 3.437851905822753906e+00 3.379744768142700195e+00 3.401223421096801758e+00 3.225331306457519531e+00 

3.352016448974609375e+00 3.455898046493530273e+00 3.411687612533569336e+00 3.409995555877685547e+00 3.195432424545288086e+00 

3.354979276657104492e+00 3.483866930007934570e+00 3.444714784622192383e+00 3.422979354858398438e+00 3.157629251480102539e+00 

3.357830047607421875e+00 3.521679162979125977e+00 3.483665227890014648e+00 3.430185556411743164e+00 3.112715482711791992e+00 

3.357872724533081055e+00 3.554613113403320312e+00 3.495882749557495117e+00 3.411678791046142578e+00 3.103740930557250977e+00 

3.358399391174316406e+00 3.552014827728271484e+00 3.497143745422363281e+00 3.417666912078857422e+00 3.097531795501708984e+00 

3.339943170547485352e+00 3.338157653808593750e+00 3.340918779373168945e+00 3.339028358459472656e+00 3.344549417495727539e+00 

3.339302301406860352e+00 3.320688486099243164e+00 3.350391387939453125e+00 3.329596757888793945e+00 3.399336576461791992e+00 

3.338709354400634766e+00 3.304483652114868164e+00 3.360461950302124023e+00 3.320581436157226562e+00 3.489730834960937500e+00 

3.338864564895629883e+00 3.289078474044799805e+00 3.371342420578002930e+00 3.311965703964233398e+00 3.597903251647949219e+00 

3.339319467544555664e+00 3.274096012115478516e+00 3.383184194564819336e+00 3.303710460662841797e+00 3.659312486648559570e+00 

3.339777231216430664e+00 3.259104490280151367e+00 3.396103858947753906e+00 3.295654058456420898e+00 3.701703548431396484e+00 

3.340149641036987305e+00 3.243729114532470703e+00 3.410374879837036133e+00 3.287741422653198242e+00 3.735366344451904297e+00 

3.340464115142822266e+00 3.227536439895629883e+00 3.426302194595336914e+00 3.279886007308959961e+00 3.765204906463623047e+00 

3.340704917907714844e+00 3.210034370422363281e+00 3.444360256195068359e+00 3.272049427032470703e+00 3.794254541397094727e+00 

3.340944528579711914e+00 3.190545082092285156e+00 3.465096712112426758e+00 3.264143466949462891e+00 3.825283765792846680e+00 

3.340653896331787109e+00 3.341855764389038086e+00 3.343127250671386719e+00 3.337215423583984375e+00 3.341839313507080078e+00 

3.347282171249389648e+00 3.361684083938598633e+00 3.378337860107421875e+00 3.311448812484741211e+00 3.361475944519042969e+00 

3.354178190231323242e+00 3.384581327438354492e+00 3.425166606903076172e+00 3.288053750991821289e+00 3.384114265441894531e+00 

3.361612796783447266e+00 3.412055730819702148e+00 3.496202945709228516e+00 3.265422344207763672e+00 3.411241054534912109e+00 

3.370463132858276367e+00 3.446593523025512695e+00 3.575542449951171875e+00 3.242295265197753906e+00 3.445316076278686523e+00 

3.380643844604492188e+00 3.492466211318969727e+00 3.627011060714721680e+00 3.217166900634765625e+00 3.490406990051269531e+00 

3.393097877502441406e+00 3.544545888900756836e+00 3.664240360260009766e+00 3.188279390335083008e+00 3.542642354965209961e+00 

3.407618045806884766e+00 3.584053039550781250e+00 3.693681240081787109e+00 3.152423620223999023e+00 3.582496643066406250e+00 

3.424286603927612305e+00 3.615097045898437500e+00 3.718549489974975586e+00 3.103634357452392578e+00 3.613798856735229492e+00 

3.439115762710571289e+00 3.637552022933959961e+00 3.741176366806030273e+00 3.037760019302368164e+00 3.633451938629150391e+00 

3.340780973434448242e+00 3.339820861816406250e+00 3.338642120361328125e+00 3.345257282257080078e+00 3.340055227279663086e+00 

3.348767280578613281e+00 3.337973833084106445e+00 3.325592279434204102e+00 3.411004304885864258e+00 3.340558528900146484e+00 

3.357421875000000000e+00 3.336076974868774414e+00 3.313297033309936523e+00 3.532203197479248047e+00 3.340974092483520508e+00 

3.367778539657592773e+00 3.334238529205322266e+00 3.301589250564575195e+00 3.631020069122314453e+00 3.341292142868041992e+00 

3.378745794296264648e+00 3.332559108734130859e+00 3.290294647216796875e+00 3.687903881072998047e+00 3.341693639755249023e+00 

3.390654802322387695e+00 3.330804586410522461e+00 3.279207706451416016e+00 3.729121208190917969e+00 3.342020511627197266e+00 

3.403547286987304688e+00 3.329046487808227539e+00 3.268166780471801758e+00 3.764077186584472656e+00 3.342342376708984375e+00 

3.417882919311523438e+00 3.327197313308715820e+00 3.257003784179687500e+00 3.797874927520751953e+00 3.342586755752563477e+00 

3.433696508407592773e+00 3.325378179550170898e+00 3.245546340942382812e+00 3.834818124771118164e+00 3.342859029769897461e+00 

3.451339721679687500e+00 3.323589801788330078e+00 3.233592033386230469e+00 3.880964279174804688e+00 3.343161582946777344e+00 

3.340679407119750977e+00 3.336941480636596680e+00 3.342346191406250000e+00 3.342273950576782227e+00 3.340628385543823242e+00 

3.347517728805541992e+00 3.308766365051269531e+00 3.367932319641113281e+00 3.367055654525756836e+00 3.347051858901977539e+00 

3.354652643203735352e+00 3.283234357833862305e+00 3.398989200592041016e+00 3.396938800811767578e+00 3.353725194931030273e+00 

3.362256050109863281e+00 3.258325099945068359e+00 3.439267635345458984e+00 3.435267210006713867e+00 3.360696554183959961e+00 

3.370766401290893555e+00 3.232230186462402344e+00 3.496112346649169922e+00 3.488303661346435547e+00 3.368006467819213867e+00 

3.374477863311767578e+00 3.210312366485595703e+00 3.538846015930175781e+00 3.490261793136596680e+00 3.403418302536010742e+00 

3.379697322845458984e+00 3.183805942535400391e+00 3.575583219528198242e+00 3.503294467926025391e+00 3.444164276123046875e+00 

3.386821031570434570e+00 3.149717569351196289e+00 3.607148885726928711e+00 3.527780771255493164e+00 3.491819381713867188e+00 

3.396465539932250977e+00 3.101873397827148438e+00 3.634725570678710938e+00 3.557353019714355469e+00 3.538587093353271484e+00 

3.405227899551391602e+00 3.037774562835693359e+00 3.654515504837036133e+00 3.567656040191650391e+00 3.588397264480590820e+00 

3.340218305587768555e+00 3.336739063262939453e+00 3.342573881149291992e+00 3.342387914657592773e+00 3.340647697448730469e+00 

3.342312812805175781e+00 3.306820631027221680e+00 3.370930910110473633e+00 3.368467092514038086e+00 3.347354173660278320e+00 

3.344424962997436523e+00 3.279789924621582031e+00 3.406180143356323242e+00 3.400232076644897461e+00 3.354302167892456055e+00 

3.346678733825683594e+00 3.253285408020019531e+00 3.453670263290405273e+00 3.441631317138671875e+00 3.361534118652343750e+00 

3.349398851394653320e+00 3.225085973739624023e+00 3.523135423660278320e+00 3.500669002532958984e+00 3.369268178939819336e+00 

3.353403806686401367e+00 3.192914485931396484e+00 3.582052230834960938e+00 3.563051939010620117e+00 3.377440690994262695e+00 

3.355628728866577148e+00 3.165189504623413086e+00 3.630048036575317383e+00 3.595481634140014648e+00 3.373869895935058594e+00 

3.355591773986816406e+00 3.145441055297851562e+00 3.670123815536499023e+00 3.611544370651245117e+00 3.359446287155151367e+00 

3.353955745697021484e+00 3.132956981658935547e+00 3.703730821609497070e+00 3.619351387023925781e+00 3.340012788772583008e+00 

3.352354764938354492e+00 3.119247198104858398e+00 3.731677293777465820e+00 3.626778602600097656e+00 3.322602510452270508e+00 

3.340710878372192383e+00 3.338245153427124023e+00 3.340475797653198242e+00 3.339010953903198242e+00 3.343941688537597656e+00 

3.347917795181274414e+00 3.321561813354492188e+00 3.345283031463623047e+00 3.329416751861572266e+00 3.390073060989379883e+00 

3.355518102645874023e+00 3.306059837341308594e+00 3.350210905075073242e+00 3.320237159729003906e+00 3.459074497222900391e+00 

3.364096879959106445e+00 3.291309356689453125e+00 3.355219602584838867e+00 3.311470746994018555e+00 3.562901735305786133e+00 

3.373977661132812500e+00 3.277018070220947266e+00 3.360396146774291992e+00 3.303035259246826172e+00 3.630282640457153320e+00 

3.384645700454711914e+00 3.262797117233276367e+00 3.365744352340698242e+00 3.294810056686401367e+00 3.675193786621093750e+00 

3.396094560623168945e+00 3.248296260833740234e+00 3.371270418167114258e+00 3.286718368530273438e+00 3.709296464920043945e+00 

3.408584833145141602e+00 3.233157873153686523e+00 3.377032756805419922e+00 3.278639078140258789e+00 3.737799882888793945e+00 

3.422293424606323242e+00 3.216955900192260742e+00 3.383038759231567383e+00 3.270528554916381836e+00 3.763615131378173828e+00 

3.437511682510375977e+00 3.199153900146484375e+00 3.389315366744995117e+00 3.262319564819335938e+00 3.788734912872314453e+00 

3.340606927871704102e+00 3.340082168579101562e+00 3.344298124313354492e+00 3.340091228485107422e+00 3.337542057037353516e+00 

3.346964359283447266e+00 3.340857267379760742e+00 3.395126581192016602e+00 3.340971946716308594e+00 3.314656019210815430e+00 

3.353587388992309570e+00 3.341631412506103516e+00 3.475482463836669922e+00 3.341847181320190430e+00 3.293705224990844727e+00 

3.361381769180297852e+00 3.342444419860839844e+00 3.583169460296630859e+00 3.342798709869384766e+00 3.273735284805297852e+00 

3.370186567306518555e+00 3.343316793441772461e+00 3.646765947341918945e+00 3.343833923339843750e+00 3.253852605819702148e+00 

3.379591464996337891e+00 3.344203233718872070e+00 3.689986228942871094e+00 3.344883918762207031e+00 3.233077049255371094e+00 

3.389956235885620117e+00 3.346337318420410156e+00 3.722295522689819336e+00 3.342413663864135742e+00 3.213561534881591797e+00 

3.401277303695678711e+00 3.350130558013916016e+00 3.744439363479614258e+00 3.328688383102416992e+00 3.208375453948974609e+00 

3.413415908813476562e+00 3.352671384811401367e+00 3.766267538070678711e+00 3.318906307220458984e+00 3.199636697769165039e+00 

3.424760103225708008e+00 3.345723628997802734e+00 3.782749891281127930e+00 3.311660528182983398e+00 3.203070402145385742e+00 

