0.200000 71
   0.000000000000E+00  -1.943551799182E-01  -5.048917654803E-01  -4.547905708580E-02   0.000000000000E+00   3.646664973641E-01   3.646664973641E-01   0.000000000000E+00   2.000000000000E+00   2.000000000000E+00
   1.201000000000E+01 0.0 0.0 0.0 0.0 0.0 0.0 0.0 0.0 0.0 0.0 0.0 0.0 0.0 0.0 0.0 0.0 0.0 0.0 0.0
   0.000000000000E+00   0.000000000000E+00   0.000000000000E+00   0.000000000000E+00   0.000000000000E+00   0.000000000000E+00   0.000000000000E+00   0.000000000000E+00   0.000000000000E+00   0.000000000000E+00   0.000000000000E+00   0.000000000000E+00   0.000000000000E+00   0.000000000000E+00   0.000000000000E+00   0.000000000000E+00   0.000000000000E+00   0.000000000000E+00   0.000000000000E+00   0.000000000000E+00
   0.000000000000E+00   0.000000000000E+00   0.000000000000E+00   0.000000000000E+00   0.000000000000E+00  -8.726332509397E-01  -1.112452098518E+00   0.000000000000E+00  -1.881600594941E-01  -1.155431797639E+00   0.000000000000E+00   0.000000000000E+00   0.000000000000E+00   0.000000000000E+00   0.000000000000E+00   8.877526997191E-01   9.614154060948E-01   0.000000000000E+00  -1.306373725859E-01   9.397969144223E-01
   0.000000000000E+00   0.000000000000E+00   0.000000000000E+00   0.000000000000E+00   0.000000000000E+00  -5.762029351642E-01  -9.819845030844E-01   0.000000000000E+00  -3.754155035260E-02  -8.845949716881E-01   0.000000000000E+00   0.000000000000E+00   0.000000000000E+00   0.000000000000E+00   0.000000000000E+00   7.678185166896E-01   9.176730435904E-01   0.000000000000E+00  -2.093658122057E-01   8.956540579156E-01
   0.000000000000E+00   0.000000000000E+00   0.000000000000E+00   0.000000000000E+00   0.000000000000E+00  -3.159313303122E-01  -8.464089870959E-01   0.000000000000E+00   1.378102330774E-01  -7.803942915415E-01   0.000000000000E+00   0.000000000000E+00   0.000000000000E+00   0.000000000000E+00   0.000000000000E+00   6.272163725895E-01   8.629020946724E-01   0.000000000000E+00  -2.891697632715E-01   8.538185880913E-01
   0.000000000000E+00   0.000000000000E+00   0.000000000000E+00   0.000000000000E+00   0.000000000000E+00  -1.146335580603E-01  -7.188469675745E-01   0.000000000000E+00   2.850083114031E-01  -7.439194467367E-01   0.000000000000E+00   0.000000000000E+00   0.000000000000E+00   0.000000000000E+00   0.000000000000E+00   4.803183604296E-01   8.010790510055E-01   0.000000000000E+00  -3.623414618449E-01   8.132666784770E-01
   0.000000000000E+00   0.000000000000E+00   0.000000000000E+00   0.000000000000E+00   0.000000000000E+00   2.860807743954E-02  -6.051576060371E-01   0.000000000000E+00   3.878115473804E-01  -7.216421150345E-01   0.000000000000E+00   0.000000000000E+00   0.000000000000E+00   0.000000000000E+00   0.000000000000E+00   3.378565737886E-01   7.356274447899E-01   0.000000000000E+00  -4.233246260555E-01   7.715482517953E-01
   0.000000000000E+00   0.000000000000E+00   0.000000000000E+00   0.000000000000E+00   0.000000000000E+00   1.236107909255E-01  -5.070228108629E-01   0.000000000000E+00   4.480119231398E-01  -6.923158452926E-01   0.000000000000E+00   0.000000000000E+00   0.000000000000E+00   0.000000000000E+00   0.000000000000E+00   2.069475980104E-01   6.692847678345E-01   0.000000000000E+00  -4.691702390902E-01   7.269308857471E-01
   0.000000000000E+00   0.000000000000E+00   0.000000000000E+00   0.000000000000E+00   0.000000000000E+00   1.818939246950E-01  -4.239331697015E-01   0.000000000000E+00   4.739114036628E-01  -6.512084014114E-01   0.000000000000E+00   0.000000000000E+00   0.000000000000E+00   0.000000000000E+00   0.000000000000E+00   9.166080897085E-02   6.041116184821E-01   0.000000000000E+00  -4.991484730660E-01   6.788828165123E-01
   0.000000000000E+00   0.000000000000E+00   0.000000000000E+00   0.000000000000E+00   0.000000000000E+00   2.140013127963E-01  -3.543608249091E-01   0.000000000000E+00   4.749614500137E-01  -6.004641408175E-01   0.000000000000E+00   0.000000000000E+00   0.000000000000E+00   0.000000000000E+00   0.000000000000E+00  -6.252208608862E-03   5.415693446020E-01   0.000000000000E+00  -5.141059480779E-01   6.278670192705E-01
   0.000000000000E+00   0.000000000000E+00   0.000000000000E+00   0.000000000000E+00   0.000000000000E+00   2.283647768650E-01  -2.964346497058E-01   0.000000000000E+00   4.594358088698E-01  -5.441569608763E-01   0.000000000000E+00   0.000000000000E+00   0.000000000000E+00   0.000000000000E+00   0.000000000000E+00  -8.666150930206E-02   4.826234496349E-01   0.000000000000E+00  -5.158409700089E-01   5.749480889282E-01
   0.000000000000E+00   0.000000000000E+00   0.000000000000E+00   0.000000000000E+00   0.000000000000E+00   2.311501790369E-01  -2.483013214363E-01   0.000000000000E+00   4.337059734546E-01  -4.861140783869E-01   0.000000000000E+00   0.000000000000E+00   0.000000000000E+00   0.000000000000E+00   0.000000000000E+00  -1.504794321754E-01   4.278489129060E-01   0.000000000000E+00  -5.066038527242E-01   5.214300319915E-01
   0.000000000000E+00   0.000000000000E+00   0.000000000000E+00   0.000000000000E+00   0.000000000000E+00   2.266228210158E-01  -2.082931344638E-01   0.000000000000E+00   4.023290341979E-01  -4.292234676372E-01   0.000000000000E+00   0.000000000000E+00   0.000000000000E+00   0.000000000000E+00   0.000000000000E+00  -1.992185791018E-01   3.775254098984E-01   0.000000000000E+00  -4.887443393924E-01   4.685964846327E-01
   0.000000000000E+00   0.000000000000E+00   0.000000000000E+00   0.000000000000E+00   0.000000000000E+00   2.176292217981E-01  -1.749842461757E-01   0.000000000000E+00   3.684097671564E-01  -3.753910954130E-01   0.000000000000E+00   0.000000000000E+00   0.000000000000E+00   0.000000000000E+00   0.000000000000E+00  -2.346764837790E-01   3.317175906097E-01   0.000000000000E+00  -4.644891019590E-01   4.175569944110E-01
   0.000000000000E+00   0.000000000000E+00   0.000000000000E+00   0.000000000000E+00   0.000000000000E+00   2.060284902321E-01  -1.471895976222E-01   0.000000000000E+00   3.339885001267E-01  -3.257229890452E-01   0.000000000000E+00   0.000000000000E+00   0.000000000000E+00   0.000000000000E+00   0.000000000000E+00  -2.587242670025E-01   2.903396143131E-01   0.000000000000E+00  -4.358192224410E-01   3.691772364215E-01
   0.000000000000E+00   0.000000000000E+00   0.000000000000E+00   0.000000000000E+00   0.000000000000E+00   1.930238664046E-01  -1.239387693155E-01   0.000000000000E+00   3.003639271367E-01  -2.807448115143E-01   0.000000000000E+00   0.000000000000E+00   0.000000000000E+00   0.000000000000E+00   0.000000000000E+00  -2.731745363786E-01   2.532051853359E-01   0.000000000000E+00  -4.044175019670E-01   3.240660070807E-01
   0.000000000000E+00   0.000000000000E+00   0.000000000000E+00   0.000000000000E+00   0.000000000000E+00   1.793948138561E-01  -1.044422047787E-01   0.000000000000E+00   2.683321818015E-01  -2.405899746306E-01   0.000000000000E+00   0.000000000000E+00   0.000000000000E+00   0.000000000000E+00   0.000000000000E+00  -2.797062775938E-01   2.200651948143E-01   0.000000000000E+00  -3.716606357290E-01   2.825955727910E-01
   0.000000000000E+00   0.000000000000E+00   0.000000000000E+00   0.000000000000E+00   0.000000000000E+00   1.656494056872E-01  -8.805825012776E-02   0.000000000000E+00   2.383529880235E-01  -2.051410341872E-01   0.000000000000E+00   0.000000000000E+00   0.000000000000E+00   0.000000000000E+00   0.000000000000E+00  -2.798285777703E-01   1.906352748556E-01   0.000000000000E+00  -3.386376557883E-01   2.449382220964E-01
   0.000000000000E+00   0.000000000000E+00   0.000000000000E+00   0.000000000000E+00   0.000000000000E+00   1.521207524554E-01  -7.426440432921E-02   0.000000000000E+00   2.106617969521E-01  -1.741295139422E-01   0.000000000000E+00   0.000000000000E+00   0.000000000000E+00   0.000000000000E+00   0.000000000000E+00  -2.748693035992E-01   1.646154353254E-01   0.000000000000E+00  -3.061817803347E-01   2.111078375700E-01
   0.000000000000E+00   0.000000000000E+00   0.000000000000E+00   0.000000000000E+00   0.000000000000E+00   1.390273345888E-01  -6.263358808157E-02   0.000000000000E+00   1.853450145239E-01  -1.472041038498E-01   0.000000000000E+00   0.000000000000E+00   0.000000000000E+00   0.000000000000E+00   0.000000000000E+00  -2.659786975010E-01   1.417036663483E-01   0.000000000000E+00  -2.749073368863E-01   1.809999641023E-01
   0.000000000000E+00   0.000000000000E+00   0.000000000000E+00   0.000000000000E+00   0.000000000000E+00   1.265109851336E-01  -5.281509584230E-02   0.000000000000E+00   1.623907601610E-01  -1.239762200830E-01   0.000000000000E+00   0.000000000000E+00   0.000000000000E+00   0.000000000000E+00   0.000000000000E+00  -2.541410153764E-01   1.216050561791E-01   0.000000000000E+00  -2.452467293379E-01   1.544270875214E-01
   0.000000000000E+00   0.000000000000E+00   0.000000000000E+00   0.000000000000E+00   0.000000000000E+00   1.146611478538E-01  -4.451951111974E-02   0.000000000000E+00   1.417234208059E-01  -1.040497366073E-01   0.000000000000E+00   0.000000000000E+00   0.000000000000E+00   0.000000000000E+00   0.000000000000E+00  -2.401897678404E-01   1.040376503494E-01   0.000000000000E+00  -2.174846880877E-01   1.311478885670E-01
   0.000000000000E+00   0.000000000000E+00   0.000000000000E+00   0.000000000000E+00   0.000000000000E+00   1.035306423915E-01  -3.750682244994E-02   0.000000000000E+00   1.232273570198E-01  -8.703976920707E-02   0.000000000000E+00   0.000000000000E+00   0.000000000000E+00   0.000000000000E+00   0.000000000000E+00  -2.248239015353E-01   8.873599127911E-02   0.000000000000E+00  -1.917885196362E-01   1.108904228023E-01
   0.000000000000E+00   0.000000000000E+00   0.000000000000E+00   0.000000000000E+00   0.000000000000E+00   9.314611494275E-02  -3.157706487760E-02   0.000000000000E+00   1.067632533576E-01  -7.258395243825E-02   0.000000000000E+00   0.000000000000E+00   0.000000000000E+00   0.000000000000E+00   0.000000000000E+00  -2.086234739208E-01   7.545303840783E-02   0.000000000000E+00  -1.682339780545E-01   9.336978561242E-02
   0.000000000000E+00   0.000000000000E+00   0.000000000000E+00   0.000000000000E+00   0.000000000000E+00   8.351512994446E-02  -2.656293111557E-02   0.000000000000E+00   9.217942244658E-02  -6.034862024952E-02   0.000000000000E+00   0.000000000000E+00   0.000000000000E+00   0.000000000000E+00   0.000000000000E+00  -1.920641549854E-01   6.396097826988E-02   0.000000000000E+00  -1.468268950313E-01   7.830107346208E-02
   0.000000000000E+00   0.000000000000E+00   0.000000000000E+00   0.000000000000E+00   0.000000000000E+00   7.463111895422E-02  -2.232391163459E-02   0.000000000000E+00   7.931961161989E-02  -5.003157335096E-02   0.000000000000E+00   0.000000000000E+00   0.000000000000E+00   0.000000000000E+00   0.000000000000E+00  -1.755303492436E-01   5.405128749606E-02   0.000000000000E+00  -1.275209637310E-01   6.540850081075E-02
   0.000000000000E+00   0.000000000000E+00   0.000000000000E+00   0.000000000000E+00   0.000000000000E+00   6.647694774972E-02  -1.874162048319E-02   0.000000000000E+00   6.802836351809E-02  -4.136260446412E-02   0.000000000000E+00   0.000000000000E+00   0.000000000000E+00   0.000000000000E+00   0.000000000000E+00  -1.593269719568E-01   4.553430279785E-02   0.000000000000E+00  -1.102321721816E-01   5.443147487041E-02
   0.000000000000E+00   0.000000000000E+00   0.000000000000E+00   0.000000000000E+00   0.000000000000E+00   5.902757917694E-02  -1.571604232370E-02   0.000000000000E+00   5.815465199356E-02  -3.410259342241E-02   0.000000000000E+00   0.000000000000E+00   0.000000000000E+00   0.000000000000E+00   0.000000000000E+00  -1.436900148795E-01   3.823847325280E-02   0.000000000000E+00  -9.485039151389E-02   4.512832712611E-02
   0.000000000000E+00   0.000000000000E+00   0.000000000000E+00   0.000000000000E+00   0.000000000000E+00   5.225213169159E-02  -1.316249781633E-02   0.000000000000E+00   4.955429290643E-02  -2.804173242102E-02   0.000000000000E+00   0.000000000000E+00   0.000000000000E+00   0.000000000000E+00   0.000000000000E+00  -1.287960580676E-01   3.200941473843E-02   0.000000000000E+00  -8.124858703562E-02   3.727828472231E-02
   0.000000000000E+00   0.000000000000E+00   0.000000000000E+00   0.000000000000E+00   0.000000000000E+00   4.611552200019E-02  -1.100917188960E-02   0.000000000000E+00   4.209147878360E-02  -2.299726533988E-02   0.000000000000E+00   0.000000000000E+00   0.000000000000E+00   0.000000000000E+00   0.000000000000E+00  -1.147708658778E-01   2.670884814973E-02   0.000000000000E+00  -6.929006303426E-02   3.068215378216E-02
   0.000000000000E+00   0.000000000000E+00   0.000000000000E+00   0.000000000000E+00   0.000000000000E+00   4.057980991797E-02  -9.195085716738E-03   0.000000000000E+00   3.563968302576E-02  -1.881100135783E-02   0.000000000000E+00   0.000000000000E+00   0.000000000000E+00   0.000000000000E+00   0.000000000000E+00  -1.016971727073E-01   2.221347718990E-02   0.000000000000E+00  -5.883409101140E-02   2.516208825703E-02
   0.000000000000E+00   0.000000000000E+00   0.000000000000E+00   0.000000000000E+00   0.000000000000E+00   3.560531917577E-02  -7.668420845410E-03   0.000000000000E+00   3.008210800728E-02  -1.534677627810E-02   0.000000000000E+00   0.000000000000E+00   0.000000000000E+00   0.000000000000E+00   0.000000000000E+00  -8.962173166380E-02   1.841384425662E-02   0.000000000000E+00  -4.974021383252E-02   2.056073448782E-02
   0.000000000000E+00   0.000000000000E+00   0.000000000000E+00   0.000000000000E+00   0.000000000000E+00   3.115157979894E-02  -6.385124869548E-03   0.000000000000E+00   2.531180186565E-02  -1.248797410629E-02   0.000000000000E+00   0.000000000000E+00   0.000000000000E+00   0.000000000000E+00   0.000000000000E+00  -7.856167398589E-02   1.521319144706E-02   0.000000000000E+00  -4.187146844446E-02   1.673997305508E-02
   0.000000000000E+00   0.000000000000E+00   0.000000000000E+00   0.000000000000E+00   0.000000000000E+00   2.717812002668E-02  -5.307744006965E-03   0.000000000000E+00   2.123153429677E-02  -1.013517886644E-02   0.000000000000E+00   0.000000000000E+00   0.000000000000E+00   0.000000000000E+00   0.000000000000E+00  -6.851021066659E-02   1.252634597567E-02   0.000000000000E+00  -3.509672811191E-02   1.357942422515E-02
   0.000000000000E+00   0.000000000000E+00   0.000000000000E+00   0.000000000000E+00   0.000000000000E+00   2.364512495164E-02  -4.404440148645E-03   0.000000000000E+00   1.775349766400E-02  -8.203997078730E-03   0.000000000000E+00   0.000000000000E+00   0.000000000000E+00   0.000000000000E+00   0.000000000000E+00  -5.944169970524E-02   1.027864397015E-02   0.000000000000E+00  -2.929233094270E-02   1.097483945736E-02
   0.000000000000E+00   0.000000000000E+00   0.000000000000E+00   0.000000000000E+00   0.000000000000E+00   2.051397290188E-02  -3.648159202566E-03   0.000000000000E+00   1.479888300492E-02  -6.623070991821E-03   0.000000000000E+00   0.000000000000E+00   0.000000000000E+00   0.000000000000E+00   0.000000000000E+00  -5.131610084284E-02   8.404902785051E-03   0.000000000000E+00  -2.434313364925E-02   8.836467101379E-03
   0.000000000000E+00   0.000000000000E+00   0.000000000000E+00   0.000000000000E+00   0.000000000000E+00   1.774765770369E-02  -3.015924655460E-03   0.000000000000E+00   1.229736885624E-02  -5.332288927432E-03   0.000000000000E+00   0.000000000000E+00   0.000000000000E+00   0.000000000000E+00   0.000000000000E+00  -4.408284231609E-02   6.848449082103E-03   0.000000000000E+00  -2.014310677149E-02   7.087453835679E-03
   0.000000000000E+00   0.000000000000E+00   0.000000000000E+00   0.000000000000E+00   0.000000000000E+00   1.531110425346E-02  -2.488235747660E-03   0.000000000000E+00   1.018655261523E-02  -4.281190012298E-03   0.000000000000E+00   0.000000000000E+00   0.000000000000E+00   0.000000000000E+00   0.000000000000E+00  -3.768412907763E-02   5.560207632552E-03   0.000000000000E+00  -1.659556883686E-02   5.662323063484E-03
   0.000000000000E+00   0.000000000000E+00   0.000000000000E+00   0.000000000000E+00   0.000000000000E+00   1.317138605836E-02  -2.048553724281E-03   0.000000000000E+00   8.411348386661E-03  -3.427554854296E-03   0.000000000000E+00   0.000000000000E+00   0.000000000000E+00   0.000000000000E+00   0.000000000000E+00  -3.205772747134E-02   4.497853905849E-03   0.000000000000E+00  -1.361314124255E-02   4.505556125158E-03
   0.000000000000E+00   0.000000000000E+00   0.000000000000E+00   0.000000000000E+00   0.000000000000E+00   1.129785302418E-02  -1.682862828211E-03   0.000000000000E+00   6.923370154183E-03  -2.736169973029E-03   0.000000000000E+00   0.000000000000E+00   0.000000000000E+00   0.000000000000E+00   0.000000000000E+00  -2.713926639982E-02   3.625031916375E-03   0.000000000000E+00  -1.111749232331E-02   3.570290760499E-03
   0.000000000000E+00   0.000000000000E+00   0.000000000000E+00   0.000000000000E+00   0.000000000000E+00   9.662185827275E-03  -1.379295086240E-03   0.000000000000E+00   5.680317827988E-03  -2.177752692843E-03   0.000000000000E+00   0.000000000000E+00   0.000000000000E+00   0.000000000000E+00   0.000000000000E+00  -2.286409889390E-02   2.910637453517E-03   0.000000000000E+00  -9.038927620087E-03   2.817142911546E-03
   0.000000000000E+00   0.000000000000E+00   0.000000000000E+00   0.000000000000E+00   0.000000000000E+00   8.238383157552E-03  -1.127809709371E-03   0.000000000000E+00   4.645376580127E-03  -1.728020883790E-03   0.000000000000E+00   0.000000000000E+00   0.000000000000E+00   0.000000000000E+00   0.000000000000E+00  -1.916877037113E-02   2.328165692728E-03   0.000000000000E+00  -7.315873444652E-03   2.213152009904E-03
   0.000000000000E+00   0.000000000000E+00   0.000000000000E+00   0.000000000000E+00   0.000000000000E+00   7.002695198237E-03  -9.199194278895E-04   0.000000000000E+00   3.786639712335E-03  -1.366892812994E-03   0.000000000000E+00   0.000000000000E+00   0.000000000000E+00   0.000000000000E+00   0.000000000000E+00  -1.599214069538E-02   1.855121261260E-03   0.000000000000E+00  -5.894292208563E-03   1.730845791776E-03
   0.000000000000E+00   0.000000000000E+00   0.000000000000E+00   0.000000000000E+00   0.000000000000E+00   5.933507820826E-03  -7.484572332213E-04   0.000000000000E+00   3.076560019220E-03  -1.077801853511E-03   0.000000000000E+00   0.000000000000E+00   0.000000000000E+00   0.000000000000E+00   0.000000000000E+00  -1.327620654334E-02   1.472488099423E-03   0.000000000000E+00  -4.727060486478E-03   1.347417989307E-03
   0.000000000000E+00   0.000000000000E+00   0.000000000000E+00   0.000000000000E+00   0.000000000000E+00   5.011350155507E-03  -6.073776124036E-04   0.000000000000E+00   2.491483892280E-03  -8.471272470250E-04   0.000000000000E+00   0.000000000000E+00   0.000000000000E+00   0.000000000000E+00   0.000000000000E+00  -1.096666877057E-02   1.164255903428E-03   0.000000000000E+00  -3.773334296243E-03   1.044010610197E-03
   0.000000000000E+00   0.000000000000E+00   0.000000000000E+00   0.000000000000E+00   0.000000000000E+00   4.218671712260E-03  -4.915865422827E-04   0.000000000000E+00   2.011155946089E-03  -6.636914955365E-04   0.000000000000E+00   0.000000000000E+00   0.000000000000E+00   0.000000000000E+00   0.000000000000E+00  -9.013286716871E-03   9.169995430424E-04   0.000000000000E+00  -2.997920506712E-03   8.050916634849E-04
   0.000000000000E+00   0.000000000000E+00   0.000000000000E+00   0.000000000000E+00   0.000000000000E+00   3.539309012108E-03  -3.967980008862E-04   0.000000000000E+00   1.618182122828E-03  -5.183126419523E-04   0.000000000000E+00   0.000000000000E+00   0.000000000000E+00   0.000000000000E+00   0.000000000000E+00  -7.370057974564E-03   7.195075991051E-04   0.000000000000E+00  -2.370668548410E-03   6.179189030843E-04
   0.000000000000E+00   0.000000000000E+00   0.000000000000E+00   0.000000000000E+00   0.000000000000E+00   2.958846505595E-03  -3.194126911873E-04   0.000000000000E+00   1.297800777397E-03  -4.035023844127E-04   0.000000000000E+00   0.000000000000E+00   0.000000000000E+00   0.000000000000E+00   0.000000000000E+00  -5.995258317226E-03   5.624560425662E-04   0.000000000000E+00  -1.865892625949E-03   4.720802747028E-04
   0.000000000000E+00   0.000000000000E+00   0.000000000000E+00   0.000000000000E+00   0.000000000000E+00   2.464871685897E-03  -2.564126042870E-04   0.000000000000E+00   1.037641128107E-03  -3.131996877896E-04   0.000000000000E+00   0.000000000000E+00   0.000000000000E+00   0.000000000000E+00   0.000000000000E+00  -4.851372472220E-03   4.381230585881E-04   0.000000000000E+00  -1.461831340349E-03   3.591021379010E-04
   0.000000000000E+00   0.000000000000E+00   0.000000000000E+00   0.000000000000E+00   0.000000000000E+00   2.046259939407E-03  -2.052711019463E-04   0.000000000000E+00   8.272446715545E-04  -2.424757546999E-04   0.000000000000E+00   0.000000000000E+00   0.000000000000E+00   0.000000000000E+00   0.000000000000E+00  -3.904942396831E-03   3.401410867389E-04   0.000000000000E+00  -1.140148951209E-03   2.721168956711E-04
   0.000000000000E+00   0.000000000000E+00   0.000000000000E+00   0.000000000000E+00   0.000000000000E+00   1.692769675295E-03  -1.638780237457E-04   0.000000000000E+00   6.577246469590E-04  -1.873137463045E-04   0.000000000000E+00   0.000000000000E+00   0.000000000000E+00   0.000000000000E+00   0.000000000000E+00  -3.126355824893E-03   2.632822829259E-04   0.000000000000E+00  -8.854803704846E-04   2.055823259981E-04
   0.000000000000E+00   0.000000000000E+00   0.000000000000E+00   0.000000000000E+00   0.000000000000E+00   1.395266129326E-03  -1.304758906098E-04   0.000000000000E+00   5.216249005103E-04  -1.444676220233E-04   0.000000000000E+00   0.000000000000E+00   0.000000000000E+00   0.000000000000E+00   0.000000000000E+00  -2.489594188030E-03   2.032737939250E-04   0.000000000000E+00  -6.850203111022E-04   1.550456198312E-04
   0.000000000000E+00   0.000000000000E+00   0.000000000000E+00   0.000000000000E+00   0.000000000000E+00   1.145827326251E-03  -1.036047172648E-04   0.000000000000E+00   4.127636455629E-04  -1.113350316961E-04   0.000000000000E+00   0.000000000000E+00   0.000000000000E+00   0.000000000000E+00   0.000000000000E+00  -1.971955650312E-03   1.566394560175E-04   0.000000000000E+00  -5.281557477770E-04   1.169458490591E-04
   0.000000000000E+00   0.000000000000E+00   0.000000000000E+00   0.000000000000E+00   0.000000000000E+00   9.375753603840E-04  -8.205479634796E-05   0.000000000000E+00   3.260282883076E-04  -8.583439052624E-05   0.000000000000E+00   0.000000000000E+00   0.000000000000E+00   0.000000000000E+00   0.000000000000E+00  -1.553765966414E-03   1.205647729670E-04   0.000000000000E+00  -4.061399212470E-04   8.844928985600E-05
   0.000000000000E+00   0.000000000000E+00   0.000000000000E+00   0.000000000000E+00   0.000000000000E+00   7.644635178747E-04  -6.482658372706E-05   0.000000000000E+00   2.571849195681E-04  -6.630094584282E-05   0.000000000000E+00   0.000000000000E+00   0.000000000000E+00   0.000000000000E+00   0.000000000000E+00  -1.218087197150E-03   9.278228435665E-05   0.000000000000E+00  -3.118054727612E-04   6.731269299188E-05
   0.000000000000E+00   0.000000000000E+00   0.000000000000E+00   0.000000000000E+00   0.000000000000E+00   6.211389780211E-04  -5.109654938908E-05   0.000000000000E+00   2.027291564129E-04  -5.140543641325E-05   0.000000000000E+00   0.000000000000E+00   0.000000000000E+00   0.000000000000E+00   0.000000000000E+00  -9.504319923250E-04   7.147469473662E-05   0.000000000000E+00  -2.393138811500E-04   5.177021252426E-05
   0.000000000000E+00   0.000000000000E+00   0.000000000000E+00   0.000000000000E+00   0.000000000000E+00   5.029139764815E-04  -4.018820939328E-05   0.000000000000E+00   1.597804401881E-04  -4.009266279487E-05   0.000000000000E+00   0.000000000000E+00   0.000000000000E+00   0.000000000000E+00   0.000000000000E+00  -7.384891662510E-04   5.519339026122E-05   0.000000000000E+00  -1.839381440846E-04   4.044027157077E-05
   0.000000000000E+00   0.000000000000E+00   0.000000000000E+00   0.000000000000E+00   0.000000000000E+00   4.057811454297E-04  -3.154776292604E-05   0.000000000000E+00   1.259997821874E-04  -3.153277293700E-05   0.000000000000E+00   0.000000000000E+00   0.000000000000E+00   0.000000000000E+00   0.000000000000E+00  -5.718646237803E-04   4.279021719439E-05   0.000000000000E+00  -1.418755578858E-04   3.224915616689E-05
   0.000000000000E+00   0.000000000000E+00   0.000000000000E+00   0.000000000000E+00   0.000000000000E+00   3.261435372771E-04  -2.472336239361E-05   0.000000000000E+00   9.945700022124E-05  -2.506760379158E-05   0.000000000000E+00   0.000000000000E+00   0.000000000000E+00   0.000000000000E+00   0.000000000000E+00  -4.418403176015E-04   3.336063213108E-05   0.000000000000E+00  -1.100874722596E-04   2.636858572958E-05
   0.000000000000E+00   0.000000000000E+00   0.000000000000E+00   0.000000000000E+00   0.000000000000E+00   2.609811671115E-04  -1.934784942860E-05   0.000000000000E+00   7.860751764602E-05  -2.018670374666E-05   0.000000000000E+00   0.000000000000E+00   0.000000000000E+00   0.000000000000E+00   0.000000000000E+00  -3.411528007068E-04   2.619655449477E-05   0.000000000000E+00  -8.616299890798E-05   2.216491347062E-05
   0.000000000000E+00   0.000000000000E+00   0.000000000000E+00   0.000000000000E+00   0.000000000000E+00   2.086009611658E-04  -1.512577739768E-05   0.000000000000E+00   6.239313973708E-05  -1.653174524493E-05   0.000000000000E+00   0.000000000000E+00   0.000000000000E+00   0.000000000000E+00   0.000000000000E+00  -2.637920503613E-04   2.074745606451E-05   0.000000000000E+00  -6.820381193648E-05   1.915796518059E-05
   0.000000000000E+00   0.000000000000E+00   0.000000000000E+00   0.000000000000E+00   0.000000000000E+00   1.663622767595E-04  -1.181771203588E-05   0.000000000000E+00   4.972051719085E-05  -1.377461611030E-05   0.000000000000E+00   0.000000000000E+00   0.000000000000E+00   0.000000000000E+00   0.000000000000E+00  -2.048205508916E-04   1.658840926221E-05   0.000000000000E+00  -5.472737425184E-05   1.698783407261E-05
   0.000000000000E+00   0.000000000000E+00   0.000000000000E+00   0.000000000000E+00   0.000000000000E+00   1.322189304651E-04  -9.230208927164E-06   0.000000000000E+00   3.975940791249E-05  -1.167253235044E-05   0.000000000000E+00   0.000000000000E+00   0.000000000000E+00   0.000000000000E+00   0.000000000000E+00  -1.602121031497E-04   1.339398546315E-05   0.000000000000E+00  -4.458614202244E-05   1.538821688947E-05
   0.000000000000E+00   0.000000000000E+00   0.000000000000E+00   0.000000000000E+00   0.000000000000E+00   1.050121033061E-04  -7.209197741535E-06   0.000000000000E+00   3.196377552575E-05  -1.006274243464E-05   0.000000000000E+00   0.000000000000E+00   0.000000000000E+00   0.000000000000E+00   0.000000000000E+00  -1.267094516288E-04   1.091704703345E-05   0.000000000000E+00  -3.690052712457E-05   1.416510659699E-05
   0.000000000000E+00   0.000000000000E+00   0.000000000000E+00   0.000000000000E+00   0.000000000000E+00   8.317294146554E-05  -5.631936095863E-06   0.000000000000E+00   2.578969411048E-05  -8.800356717352E-06   0.000000000000E+00   0.000000000000E+00   0.000000000000E+00   0.000000000000E+00   0.000000000000E+00  -1.016995606795E-04   8.971612640834E-06   0.000000000000E+00  -3.100362563456E-05   1.317985368540E-05
   0.000000000000E+00   0.000000000000E+00   0.000000000000E+00   0.000000000000E+00   0.000000000000E+00   6.607532627344E-05  -4.401761710744E-06   0.000000000000E+00   2.093987740735E-05  -7.801378124416E-06   0.000000000000E+00   0.000000000000E+00   0.000000000000E+00   0.000000000000E+00   0.000000000000E+00  -8.310520803096E-05   7.419095778958E-06   0.000000000000E+00  -2.639594275240E-05   1.233577555292E-05
   0.000000000000E+00   0.000000000000E+00   0.000000000000E+00   0.000000000000E+00   0.000000000000E+00   5.247945603029E-05  -3.441393926121E-06   0.000000000000E+00   1.705105871822E-05  -6.979340267643E-06   0.000000000000E+00   0.000000000000E+00   0.000000000000E+00   0.000000000000E+00   0.000000000000E+00  -6.929147648028E-05   6.157322147610E-06   0.000000000000E+00  -2.270855572410E-05   1.156763514593E-05
   0.000000000000E+00   0.000000000000E+00   0.000000000000E+00   0.000000000000E+00   0.000000000000E+00   4.172319352151E-05  -2.690311371158E-06   0.000000000000E+00   1.390833546421E-05  -6.283284940935E-06   0.000000000000E+00   0.000000000000E+00   0.000000000000E+00   0.000000000000E+00   0.000000000000E+00  -5.898569750676E-05   5.111824031933E-06   0.000000000000E+00  -1.967335381260E-05   1.083342955476E-05
   0.000000000000E+00   0.000000000000E+00   0.000000000000E+00   0.000000000000E+00   0.000000000000E+00   3.331282741301E-05  -2.101274130704E-06   0.000000000000E+00   1.135562531187E-05  -5.678266100442E-06   0.000000000000E+00   0.000000000000E+00   0.000000000000E+00   0.000000000000E+00   0.000000000000E+00  -5.120941857377E-05   4.228989987640E-06   0.000000000000E+00  -1.709917573662E-05   1.010802949712E-05
   0.000000000000E+00   0.000000000000E+00   0.000000000000E+00   0.000000000000E+00   0.000000000000E+00   2.672738079151E-05  -1.637681936961E-06   0.000000000000E+00   9.253681081264E-06  -5.136293135538E-06   0.000000000000E+00   0.000000000000E+00   0.000000000000E+00   0.000000000000E+00   0.000000000000E+00  -4.522101754294E-05   3.470717400494E-06   0.000000000000E+00  -1.485282972493E-05   9.378294426127E-06
   0.000000000000E+00   0.000000000000E+00   0.000000000000E+00   0.000000000000E+00   0.000000000000E+00   2.156411629256E-05  -1.270915664868E-06   0.000000000000E+00   7.500594650812E-06  -4.638813658737E-06   0.000000000000E+00   0.000000000000E+00   0.000000000000E+00   0.000000000000E+00   0.000000000000E+00  -4.046766304920E-05   2.810274955144E-06   0.000000000000E+00  -1.284412924529E-05   8.639357770884E-06
   0.000000000000E+00   0.000000000000E+00   0.000000000000E+00   0.000000000000E+00   0.000000000000E+00   1.750246080833E-05  -9.790102555075E-07   0.000000000000E+00   6.020466498983E-06  -4.173700665090E-06   0.000000000000E+00   0.000000000000E+00   0.000000000000E+00   0.000000000000E+00   0.000000000000E+00  -3.654541037644E-05   2.229132699104E-06   0.000000000000E+00  -1.101420863329E-05   7.891834603218E-06


Spline
12 0.0553585
112.9353346817185 2.801373701455403 -0.1119994835253462
0.035 0.0375    0.204206 -35.71077211012958 2016.504000000031 24177.93762071238
0.0375 0.04    0.12791 -25.17491577974109 2197.838532155373 -120889.6881035729
0.04 0.0425    0.07682029999999999 -16.45240477090621 1291.165871378576 -57585.58520643491
0.0425 0.045    0.0428593 -11.07630513663398 859.2739823303137 16659.22892930921
0.045 0.04533    0.0207993 -6.467574682557872 984.2181993001326 -2167173.572075024
0.04533 0.045334    0.0186943 -6.526006277016704 -1161.283637054166 353213222.4907721
0.045334 0.046259    0.0186682 -6.518342311433599 3077.275032831984 -1324559.571220061
0.046259 0.047184    0.0142234 -4.225362350069925 -598.3777773036936 561811.1110751317
0.047184 0.0493131    0.0102476 -3.890262342340788 960.6480559297889 -100763.5210502349
0.0493131 0.0503195    0.00534702 -1.169934109375229 317.0412179256228 -143026.9144497911
0.0503195 0.0513259    0.00434492 -0.9663840979460291 -114.7856421811885 10348.58893883691
0.0513259 0.0553585    0.00326664 -1.165980214261954 -83.5411824570522 -5782.515169399558 27636944.82683195 -3877959552.095367

This SPLINE is just a DUMMY-SPLINE!!!!!!!!!!!!!!!

