0.200000 41
   0.000000000000E+00 0.0 0.0 0.0 0.0 0.0 0.0 0.0 0.0 0.0 0.0 0.0 0.0 0.0 0.0 0.0 0.0 0.0 0.0 0.0
   0.000000000000E+00   0.000000000000E+00   0.000000000000E+00   0.000000000000E+00   0.000000000000E+00   0.000000000000E+00   0.000000000000E+00   0.000000000000E+00   0.000000000000E+00   0.000000000000E+00   0.000000000000E+00   0.000000000000E+00   0.000000000000E+00   0.000000000000E+00   0.000000000000E+00   0.000000000000E+00   0.000000000000E+00   0.000000000000E+00   0.000000000000E+00   0.000000000000E+00
   0.000000000000E+00   0.000000000000E+00   0.000000000000E+00   0.000000000000E+00   0.000000000000E+00   0.000000000000E+00   0.000000000000E+00   0.000000000000E+00   0.000000000000E+00  -2.948235012371E-01   0.000000000000E+00   0.000000000000E+00   0.000000000000E+00   0.000000000000E+00   0.000000000000E+00   0.000000000000E+00   0.000000000000E+00   0.000000000000E+00   0.000000000000E+00   8.566220861334E-01
   0.000000000000E+00   0.000000000000E+00   0.000000000000E+00   0.000000000000E+00   0.000000000000E+00   0.000000000000E+00   0.000000000000E+00   0.000000000000E+00   0.000000000000E+00  -3.641689523772E-01   0.000000000000E+00   0.000000000000E+00   0.000000000000E+00   0.000000000000E+00   0.000000000000E+00   0.000000000000E+00   0.000000000000E+00   0.000000000000E+00   0.000000000000E+00   8.317248658521E-01
   0.000000000000E+00   0.000000000000E+00   0.000000000000E+00   0.000000000000E+00   0.000000000000E+00   0.000000000000E+00   0.000000000000E+00   0.000000000000E+00   0.000000000000E+00  -3.948283963273E-01   0.000000000000E+00   0.000000000000E+00   0.000000000000E+00   0.000000000000E+00   0.000000000000E+00   0.000000000000E+00   0.000000000000E+00   0.000000000000E+00   0.000000000000E+00   7.930829595215E-01
   0.000000000000E+00   0.000000000000E+00   0.000000000000E+00   0.000000000000E+00   0.000000000000E+00   0.000000000000E+00   0.000000000000E+00   0.000000000000E+00   0.000000000000E+00  -3.967734805117E-01   0.000000000000E+00   0.000000000000E+00   0.000000000000E+00   0.000000000000E+00   0.000000000000E+00   0.000000000000E+00   0.000000000000E+00   0.000000000000E+00   0.000000000000E+00   7.417681282484E-01
   0.000000000000E+00   0.000000000000E+00   0.000000000000E+00   0.000000000000E+00   0.000000000000E+00   0.000000000000E+00   0.000000000000E+00   0.000000000000E+00   0.000000000000E+00  -3.806707418461E-01   0.000000000000E+00   0.000000000000E+00   0.000000000000E+00   0.000000000000E+00   0.000000000000E+00   0.000000000000E+00   0.000000000000E+00   0.000000000000E+00   0.000000000000E+00   6.801987525992E-01
   0.000000000000E+00   0.000000000000E+00   0.000000000000E+00   0.000000000000E+00   0.000000000000E+00   0.000000000000E+00   0.000000000000E+00   0.000000000000E+00   0.000000000000E+00  -3.544657696972E-01   0.000000000000E+00   0.000000000000E+00   0.000000000000E+00   0.000000000000E+00   0.000000000000E+00   0.000000000000E+00   0.000000000000E+00   0.000000000000E+00   0.000000000000E+00   6.114961045543E-01
   0.000000000000E+00   0.000000000000E+00   0.000000000000E+00   0.000000000000E+00   0.000000000000E+00   0.000000000000E+00   0.000000000000E+00   0.000000000000E+00   0.000000000000E+00  -3.233023216605E-01   0.000000000000E+00   0.000000000000E+00   0.000000000000E+00   0.000000000000E+00   0.000000000000E+00   0.000000000000E+00   0.000000000000E+00   0.000000000000E+00   0.000000000000E+00   5.390068086474E-01
   0.000000000000E+00   0.000000000000E+00   0.000000000000E+00   0.000000000000E+00   0.000000000000E+00   0.000000000000E+00   0.000000000000E+00   0.000000000000E+00   0.000000000000E+00  -2.902737721486E-01   0.000000000000E+00   0.000000000000E+00   0.000000000000E+00   0.000000000000E+00   0.000000000000E+00   0.000000000000E+00   0.000000000000E+00   0.000000000000E+00   0.000000000000E+00   4.659400626327E-01
   0.000000000000E+00   0.000000000000E+00   0.000000000000E+00   0.000000000000E+00   0.000000000000E+00   0.000000000000E+00   0.000000000000E+00   0.000000000000E+00   0.000000000000E+00  -2.571776576950E-01   0.000000000000E+00   0.000000000000E+00   0.000000000000E+00   0.000000000000E+00   0.000000000000E+00   0.000000000000E+00   0.000000000000E+00   0.000000000000E+00   0.000000000000E+00   3.951023803971E-01
   0.000000000000E+00   0.000000000000E+00   0.000000000000E+00   0.000000000000E+00   0.000000000000E+00   0.000000000000E+00   0.000000000000E+00   0.000000000000E+00   0.000000000000E+00  -2.250609226192E-01   0.000000000000E+00   0.000000000000E+00   0.000000000000E+00   0.000000000000E+00   0.000000000000E+00   0.000000000000E+00   0.000000000000E+00   0.000000000000E+00   0.000000000000E+00   3.287300713338E-01
   0.000000000000E+00   0.000000000000E+00   0.000000000000E+00   0.000000000000E+00   0.000000000000E+00   0.000000000000E+00   0.000000000000E+00   0.000000000000E+00   0.000000000000E+00  -1.945599141691E-01   0.000000000000E+00   0.000000000000E+00   0.000000000000E+00   0.000000000000E+00   0.000000000000E+00   0.000000000000E+00   0.000000000000E+00   0.000000000000E+00   0.000000000000E+00   2.684160349339E-01
   0.000000000000E+00   0.000000000000E+00   0.000000000000E+00   0.000000000000E+00   0.000000000000E+00   0.000000000000E+00   0.000000000000E+00   0.000000000000E+00   0.000000000000E+00  -1.660899501487E-01   0.000000000000E+00   0.000000000000E+00   0.000000000000E+00   0.000000000000E+00   0.000000000000E+00   0.000000000000E+00   0.000000000000E+00   0.000000000000E+00   0.000000000000E+00   2.151172099143E-01
   0.000000000000E+00   0.000000000000E+00   0.000000000000E+00   0.000000000000E+00   0.000000000000E+00   0.000000000000E+00   0.000000000000E+00   0.000000000000E+00   0.000000000000E+00  -1.399380252503E-01   0.000000000000E+00   0.000000000000E+00   0.000000000000E+00   0.000000000000E+00   0.000000000000E+00   0.000000000000E+00   0.000000000000E+00   0.000000000000E+00   0.000000000000E+00   1.692214978404E-01
   0.000000000000E+00   0.000000000000E+00   0.000000000000E+00   0.000000000000E+00   0.000000000000E+00   0.000000000000E+00   0.000000000000E+00   0.000000000000E+00   0.000000000000E+00  -1.162992900890E-01   0.000000000000E+00   0.000000000000E+00   0.000000000000E+00   0.000000000000E+00   0.000000000000E+00   0.000000000000E+00   0.000000000000E+00   0.000000000000E+00   0.000000000000E+00   1.306507687767E-01
   0.000000000000E+00   0.000000000000E+00   0.000000000000E+00   0.000000000000E+00   0.000000000000E+00   0.000000000000E+00   0.000000000000E+00   0.000000000000E+00   0.000000000000E+00  -9.528592899748E-02   0.000000000000E+00   0.000000000000E+00   0.000000000000E+00   0.000000000000E+00   0.000000000000E+00   0.000000000000E+00   0.000000000000E+00   0.000000000000E+00   0.000000000000E+00   9.897872401220E-02
   0.000000000000E+00   0.000000000000E+00   0.000000000000E+00   0.000000000000E+00   0.000000000000E+00   0.000000000000E+00   0.000000000000E+00   0.000000000000E+00   0.000000000000E+00  -7.692690825155E-02   0.000000000000E+00   0.000000000000E+00   0.000000000000E+00   0.000000000000E+00   0.000000000000E+00   0.000000000000E+00   0.000000000000E+00   0.000000000000E+00   0.000000000000E+00   7.354703182598E-02
   0.000000000000E+00   0.000000000000E+00   0.000000000000E+00   0.000000000000E+00   0.000000000000E+00   0.000000000000E+00   0.000000000000E+00   0.000000000000E+00   0.000000000000E+00  -6.116894050633E-02   0.000000000000E+00   0.000000000000E+00   0.000000000000E+00   0.000000000000E+00   0.000000000000E+00   0.000000000000E+00   0.000000000000E+00   0.000000000000E+00   0.000000000000E+00   5.356856844116E-02
   0.000000000000E+00   0.000000000000E+00   0.000000000000E+00   0.000000000000E+00   0.000000000000E+00   0.000000000000E+00   0.000000000000E+00   0.000000000000E+00   0.000000000000E+00  -4.788356689303E-02   0.000000000000E+00   0.000000000000E+00   0.000000000000E+00   0.000000000000E+00   0.000000000000E+00   0.000000000000E+00   0.000000000000E+00   0.000000000000E+00   0.000000000000E+00   3.821164583779E-02
   0.000000000000E+00   0.000000000000E+00   0.000000000000E+00   0.000000000000E+00   0.000000000000E+00   0.000000000000E+00   0.000000000000E+00   0.000000000000E+00   0.000000000000E+00  -3.688097787511E-02   0.000000000000E+00   0.000000000000E+00   0.000000000000E+00   0.000000000000E+00   0.000000000000E+00   0.000000000000E+00   0.000000000000E+00   0.000000000000E+00   0.000000000000E+00   2.666318553853E-02
   0.000000000000E+00   0.000000000000E+00   0.000000000000E+00   0.000000000000E+00   0.000000000000E+00   0.000000000000E+00   0.000000000000E+00   0.000000000000E+00   0.000000000000E+00  -2.792879823882E-02   0.000000000000E+00   0.000000000000E+00   0.000000000000E+00   0.000000000000E+00   0.000000000000E+00   0.000000000000E+00   0.000000000000E+00   0.000000000000E+00   0.000000000000E+00   1.817169935884E-02
   0.000000000000E+00   0.000000000000E+00   0.000000000000E+00   0.000000000000E+00   0.000000000000E+00   0.000000000000E+00   0.000000000000E+00   0.000000000000E+00   0.000000000000E+00  -2.077266231948E-02   0.000000000000E+00   0.000000000000E+00   0.000000000000E+00   0.000000000000E+00   0.000000000000E+00   0.000000000000E+00   0.000000000000E+00   0.000000000000E+00   0.000000000000E+00   1.207271839933E-02
   0.000000000000E+00   0.000000000000E+00   0.000000000000E+00   0.000000000000E+00   0.000000000000E+00   0.000000000000E+00   0.000000000000E+00   0.000000000000E+00   0.000000000000E+00  -1.515462382826E-02   0.000000000000E+00   0.000000000000E+00   0.000000000000E+00   0.000000000000E+00   0.000000000000E+00   0.000000000000E+00   0.000000000000E+00   0.000000000000E+00   0.000000000000E+00   7.800162185280E-03
   0.000000000000E+00   0.000000000000E+00   0.000000000000E+00   0.000000000000E+00   0.000000000000E+00   0.000000000000E+00   0.000000000000E+00   0.000000000000E+00   0.000000000000E+00  -1.082678044026E-02   0.000000000000E+00   0.000000000000E+00   0.000000000000E+00   0.000000000000E+00   0.000000000000E+00   0.000000000000E+00   0.000000000000E+00   0.000000000000E+00   0.000000000000E+00   4.887303934874E-03
   0.000000000000E+00   0.000000000000E+00   0.000000000000E+00   0.000000000000E+00   0.000000000000E+00   0.000000000000E+00   0.000000000000E+00   0.000000000000E+00   0.000000000000E+00  -7.559642600384E-03   0.000000000000E+00   0.000000000000E+00   0.000000000000E+00   0.000000000000E+00   0.000000000000E+00   0.000000000000E+00   0.000000000000E+00   0.000000000000E+00   0.000000000000E+00   2.960703545981E-03
   0.000000000000E+00   0.000000000000E+00   0.000000000000E+00   0.000000000000E+00   0.000000000000E+00   0.000000000000E+00   0.000000000000E+00   0.000000000000E+00   0.000000000000E+00  -5.146550068680E-03   0.000000000000E+00   0.000000000000E+00   0.000000000000E+00   0.000000000000E+00   0.000000000000E+00   0.000000000000E+00   0.000000000000E+00   0.000000000000E+00   0.000000000000E+00   1.729948951677E-03
   0.000000000000E+00   0.000000000000E+00   0.000000000000E+00   0.000000000000E+00   0.000000000000E+00   0.000000000000E+00   0.000000000000E+00   0.000000000000E+00   0.000000000000E+00  -3.405731622949E-03   0.000000000000E+00   0.000000000000E+00   0.000000000000E+00   0.000000000000E+00   0.000000000000E+00   0.000000000000E+00   0.000000000000E+00   0.000000000000E+00   0.000000000000E+00   9.754221722719E-04
   0.000000000000E+00   0.000000000000E+00   0.000000000000E+00   0.000000000000E+00   0.000000000000E+00   0.000000000000E+00   0.000000000000E+00   0.000000000000E+00   0.000000000000E+00  -2.182799708631E-03   0.000000000000E+00   0.000000000000E+00   0.000000000000E+00   0.000000000000E+00   0.000000000000E+00   0.000000000000E+00   0.000000000000E+00   0.000000000000E+00   0.000000000000E+00   5.356927765596E-04
   0.000000000000E+00   0.000000000000E+00   0.000000000000E+00   0.000000000000E+00   0.000000000000E+00   0.000000000000E+00   0.000000000000E+00   0.000000000000E+00   0.000000000000E+00  -1.347319566867E-03   0.000000000000E+00   0.000000000000E+00   0.000000000000E+00   0.000000000000E+00   0.000000000000E+00   0.000000000000E+00   0.000000000000E+00   0.000000000000E+00   0.000000000000E+00   2.956002252274E-04
   0.000000000000E+00   0.000000000000E+00   0.000000000000E+00   0.000000000000E+00   0.000000000000E+00   0.000000000000E+00   0.000000000000E+00   0.000000000000E+00   0.000000000000E+00  -7.953588277497E-04   0.000000000000E+00   0.000000000000E+00   0.000000000000E+00   0.000000000000E+00   0.000000000000E+00   0.000000000000E+00   0.000000000000E+00   0.000000000000E+00   0.000000000000E+00   1.756465668940E-04
   0.000000000000E+00   0.000000000000E+00   0.000000000000E+00   0.000000000000E+00   0.000000000000E+00   0.000000000000E+00   0.000000000000E+00   0.000000000000E+00   0.000000000000E+00  -4.441790530515E-04   0.000000000000E+00   0.000000000000E+00   0.000000000000E+00   0.000000000000E+00   0.000000000000E+00   0.000000000000E+00   0.000000000000E+00   0.000000000000E+00   0.000000000000E+00   1.229881736955E-04
   0.000000000000E+00   0.000000000000E+00   0.000000000000E+00   0.000000000000E+00   0.000000000000E+00   0.000000000000E+00   0.000000000000E+00   0.000000000000E+00   0.000000000000E+00  -2.311504770601E-04   0.000000000000E+00   0.000000000000E+00   0.000000000000E+00   0.000000000000E+00   0.000000000000E+00   0.000000000000E+00   0.000000000000E+00   0.000000000000E+00   0.000000000000E+00   1.040814348797E-04
   0.000000000000E+00   0.000000000000E+00   0.000000000000E+00   0.000000000000E+00   0.000000000000E+00   0.000000000000E+00   0.000000000000E+00   0.000000000000E+00   0.000000000000E+00  -1.096849504268E-04   0.000000000000E+00   0.000000000000E+00   0.000000000000E+00   0.000000000000E+00   0.000000000000E+00   0.000000000000E+00   0.000000000000E+00   0.000000000000E+00   0.000000000000E+00   9.888699965135E-05
   0.000000000000E+00   0.000000000000E+00   0.000000000000E+00   0.000000000000E+00   0.000000000000E+00   0.000000000000E+00   0.000000000000E+00   0.000000000000E+00   0.000000000000E+00  -4.625889252268E-05   0.000000000000E+00   0.000000000000E+00   0.000000000000E+00   0.000000000000E+00   0.000000000000E+00   0.000000000000E+00   0.000000000000E+00   0.000000000000E+00   0.000000000000E+00   9.645216316096E-05
   0.000000000000E+00   0.000000000000E+00   0.000000000000E+00   0.000000000000E+00   0.000000000000E+00   0.000000000000E+00   0.000000000000E+00   0.000000000000E+00   0.000000000000E+00  -1.761483003512E-05   0.000000000000E+00   0.000000000000E+00   0.000000000000E+00   0.000000000000E+00   0.000000000000E+00   0.000000000000E+00   0.000000000000E+00   0.000000000000E+00   0.000000000000E+00   9.165375918084E-05
   0.000000000000E+00   0.000000000000E+00   0.000000000000E+00   0.000000000000E+00   0.000000000000E+00   0.000000000000E+00   0.000000000000E+00   0.000000000000E+00   0.000000000000E+00  -8.198990808403E-06   0.000000000000E+00   0.000000000000E+00   0.000000000000E+00   0.000000000000E+00   0.000000000000E+00   0.000000000000E+00   0.000000000000E+00   0.000000000000E+00   0.000000000000E+00   8.287914896648E-05
   0.000000000000E+00   0.000000000000E+00   0.000000000000E+00   0.000000000000E+00   0.000000000000E+00   0.000000000000E+00   0.000000000000E+00   0.000000000000E+00   0.000000000000E+00  -8.085368795368E-06   0.000000000000E+00   0.000000000000E+00   0.000000000000E+00   0.000000000000E+00   0.000000000000E+00   0.000000000000E+00   0.000000000000E+00   0.000000000000E+00   0.000000000000E+00   7.043823550901E-05
   0.000000000000E+00   0.000000000000E+00   0.000000000000E+00   0.000000000000E+00   0.000000000000E+00   0.000000000000E+00   0.000000000000E+00   0.000000000000E+00   0.000000000000E+00  -1.134294077735E-05   0.000000000000E+00   0.000000000000E+00   0.000000000000E+00   0.000000000000E+00   0.000000000000E+00   0.000000000000E+00   0.000000000000E+00   0.000000000000E+00   0.000000000000E+00   5.552558059113E-05
   0.000000000000E+00   0.000000000000E+00   0.000000000000E+00   0.000000000000E+00   0.000000000000E+00   0.000000000000E+00   0.000000000000E+00   0.000000000000E+00   0.000000000000E+00  -1.472850000465E-05   0.000000000000E+00   0.000000000000E+00   0.000000000000E+00   0.000000000000E+00   0.000000000000E+00   0.000000000000E+00   0.000000000000E+00   0.000000000000E+00   0.000000000000E+00   3.958209282659E-05
   0.000000000000E+00   0.000000000000E+00   0.000000000000E+00   0.000000000000E+00   0.000000000000E+00   0.000000000000E+00   0.000000000000E+00   0.000000000000E+00   0.000000000000E+00  -1.674468332045E-05   0.000000000000E+00   0.000000000000E+00   0.000000000000E+00   0.000000000000E+00   0.000000000000E+00   0.000000000000E+00   0.000000000000E+00   0.000000000000E+00   0.000000000000E+00   2.393608824219E-05
   0.000000000000E+00   0.000000000000E+00   0.000000000000E+00   0.000000000000E+00   0.000000000000E+00   0.000000000000E+00   0.000000000000E+00   0.000000000000E+00   0.000000000000E+00  -1.696114944349E-05   0.000000000000E+00   0.000000000000E+00   0.000000000000E+00   0.000000000000E+00   0.000000000000E+00   0.000000000000E+00   0.000000000000E+00   0.000000000000E+00   0.000000000000E+00   9.631253617336E-06


Spline
12 0.0553585
112.9353346817185 2.801373701455403 -0.1119994835253462
0.035 0.0375    0.204206 -35.71077211012958 2016.504000000031 24177.93762071238
0.0375 0.04    0.12791 -25.17491577974109 2197.838532155373 -120889.6881035729
0.04 0.0425    0.07682029999999999 -16.45240477090621 1291.165871378576 -57585.58520643491
0.0425 0.045    0.0428593 -11.07630513663398 859.2739823303137 16659.22892930921
0.045 0.04533    0.0207993 -6.467574682557872 984.2181993001326 -2167173.572075024
0.04533 0.045334    0.0186943 -6.526006277016704 -1161.283637054166 353213222.4907721
0.045334 0.046259    0.0186682 -6.518342311433599 3077.275032831984 -1324559.571220061
0.046259 0.047184    0.0142234 -4.225362350069925 -598.3777773036936 561811.1110751317
0.047184 0.0493131    0.0102476 -3.890262342340788 960.6480559297889 -100763.5210502349
0.0493131 0.0503195    0.00534702 -1.169934109375229 317.0412179256228 -143026.9144497911
0.0503195 0.0513259    0.00434492 -0.9663840979460291 -114.7856421811885 10348.58893883691
0.0513259 0.0553585    0.00326664 -1.165980214261954 -83.5411824570522 -5782.515169399558 27636944.82683195 -3877959552.095367

This SPLINE is just a DUMMY-SPLINE!!!!!!!!!!!!!!!

