0.200000 51
   0.000000000000E+00 0.0 0.0 0.0 0.0 0.0 0.0 0.0 0.0 0.0 0.0 0.0 0.0 0.0 0.0 0.0 0.0 0.0 0.0 0.0
   0.000000000000E+00   0.000000000000E+00   0.000000000000E+00   0.000000000000E+00   0.000000000000E+00   0.000000000000E+00   0.000000000000E+00   0.000000000000E+00   0.000000000000E+00   0.000000000000E+00   0.000000000000E+00   0.000000000000E+00   0.000000000000E+00   0.000000000000E+00   0.000000000000E+00   0.000000000000E+00   0.000000000000E+00   0.000000000000E+00   0.000000000000E+00   0.000000000000E+00
   0.000000000000E+00   0.000000000000E+00   0.000000000000E+00   0.000000000000E+00   0.000000000000E+00   0.000000000000E+00   0.000000000000E+00   0.000000000000E+00   3.139529337420E-01  -5.174864017252E-01   0.000000000000E+00   0.000000000000E+00   0.000000000000E+00   0.000000000000E+00   0.000000000000E+00   0.000000000000E+00   0.000000000000E+00   0.000000000000E+00  -2.850107511063E-01   7.884382457098E-01
   0.000000000000E+00   0.000000000000E+00   0.000000000000E+00   0.000000000000E+00   0.000000000000E+00   0.000000000000E+00   0.000000000000E+00   0.000000000000E+00   3.893652628886E-01  -5.708360489009E-01   0.000000000000E+00   0.000000000000E+00   0.000000000000E+00   0.000000000000E+00   0.000000000000E+00   0.000000000000E+00   0.000000000000E+00   0.000000000000E+00  -4.008788943058E-01   7.703427211987E-01
   0.000000000000E+00   0.000000000000E+00   0.000000000000E+00   0.000000000000E+00   0.000000000000E+00   0.000000000000E+00   0.000000000000E+00   0.000000000000E+00   4.220488911846E-01  -5.832675814999E-01   0.000000000000E+00   0.000000000000E+00   0.000000000000E+00   0.000000000000E+00   0.000000000000E+00   0.000000000000E+00   0.000000000000E+00   0.000000000000E+00  -4.911469636382E-01   7.411018921406E-01
   0.000000000000E+00   0.000000000000E+00   0.000000000000E+00   0.000000000000E+00   0.000000000000E+00   0.000000000000E+00   0.000000000000E+00   0.000000000000E+00   4.259128740795E-01  -5.649914415578E-01   0.000000000000E+00   0.000000000000E+00   0.000000000000E+00   0.000000000000E+00   0.000000000000E+00   0.000000000000E+00   0.000000000000E+00   0.000000000000E+00  -5.540965782013E-01   7.012174168983E-01
   0.000000000000E+00   0.000000000000E+00   0.000000000000E+00   0.000000000000E+00   0.000000000000E+00   0.000000000000E+00   0.000000000000E+00   0.000000000000E+00   4.121190507802E-01  -5.274200214640E-01   0.000000000000E+00   0.000000000000E+00   0.000000000000E+00   0.000000000000E+00   0.000000000000E+00   0.000000000000E+00   0.000000000000E+00   0.000000000000E+00  -5.905400868817E-01   6.524014058048E-01
   0.000000000000E+00   0.000000000000E+00   0.000000000000E+00   0.000000000000E+00   0.000000000000E+00   0.000000000000E+00   0.000000000000E+00   0.000000000000E+00   3.883962922131E-01  -4.795370989449E-01   0.000000000000E+00   0.000000000000E+00   0.000000000000E+00   0.000000000000E+00   0.000000000000E+00   0.000000000000E+00   0.000000000000E+00   0.000000000000E+00  -6.030970517997E-01   5.970280496198E-01
   0.000000000000E+00   0.000000000000E+00   0.000000000000E+00   0.000000000000E+00   0.000000000000E+00   0.000000000000E+00   0.000000000000E+00   0.000000000000E+00   3.596873044474E-01  -4.275441925123E-01   0.000000000000E+00   0.000000000000E+00   0.000000000000E+00   0.000000000000E+00   0.000000000000E+00   0.000000000000E+00   0.000000000000E+00   0.000000000000E+00  -5.954986674356E-01   5.377084385833E-01
   0.000000000000E+00   0.000000000000E+00   0.000000000000E+00   0.000000000000E+00   0.000000000000E+00   0.000000000000E+00   0.000000000000E+00   0.000000000000E+00   3.289870146720E-01  -3.754069735971E-01   0.000000000000E+00   0.000000000000E+00   0.000000000000E+00   0.000000000000E+00   0.000000000000E+00   0.000000000000E+00   0.000000000000E+00   0.000000000000E+00  -5.719778839257E-01   4.769736303697E-01
   0.000000000000E+00   0.000000000000E+00   0.000000000000E+00   0.000000000000E+00   0.000000000000E+00   0.000000000000E+00   0.000000000000E+00   0.000000000000E+00   2.980452468919E-01  -3.255162177704E-01   0.000000000000E+00   0.000000000000E+00   0.000000000000E+00   0.000000000000E+00   0.000000000000E+00   0.000000000000E+00   0.000000000000E+00   0.000000000000E+00  -5.367868680386E-01   4.170570711351E-01
   0.000000000000E+00   0.000000000000E+00   0.000000000000E+00   0.000000000000E+00   0.000000000000E+00   0.000000000000E+00   0.000000000000E+00   0.000000000000E+00   2.678679885391E-01  -2.792246576988E-01   0.000000000000E+00   0.000000000000E+00   0.000000000000E+00   0.000000000000E+00   0.000000000000E+00   0.000000000000E+00   0.000000000000E+00   0.000000000000E+00  -4.938568343639E-01   3.597678628068E-01
   0.000000000000E+00   0.000000000000E+00   0.000000000000E+00   0.000000000000E+00   0.000000000000E+00   0.000000000000E+00   0.000000000000E+00   0.000000000000E+00   2.390402454922E-01  -2.372229070754E-01   0.000000000000E+00   0.000000000000E+00   0.000000000000E+00   0.000000000000E+00   0.000000000000E+00   0.000000000000E+00   0.000000000000E+00   0.000000000000E+00  -4.465919877404E-01   3.064414222776E-01
   0.000000000000E+00   0.000000000000E+00   0.000000000000E+00   0.000000000000E+00   0.000000000000E+00   0.000000000000E+00   0.000000000000E+00   0.000000000000E+00   2.119132092431E-01  -1.997814645780E-01   0.000000000000E+00   0.000000000000E+00   0.000000000000E+00   0.000000000000E+00   0.000000000000E+00   0.000000000000E+00   0.000000000000E+00   0.000000000000E+00  -3.977749444040E-01   2.579495827856E-01
   0.000000000000E+00   0.000000000000E+00   0.000000000000E+00   0.000000000000E+00   0.000000000000E+00   0.000000000000E+00   0.000000000000E+00   0.000000000000E+00   1.866998688493E-01  -1.668996914375E-01   0.000000000000E+00   0.000000000000E+00   0.000000000000E+00   0.000000000000E+00   0.000000000000E+00   0.000000000000E+00   0.000000000000E+00   0.000000000000E+00  -3.495553269926E-01   2.147507188441E-01
   0.000000000000E+00   0.000000000000E+00   0.000000000000E+00   0.000000000000E+00   0.000000000000E+00   0.000000000000E+00   0.000000000000E+00   0.000000000000E+00   1.635192202940E-01  -1.383988403494E-01   0.000000000000E+00   0.000000000000E+00   0.000000000000E+00   0.000000000000E+00   0.000000000000E+00   0.000000000000E+00   0.000000000000E+00   0.000000000000E+00  -3.034937895535E-01   1.769620059170E-01
   0.000000000000E+00   0.000000000000E+00   0.000000000000E+00   0.000000000000E+00   0.000000000000E+00   0.000000000000E+00   0.000000000000E+00   0.000000000000E+00   1.424174963437E-01  -1.139846006168E-01   0.000000000000E+00   0.000000000000E+00   0.000000000000E+00   0.000000000000E+00   0.000000000000E+00   0.000000000000E+00   0.000000000000E+00   0.000000000000E+00  -2.606378246349E-01   1.444393550174E-01
   0.000000000000E+00   0.000000000000E+00   0.000000000000E+00   0.000000000000E+00   0.000000000000E+00   0.000000000000E+00   0.000000000000E+00   0.000000000000E+00   1.233816503741E-01  -9.329280250576E-02   0.000000000000E+00   0.000000000000E+00   0.000000000000E+00   0.000000000000E+00   0.000000000000E+00   0.000000000000E+00   0.000000000000E+00   0.000000000000E+00  -2.216112041343E-01   1.168546896185E-01
   0.000000000000E+00   0.000000000000E+00   0.000000000000E+00   0.000000000000E+00   0.000000000000E+00   0.000000000000E+00   0.000000000000E+00   0.000000000000E+00   1.063509374755E-01  -7.592429437329E-02   0.000000000000E+00   0.000000000000E+00   0.000000000000E+00   0.000000000000E+00   0.000000000000E+00   0.000000000000E+00   0.000000000000E+00   0.000000000000E+00  -1.867044111204E-01   9.376416867041E-02
   0.000000000000E+00   0.000000000000E+00   0.000000000000E+00   0.000000000000E+00   0.000000000000E+00   0.000000000000E+00   0.000000000000E+00   0.000000000000E+00   9.122800951383E-02  -6.147149235141E-02   0.000000000000E+00   0.000000000000E+00   0.000000000000E+00   0.000000000000E+00   0.000000000000E+00   0.000000000000E+00   0.000000000000E+00   0.000000000000E+00  -1.559581705961E-01   7.466420789221E-02
   0.000000000000E+00   0.000000000000E+00   0.000000000000E+00   0.000000000000E+00   0.000000000000E+00   0.000000000000E+00   0.000000000000E+00   0.000000000000E+00   7.788955210948E-02  -4.953791587562E-02   0.000000000000E+00   0.000000000000E+00   0.000000000000E+00   0.000000000000E+00   0.000000000000E+00   0.000000000000E+00   0.000000000000E+00   0.000000000000E+00  -1.292358838552E-01   5.903453605375E-02
   0.000000000000E+00   0.000000000000E+00   0.000000000000E+00   0.000000000000E+00   0.000000000000E+00   0.000000000000E+00   0.000000000000E+00   0.000000000000E+00   6.619594429709E-02  -3.975170777902E-02   0.000000000000E+00   0.000000000000E+00   0.000000000000E+00   0.000000000000E+00   0.000000000000E+00   0.000000000000E+00   0.000000000000E+00   0.000000000000E+00  -1.062834038705E-01   4.636907724071E-02
   0.000000000000E+00   0.000000000000E+00   0.000000000000E+00   0.000000000000E+00   0.000000000000E+00   0.000000000000E+00   0.000000000000E+00   0.000000000000E+00   5.599967059205E-02  -3.177414783436E-02   0.000000000000E+00   0.000000000000E+00   0.000000000000E+00   0.000000000000E+00   0.000000000000E+00   0.000000000000E+00   0.000000000000E+00   0.000000000000E+00  -8.677630109398E-02   3.619631581686E-02
   0.000000000000E+00   0.000000000000E+00   0.000000000000E+00   0.000000000000E+00   0.000000000000E+00   0.000000000000E+00   0.000000000000E+00   0.000000000000E+00   4.715227939109E-02  -2.530414111711E-02   0.000000000000E+00   0.000000000000E+00   0.000000000000E+00   0.000000000000E+00   0.000000000000E+00   0.000000000000E+00   0.000000000000E+00   0.000000000000E+00  -7.035576150038E-02   2.809115507347E-02
   0.000000000000E+00   0.000000000000E+00   0.000000000000E+00   0.000000000000E+00   0.000000000000E+00   0.000000000000E+00   0.000000000000E+00   0.000000000000E+00   3.950980749405E-02  -2.007958917611E-02   0.000000000000E+00   0.000000000000E+00   0.000000000000E+00   0.000000000000E+00   0.000000000000E+00   0.000000000000E+00   0.000000000000E+00   0.000000000000E+00  -5.665473406204E-02   2.168029229042E-02
   0.000000000000E+00   0.000000000000E+00   0.000000000000E+00   0.000000000000E+00   0.000000000000E+00   0.000000000000E+00   0.000000000000E+00   0.000000000000E+00   3.293661869303E-02  -1.587642836762E-02   0.000000000000E+00   0.000000000000E+00   0.000000000000E+00   0.000000000000E+00   0.000000000000E+00   0.000000000000E+00   0.000000000000E+00   0.000000000000E+00  -4.531607735716E-02   1.664294171048E-02
   0.000000000000E+00   0.000000000000E+00   0.000000000000E+00   0.000000000000E+00   0.000000000000E+00   0.000000000000E+00   0.000000000000E+00   0.000000000000E+00   2.730767006680E-02  -1.250602096778E-02   0.000000000000E+00   0.000000000000E+00   0.000000000000E+00   0.000000000000E+00   0.000000000000E+00   0.000000000000E+00   0.000000000000E+00   0.000000000000E+00  -3.600438029557E-02   1.270844682873E-02
   0.000000000000E+00   0.000000000000E+00   0.000000000000E+00   0.000000000000E+00   0.000000000000E+00   0.000000000000E+00   0.000000000000E+00   0.000000000000E+00   2.250938908244E-02  -9.811517463753E-03   0.000000000000E+00   0.000000000000E+00   0.000000000000E+00   0.000000000000E+00   0.000000000000E+00   0.000000000000E+00   0.000000000000E+00   0.000000000000E+00  -2.841294745967E-02   9.652005194439E-03
   0.000000000000E+00   0.000000000000E+00   0.000000000000E+00   0.000000000000E+00   0.000000000000E+00   0.000000000000E+00   0.000000000000E+00   0.000000000000E+00   1.843948684383E-02  -7.663731287077E-03   0.000000000000E+00   0.000000000000E+00   0.000000000000E+00   0.000000000000E+00   0.000000000000E+00   0.000000000000E+00   0.000000000000E+00   0.000000000000E+00  -2.226721032958E-02   7.289426082071E-03
   0.000000000000E+00   0.000000000000E+00   0.000000000000E+00   0.000000000000E+00   0.000000000000E+00   0.000000000000E+00   0.000000000000E+00   0.000000000000E+00   1.500613778160E-02  -5.956972810514E-03   0.000000000000E+00   0.000000000000E+00   0.000000000000E+00   0.000000000000E+00   0.000000000000E+00   0.000000000000E+00   0.000000000000E+00   0.000000000000E+00  -1.732559175500E-02   5.471577031051E-03
   0.000000000000E+00   0.000000000000E+00   0.000000000000E+00   0.000000000000E+00   0.000000000000E+00   0.000000000000E+00   0.000000000000E+00   0.000000000000E+00   1.212700056777E-02  -4.605190259112E-03   0.000000000000E+00   0.000000000000E+00   0.000000000000E+00   0.000000000000E+00   0.000000000000E+00   0.000000000000E+00   0.000000000000E+00   0.000000000000E+00  -1.337863470655E-02   4.078958547251E-03
   0.000000000000E+00   0.000000000000E+00   0.000000000000E+00   0.000000000000E+00   0.000000000000E+00   0.000000000000E+00   0.000000000000E+00   0.000000000000E+00   9.728211818567E-03  -3.538528096547E-03   0.000000000000E+00   0.000000000000E+00   0.000000000000E+00   0.000000000000E+00   0.000000000000E+00   0.000000000000E+00   0.000000000000E+00   0.000000000000E+00  -1.024701799830E-02   3.016677601941E-03
   0.000000000000E+00   0.000000000000E+00   0.000000000000E+00   0.000000000000E+00   0.000000000000E+00   0.000000000000E+00   0.000000000000E+00   0.000000000000E+00   7.743431936340E-03  -2.700350250575E-03   0.000000000000E+00   0.000000000000E+00   0.000000000000E+00   0.000000000000E+00   0.000000000000E+00   0.000000000000E+00   0.000000000000E+00   0.000000000000E+00  -7.778924394342E-03   2.209965439517E-03
   0.000000000000E+00   0.000000000000E+00   0.000000000000E+00   0.000000000000E+00   0.000000000000E+00   0.000000000000E+00   0.000000000000E+00   0.000000000000E+00   6.113059928914E-03  -2.044749845717E-03   0.000000000000E+00   0.000000000000E+00   0.000000000000E+00   0.000000000000E+00   0.000000000000E+00   0.000000000000E+00   0.000000000000E+00   0.000000000000E+00  -5.847099218048E-03   1.600296836404E-03
   0.000000000000E+00   0.000000000000E+00   0.000000000000E+00   0.000000000000E+00   0.000000000000E+00   0.000000000000E+00   0.000000000000E+00   0.000000000000E+00   4.784623897496E-03  -1.534863067475E-03   0.000000000000E+00   0.000000000000E+00   0.000000000000E+00   0.000000000000E+00   0.000000000000E+00   0.000000000000E+00   0.000000000000E+00   0.000000000000E+00  -4.345837123910E-03   1.142108993986E-03
   0.000000000000E+00   0.000000000000E+00   0.000000000000E+00   0.000000000000E+00   0.000000000000E+00   0.000000000000E+00   0.000000000000E+00   0.000000000000E+00   3.709921419928E-03  -1.140373412672E-03   0.000000000000E+00   0.000000000000E+00   0.000000000000E+00   0.000000000000E+00   0.000000000000E+00   0.000000000000E+00   0.000000000000E+00   0.000000000000E+00  -3.188057141029E-03   8.000817664518E-04
   0.000000000000E+00   0.000000000000E+00   0.000000000000E+00   0.000000000000E+00   0.000000000000E+00   0.000000000000E+00   0.000000000000E+00   0.000000000000E+00   2.848253632111E-03  -8.374226930886E-04   0.000000000000E+00   0.000000000000E+00   0.000000000000E+00   0.000000000000E+00   0.000000000000E+00   0.000000000000E+00   0.000000000000E+00   0.000000000000E+00  -2.302567476178E-03   5.469208943389E-04
   0.000000000000E+00   0.000000000000E+00   0.000000000000E+00   0.000000000000E+00   0.000000000000E+00   0.000000000000E+00   0.000000000000E+00   0.000000000000E+00   2.163347078841E-03  -6.065895462429E-04   0.000000000000E+00   0.000000000000E+00   0.000000000000E+00   0.000000000000E+00   0.000000000000E+00   0.000000000000E+00   0.000000000000E+00   0.000000000000E+00  -1.631578215147E-03   3.615773934180E-04
   0.000000000000E+00   0.000000000000E+00   0.000000000000E+00   0.000000000000E+00   0.000000000000E+00   0.000000000000E+00   0.000000000000E+00   0.000000000000E+00   1.624656563730E-03  -4.325422574988E-04   0.000000000000E+00   0.000000000000E+00   0.000000000000E+00   0.000000000000E+00   0.000000000000E+00   0.000000000000E+00   0.000000000000E+00   0.000000000000E+00  -1.128488801489E-03   2.278353636594E-04
   0.000000000000E+00   0.000000000000E+00   0.000000000000E+00   0.000000000000E+00   0.000000000000E+00   0.000000000000E+00   0.000000000000E+00   0.000000000000E+00   1.204366623360E-03  -3.025221489978E-04   0.000000000000E+00   0.000000000000E+00   0.000000000000E+00   0.000000000000E+00   0.000000000000E+00   0.000000000000E+00   0.000000000000E+00   0.000000000000E+00  -7.559553260430E-04   1.332043218359E-04
   0.000000000000E+00   0.000000000000E+00   0.000000000000E+00   0.000000000000E+00   0.000000000000E+00   0.000000000000E+00   0.000000000000E+00   0.000000000000E+00   8.797285760620E-04  -2.066138148958E-04   0.000000000000E+00   0.000000000000E+00   0.000000000000E+00   0.000000000000E+00   0.000000000000E+00   0.000000000000E+00   0.000000000000E+00   0.000000000000E+00  -4.842280293217E-04   6.805861693253E-05
   0.000000000000E+00   0.000000000000E+00   0.000000000000E+00   0.000000000000E+00   0.000000000000E+00   0.000000000000E+00   0.000000000000E+00   0.000000000000E+00   6.322106989253E-04  -1.370982111786E-04   0.000000000000E+00   0.000000000000E+00   0.000000000000E+00   0.000000000000E+00   0.000000000000E+00   0.000000000000E+00   0.000000000000E+00   0.000000000000E+00  -2.897402242220E-04   2.497409937626E-05
   0.000000000000E+00   0.000000000000E+00   0.000000000000E+00   0.000000000000E+00   0.000000000000E+00   0.000000000000E+00   0.000000000000E+00   0.000000000000E+00   4.458030234634E-04  -8.769680561723E-05   0.000000000000E+00   0.000000000000E+00   0.000000000000E+00   0.000000000000E+00   0.000000000000E+00   0.000000000000E+00   0.000000000000E+00   0.000000000000E+00  -1.539246684961E-04  -1.779981026285E-06
   0.000000000000E+00   0.000000000000E+00   0.000000000000E+00   0.000000000000E+00   0.000000000000E+00   0.000000000000E+00   0.000000000000E+00   0.000000000000E+00   3.073673297932E-04  -5.347695647412E-05   0.000000000000E+00   0.000000000000E+00   0.000000000000E+00   0.000000000000E+00   0.000000000000E+00   0.000000000000E+00   0.000000000000E+00   0.000000000000E+00  -6.223113469577E-05  -1.662847251635E-05
   0.000000000000E+00   0.000000000000E+00   0.000000000000E+00   0.000000000000E+00   0.000000000000E+00   0.000000000000E+00   0.000000000000E+00   0.000000000000E+00   2.061929341978E-04  -3.057363864663E-05   0.000000000000E+00   0.000000000000E+00   0.000000000000E+00   0.000000000000E+00   0.000000000000E+00   0.000000000000E+00   0.000000000000E+00   0.000000000000E+00  -3.318665471759E-06  -2.298517130225E-05
   0.000000000000E+00   0.000000000000E+00   0.000000000000E+00   0.000000000000E+00   0.000000000000E+00   0.000000000000E+00   0.000000000000E+00   0.000000000000E+00   1.337030320751E-04  -1.599352779739E-05   0.000000000000E+00   0.000000000000E+00   0.000000000000E+00   0.000000000000E+00   0.000000000000E+00   0.000000000000E+00   0.000000000000E+00   0.000000000000E+00   3.160290880779E-05  -2.347719726972E-05
   0.000000000000E+00   0.000000000000E+00   0.000000000000E+00   0.000000000000E+00   0.000000000000E+00   0.000000000000E+00   0.000000000000E+00   0.000000000000E+00   8.296668400175E-05  -7.401932140008E-06   0.000000000000E+00   0.000000000000E+00   0.000000000000E+00   0.000000000000E+00   0.000000000000E+00   0.000000000000E+00   0.000000000000E+00   0.000000000000E+00   4.930568485025E-05  -2.011619799784E-05
   0.000000000000E+00   0.000000000000E+00   0.000000000000E+00   0.000000000000E+00   0.000000000000E+00   0.000000000000E+00   0.000000000000E+00   0.000000000000E+00   4.852871774570E-05  -3.014309941213E-06   0.000000000000E+00   0.000000000000E+00   0.000000000000E+00   0.000000000000E+00   0.000000000000E+00   0.000000000000E+00   0.000000000000E+00   0.000000000000E+00   5.497173900134E-05  -1.442968187846E-05
   0.000000000000E+00   0.000000000000E+00   0.000000000000E+00   0.000000000000E+00   0.000000000000E+00   0.000000000000E+00   0.000000000000E+00   0.000000000000E+00   2.606319775715E-05  -1.463316847406E-06   0.000000000000E+00   0.000000000000E+00   0.000000000000E+00   0.000000000000E+00   0.000000000000E+00   0.000000000000E+00   0.000000000000E+00   0.000000000000E+00   5.253504596350E-05  -7.562563755839E-06
   0.000000000000E+00   0.000000000000E+00   0.000000000000E+00   0.000000000000E+00   0.000000000000E+00   0.000000000000E+00   0.000000000000E+00   0.000000000000E+00   1.223869805363E-05  -1.727776778967E-06   0.000000000000E+00   0.000000000000E+00   0.000000000000E+00   0.000000000000E+00   0.000000000000E+00   0.000000000000E+00   0.000000000000E+00   0.000000000000E+00   4.495321764821E-05  -3.564696027583E-07
   0.000000000000E+00   0.000000000000E+00   0.000000000000E+00   0.000000000000E+00   0.000000000000E+00   0.000000000000E+00   0.000000000000E+00   0.000000000000E+00   4.493632099094E-06  -3.051963618853E-06   0.000000000000E+00   0.000000000000E+00   0.000000000000E+00   0.000000000000E+00   0.000000000000E+00   0.000000000000E+00   0.000000000000E+00   0.000000000000E+00   3.442257063562E-05   6.587617339983E-06
   0.000000000000E+00   0.000000000000E+00   0.000000000000E+00   0.000000000000E+00   0.000000000000E+00   0.000000000000E+00   0.000000000000E+00   0.000000000000E+00   8.926590253173E-07  -4.890153320794E-06   0.000000000000E+00   0.000000000000E+00   0.000000000000E+00   0.000000000000E+00   0.000000000000E+00   0.000000000000E+00   0.000000000000E+00   0.000000000000E+00   2.254779110658E-05   1.285928091502E-05


Spline
12 0.0553585
112.9353346817185 2.801373701455403 -0.1119994835253462
0.035 0.0375    0.204206 -35.71077211012958 2016.504000000031 24177.93762071238
0.0375 0.04    0.12791 -25.17491577974109 2197.838532155373 -120889.6881035729
0.04 0.0425    0.07682029999999999 -16.45240477090621 1291.165871378576 -57585.58520643491
0.0425 0.045    0.0428593 -11.07630513663398 859.2739823303137 16659.22892930921
0.045 0.04533    0.0207993 -6.467574682557872 984.2181993001326 -2167173.572075024
0.04533 0.045334    0.0186943 -6.526006277016704 -1161.283637054166 353213222.4907721
0.045334 0.046259    0.0186682 -6.518342311433599 3077.275032831984 -1324559.571220061
0.046259 0.047184    0.0142234 -4.225362350069925 -598.3777773036936 561811.1110751317
0.047184 0.0493131    0.0102476 -3.890262342340788 960.6480559297889 -100763.5210502349
0.0493131 0.0503195    0.00534702 -1.169934109375229 317.0412179256228 -143026.9144497911
0.0503195 0.0513259    0.00434492 -0.9663840979460291 -114.7856421811885 10348.58893883691
0.0513259 0.0553585    0.00326664 -1.165980214261954 -83.5411824570522 -5782.515169399558 27636944.82683195 -3877959552.095367

This SPLINE is just a DUMMY-SPLINE!!!!!!!!!!!!!!!

